COM,PMUN,PCAP,PTOT
L' Abergement-Clémenciat,776,18,794
L' Abergement-de-Varey,248,1,249
Ambérieu-en-Bugey,14035,393,14428
Ambérieux-en-Dombes,1689,34,1723
Ambléon,111,6,117
Ambronay,2726,115,2841
Ambutrix,752,15,767
Andert-et-Condon,330,9,339
Anglefort,1115,17,1132
Apremont,376,11,387
Aranc,326,4,330
Arandas,144,4,148
Arbent,3367,92,3459
Arbigny,463,5,468
Arboys en Bugey,644,17,661
Argis,442,16,458
Armix,28,1,29
Ars-sur-Formans,1408,30,1438
Artemare,1237,18,1255
Arvière-en-Valromey,713,22,735
Asnières-sur-Saône,66,0,66
Attignat,3211,64,3275
Bâgé-Dommartin,4092,108,4200
Bâgé-le-Châtel,923,60,983
Balan,2684,57,2741
Baneins,602,9,611
Béard-Géovreissiat,1051,28,1079
Beaupont,689,8,697
Beauregard,866,14,880
Béligneux,3333,29,3362
Belley,9103,396,9499
Belleydoux,314,8,322
Bellignat,3624,235,3859
Bénonces,298,4,302
Bény,756,21,777
Béon,454,8,462
Béréziat,496,5,501
Bettant,748,21,769
Bey,279,14,293
Beynost,4613,108,4721
Billiat,622,15,637
Birieux,283,4,287
Biziat,876,9,885
Blyes,1007,25,1032
Bohas-Meyriat-Rignat,913,21,934
La Boisse,3229,38,3267
Boissey,336,6,342
Bolozon,89,1,90
Bouligneux,328,6,334
Bourg-en-Bresse,41527,1779,43306
Bourg-Saint-Christophe,1366,29,1395
Boyeux-Saint-Jérôme,346,5,351
Boz,512,7,519
Brégnier-Cordon,839,13,852
Brénod,509,21,530
Brens,1166,27,1193
Bresse Vallons,2282,45,2327
Bressolles,911,20,931
Brion,521,7,528
Briord,1016,10,1026
Buellas,1782,63,1845
La Burbanche,77,1,78
Ceignes,254,13,267
Cerdon,783,14,797
Certines,1517,40,1557
Cessy,4856,116,4972
Ceyzériat,3157,61,3218
Ceyzérieu,1007,26,1033
Chalamont,2451,33,2484
Chaleins,1342,34,1376
Chaley,130,3,133
Challes-la-Montagne,194,3,197
Challex,1481,17,1498
Champagne-en-Valromey,820,31,851
Champdor-Corcelles,651,14,665
Champfromier,729,21,750
Chanay,625,14,639
Chaneins,910,15,925
Chanoz-Châtenay,844,17,861
La Chapelle-du-Châtelard,388,5,393
Charix,285,10,295
Charnoz-sur-Ain,913,27,940
Château-Gaillard,2138,49,2187
Châtenay,341,4,345
Châtillon-la-Palud,1584,68,1652
Châtillon-sur-Chalaronne,4859,201,5060
Chavannes-sur-Reyssouze,753,12,765
Chaveyriat,1008,29,1037
Chazey-Bons,1112,36,1148
Chazey-sur-Ain,1514,37,1551
Cheignieu-la-Balme,134,4,138
Chevillard,151,9,160
Chevroux,952,15,967
Chevry,1812,40,1852
Chézery-Forens,467,11,478
Civrieux,1680,56,1736
Cize,173,8,181
Cleyzieu,136,4,140
Coligny,1181,25,1206
Collonges,2219,46,2265
Colomieu,140,2,142
Conand,124,1,125
Condamine,411,37,448
Condeissiat,822,13,835
Confort,648,12,660
Confrançon,1336,29,1365
Contrevoz,499,11,510
Conzieu,148,2,150
Corbonod,1264,33,1297
Corlier,114,1,115
Cormoranche-sur-Saône,1138,37,1175
Cormoz,664,15,679
Corveissiat,621,13,634
Courmangoux,507,9,516
Courtes,313,2,315
Crans,266,4,270
Cressin-Rochefort,392,11,403
Crottet,1734,43,1777
Crozet,2138,63,2201
Cruzilles-lès-Mépillat,868,20,888
Culoz,3035,47,3082
Curciat-Dongalon,440,5,445
Curtafond,770,19,789
Cuzieu,448,15,463
Dagneux,4717,55,4772
Divonne-les-Bains,9644,234,9878
Dompierre-sur-Chalaronne,435,10,445
Dompierre-sur-Veyle,1166,21,1187
Domsure,486,3,489
Dortan,1846,44,1890
Douvres,1041,26,1067
Drom,216,5,221
Druillat,1159,19,1178
Échallon,757,20,777
Échenevex,2132,73,2205
Évosges,145,2,147
Faramans,806,12,818
Fareins,2204,42,2246
Farges,1038,11,1049
Feillens,3291,69,3360
Ferney-Voltaire,9766,162,9928
Flaxieu,68,3,71
Foissiat,2085,39,2124
Francheleins,1611,32,1643
Frans,2351,56,2407
Garnerans,647,25,672
Genouilleux,612,20,632
Géovreisset,874,43,917
Gex,13118,257,13375
Giron,183,4,187
Gorrevod,835,25,860
Grand-Corent,177,6,183
Grièges,1876,52,1928
Grilly,833,20,853
Groissiat,1229,52,1281
Groslée-Saint-Benoit,1193,36,1229
Guéreins,1452,25,1477
Haut Valromey,669,22,691
Hautecourt-Romanèche,777,20,797
Illiat,627,17,644
Injoux-Génissiat,1136,26,1162
Innimond,89,3,92
Izenave,156,4,160
Izernore,2247,62,2309
Izieu,235,7,242
Jassans-Riottier,6339,119,6458
Jasseron,1755,52,1807
Jayat,1182,12,1194
Journans,355,14,369
Joyeux,271,3,274
Jujurieux,2156,44,2200
Labalme,210,2,212
Lagnieu,7143,146,7289
Laiz,1212,39,1251
Lantenay,277,6,283
Lapeyrouse,316,12,328
Lavours,124,6,130
Léaz,739,15,754
Lélex,227,4,231
Lent,1405,34,1439
Lescheroux,735,8,743
Leyment,1303,29,1332
Leyssard,152,4,156
Lhuis,889,21,910
Lompnas,168,3,171
Loyettes,3146,30,3176
Lurcy,384,9,393
Magnieu,644,13,657
Maillat,635,13,648
Malafretaz,1216,24,1240
Mantenay-Montlin,313,7,320
Manziat,1963,49,2012
Marboz,2244,47,2291
Marchamp,131,3,134
Marignieu,172,3,175
Marlieux,1112,95,1207
Marsonnas,991,28,1019
Martignat,1654,66,1720
Massieux,2590,60,2650
Massignieu-de-Rives,614,14,628
Matafelon-Granges,641,17,658
Meillonnas,1335,33,1368
Mérignat,130,4,134
Messimy-sur-Saône,1224,32,1256
Meximieux,7743,128,7871
Mézériat,2172,37,2209
Mijoux,341,12,353
Mionnay,2100,47,2147
Miribel,9963,112,10075
Misérieux,1941,254,2195
Mogneneins,778,23,801
Montagnat,1992,48,2040
Montagnieu,622,12,634
Montanges,344,10,354
Montceaux,1195,36,1231
Montcet,691,15,706
Le Montellier,297,8,305
Monthieux,646,23,669
Montluel,6964,84,7048
Montmerle-sur-Saône,3793,66,3859
Montracol,1040,20,1060
Montréal-la-Cluse,3435,70,3505
Montrevel-en-Bresse,2489,42,2531
Murs-et-Gélignieux,252,4,256
Nantua,3446,138,3584
Neuville-les-Dames,1510,21,1531
Neuville-sur-Ain,1756,28,1784
Les Neyrolles,639,15,654
Neyron,2527,49,2576
Niévroz,1619,27,1646
Nivigne et Suran,814,11,825
Nivollet-Montgriffon,119,2,121
Nurieux-Volognat,1028,24,1052
Oncieu,89,6,95
Ordonnaz,141,1,142
Ornex,4410,165,4575
Outriaz,260,6,266
Oyonnax,22427,516,22943
Ozan,686,6,692
Parcieux,1206,29,1235
Parves et Nattages,942,38,980
Péron,2620,53,2673
Péronnas,6385,290,6675
Pérouges,1201,27,1228
Perrex,838,7,845
Peyriat,157,4,161
Peyrieu,873,15,888
Peyzieux-sur-Saône,661,13,674
Pirajoux,408,7,415
Pizay,820,14,834
Plagne,132,2,134
Le Plantay,564,9,573
Plateau d'Hauteville,4853,178,5031
Le Poizat-Lalleyriat,720,15,735
Polliat,2511,61,2572
Pollieu,159,6,165
Poncin,1703,35,1738
Pont-d'Ain,2964,29,2993
Pont-de-Vaux,2258,45,2303
Pont-de-Veyle,1625,65,1690
Port,849,20,869
Pougny,812,14,826
Pouillat,88,0,88
Prémeyzel,248,4,252
Prémillieu,45,0,45
Prévessin-Moëns,8233,198,8431
Priay,1729,34,1763
Ramasse,324,6,330
Rancé,727,17,744
Relevant,463,5,468
Replonges,3717,79,3796
Revonnas,905,29,934
Reyrieux,4797,132,4929
Reyssouze,980,13,993
Rignieux-le-Franc,971,17,988
Romans,590,4,594
Rossillon,151,6,157
Ruffieu,186,5,191
Saint-Alban,178,4,182
Saint-André-d'Huiriat,626,9,635
Saint-André-de-Bâgé,751,22,773
Saint-André-de-Corcy,3354,54,3408
Saint-André-le-Bouchoux,390,6,396
Saint-André-sur-Vieux-Jonc,1147,29,1176
Saint-Bénigne,1265,27,1292
Saint-Bernard,1433,42,1475
Saint-Cyr-sur-Menthon,1776,40,1816
Saint-Denis-en-Bugey,2309,27,2336
Saint-Denis-lès-Bourg,5747,161,5908
Saint-Didier-d'Aussiat,871,13,884
Saint-Didier-de-Formans,1960,69,2029
Saint-Didier-sur-Chalaronne,2875,63,2938
Saint-Éloi,456,5,461
Saint-Étienne-du-Bois,2448,37,2485
Saint-Étienne-sur-Chalaronne,1555,27,1582
Saint-Étienne-sur-Reyssouze,571,6,577
Saint-Genis-Pouilly,12544,181,12725
Saint-Genis-sur-Menthon,472,7,479
Saint-Georges-sur-Renon,214,5,219
Saint-Germain-de-Joux,501,5,506
Saint-Germain-les-Paroisses,434,3,437
Saint-Germain-sur-Renon,236,4,240
Saint-Jean-de-Gonville,1787,44,1831
Saint-Jean-de-Niost,1477,42,1519
Saint-Jean-de-Thurigneux,771,13,784
Saint-Jean-le-Vieux,1723,79,1802
Saint-Jean-sur-Reyssouze,744,7,751
Saint-Jean-sur-Veyle,1149,20,1169
Saint-Julien-sur-Reyssouze,749,4,753
Saint-Julien-sur-Veyle,817,15,832
Saint-Just,926,24,950
Saint-Laurent-sur-Saône,1722,27,1749
Saint-Marcel,1279,25,1304
Saint-Martin-de-Bavel,438,5,443
Saint-Martin-du-Frêne,1049,36,1085
Saint-Martin-du-Mont,1826,45,1871
Saint-Martin-le-Châtel,787,20,807
Saint-Maurice-de-Beynost,3967,39,4006
Saint-Maurice-de-Gourdans,2572,53,2625
Saint-Maurice-de-Rémens,756,9,765
Saint-Nizier-le-Bouchoux,680,12,692
Saint-Nizier-le-Désert,916,19,935
Saint-Paul-de-Varax,1529,20,1549
Saint-Rambert-en-Bugey,2269,33,2302
Saint-Rémy,994,23,1017
Saint-Sorlin-en-Bugey,1157,62,1219
Saint-Sulpice,257,4,261
Saint-Trivier-de-Courtes,1093,9,1102
Saint-Trivier-sur-Moignans,1799,41,1840
Saint-Vulbas,1286,20,1306
Sainte-Croix,570,8,578
Sainte-Euphémie,1667,28,1695
Sainte-Julie,1017,17,1034
Sainte-Olive,283,2,285
Salavre,272,9,281
Samognat,653,27,680
Sandrans,530,5,535
Sault-Brénaz,953,13,966
Sauverny,1009,21,1030
Savigneux,1351,16,1367
Ségny,2062,50,2112
Seillonnaz,137,3,140
Sergy,2084,40,2124
Sermoyer,668,20,688
Serrières-de-Briord,1264,18,1282
Serrières-sur-Ain,134,2,136
Servas,1247,28,1275
Servignat,175,1,176
Seyssel,999,18,1017
Simandre-sur-Suran,671,12,683
Sonthonnax-la-Montagne,312,7,319
Souclin,273,6,279
Sulignat,586,12,598
Surjoux-Lhopital,131,3,134
Talissieu,450,10,460
Tenay,1035,12,1047
Thil,1088,25,1113
Thoiry,6038,177,6215
Thoissey,1741,15,1756
Torcieu,726,16,742
Tossiat,1362,36,1398
Toussieux,1091,20,1111
Tramoyes,1681,43,1724
La Tranclière,286,7,293
Trévoux,6845,164,7009
Val-Revermont,2601,53,2654
Valeins,130,1,131
Valromey-sur-Séran,1311,18,1329
Valserhône,16423,381,16804
Vandeins,687,13,700
Varambon,584,14,598
Vaux-en-Bugey,1224,30,1254
Verjon,295,2,297
Vernoux,330,1,331
Versailleux,438,9,447
Versonnex,2176,70,2246
Vesancy,484,11,495
Vescours,241,5,246
Vésines,99,4,103
Vieu-d'Izenave,707,17,724
Villars-les-Dombes,4795,89,4884
Villebois,1173,17,1190
Villemotier,656,22,678
Villeneuve,1501,36,1537
Villereversure,1291,48,1339
Villes,376,8,384
Villette-sur-Ain,755,12,767
Villieu-Loyes-Mollon,3653,64,3717
Viriat,6418,148,6566
Virieu-le-Grand,1081,25,1106
Virignin,1097,21,1118
Vongnes,70,2,72
Vonnas,2961,58,3019
Abbécourt,498,8,506
Achery,598,8,606
Acy,1012,23,1035
Agnicourt-et-Séchelles,177,8,185
Aguilcourt,384,8,392
Aisonville-et-Bernoville,255,9,264
Aizelles,125,1,126
Aizy-Jouy,291,4,295
Alaincourt,543,6,549
Allemant,177,4,181
Ambleny,1155,54,1209
Ambrief,70,0,70
Amifontaine,404,9,413
Amigny-Rouy,744,14,758
Ancienville,75,0,75
Andelain,228,9,237
Anguilcourt-le-Sart,315,4,319
Anizy-le-Grand,2533,51,2584
Annois,364,5,369
Any-Martin-Rieux,456,4,460
Archon,87,3,90
Arcy-Sainte-Restitue,403,6,409
Armentières-sur-Ourcq,103,3,106
Arrancy,53,0,53
Artemps,371,2,373
Assis-sur-Serre,222,8,230
Athies-sous-Laon,2604,59,2663
Attilly,363,12,375
Aubencheul-aux-Bois,269,4,273
Aubenton,657,6,663
Aubigny-aux-Kaisnes,253,4,257
Aubigny-en-Laonnois,105,2,107
Audignicourt,118,4,122
Audigny,279,8,287
Augy,82,1,83
Aulnois-sous-Laon,1422,31,1453
Les Autels,57,0,57
Autremencourt,169,3,172
Autreppes,178,4,182
Autreville,814,13,827
Azy-sur-Marne,389,2,391
Bagneux,69,1,70
Bancigny,26,0,26
Barenton-Bugny,555,8,563
Barenton-Cel,114,6,120
Barenton-sur-Serre,134,4,138
Barisis-aux-Bois,740,12,752
Barzy-en-Thiérache,330,2,332
Barzy-sur-Marne,384,6,390
Bassoles-Aulers,139,6,145
Bazoches-sur-Vesles,460,4,464
Beaumé,92,2,94
Beaumont-en-Beine,177,1,178
Beaurevoir,1424,19,1443
Beaurieux,844,10,854
Beautor,2699,28,2727
Beauvois-en-Vermandois,268,7,275
Becquigny,250,7,257
Belleau,136,4,140
Bellenglise,381,9,390
Belleu,3810,51,3861
Bellicourt,602,12,614
Benay,204,2,206
Bergues-sur-Sambre,213,6,219
Berlancourt,103,5,108
Berlise,111,2,113
Bernot,452,12,464
Berny-Rivière,651,16,667
Berrieux,188,1,189
Berry-au-Bac,653,5,658
Bertaucourt-Epourdon,604,10,614
Berthenicourt,199,2,201
Bertricourt,162,3,165
Berzy-le-Sec,385,9,394
Besmé,160,2,162
Besmont,152,0,152
Besny-et-Loizy,350,10,360
Béthancourt-en-Vaux,440,8,448
Beugneux,111,0,111
Beuvardes,749,15,764
Bézu-le-Guéry,260,5,265
Bézu-Saint-Germain,1043,26,1069
Bichancourt,1048,10,1058
Bieuxy,30,1,31
Bièvres,88,3,91
Billy-sur-Aisne,1154,21,1175
Billy-sur-Ourcq,213,10,223
Blanzy-lès-Fismes,106,1,107
Blérancourt,1290,58,1348
Blesmes,447,9,456
Bohain-en-Vermandois,5664,90,5754
Bois-lès-Pargny,201,3,204
Boncourt,259,2,261
Bonneil,375,14,389
Bonnesvalyn,236,5,241
Bony,137,1,138
Bosmont-sur-Serre,193,5,198
Bouconville-Vauclair,187,6,193
Boué,1324,15,1339
Bouffignereux,102,4,106
Bouresches,202,5,207
Bourg-et-Comin,822,11,833
Bourguignon-sous-Coucy,103,4,107
Bourguignon-sous-Montbavin,158,4,162
La Bouteille,486,10,496
Braine,2213,25,2238
Brancourt-en-Laonnois,708,12,720
Brancourt-le-Grand,565,13,578
Brasles,1529,36,1565
Bray-Saint-Christophe,67,0,67
Braye,121,2,123
Braye-en-Laonnois,203,6,209
Braye-en-Thiérache,146,1,147
Brécy,340,7,347
Brenelle,195,4,199
Breny,244,4,248
Brie,53,2,55
Brissay-Choigny,303,6,309
Brissy-Hamégicourt,653,10,663
Brumetz,213,3,216
Brunehamel,456,5,461
Bruyères-et-Montbérault,1532,36,1568
Bruyères-sur-Fère,189,5,194
Bruys,19,0,19
Bucilly,193,7,200
Bucy-le-Long,1880,42,1922
Bucy-lès-Cerny,203,3,206
Bucy-lès-Pierrepont,411,6,417
Buire,869,17,886
Buironfosse,1168,16,1184
Burelles,128,4,132
Bussiares,152,0,152
Buzancy,190,2,192
Caillouël-Crépigny,438,8,446
Camelin,454,7,461
La Capelle,1788,79,1867
Castres,244,5,249
Le Catelet,192,6,198
Caulaincourt,145,3,148
Caumont,546,18,564
Celles-lès-Condé,87,1,88
Celles-sur-Aisne,258,2,260
Cerizy,67,0,67
Cerny-en-Laonnois,64,0,64
Cerny-lès-Bucy,115,3,118
Cerseuil,89,1,90
Cessières-Suzy,763,20,783
Chacrise,361,7,368
Chaillevois,174,5,179
Chalandry,253,1,254
Chambry,848,12,860
Chamouille,284,2,286
Champs,280,3,283
Chaourse,539,11,550
La Chapelle-sur-Chézy,278,5,283
Charly-sur-Marne,2617,42,2659
Le Charmel,316,7,323
Charmes,1652,28,1680
Chartèves,352,9,361
Chassemy,881,14,895
Château-Thierry,15107,379,15486
Châtillon-lès-Sons,83,0,83
Châtillon-sur-Oise,127,3,130
Chaudardes,87,1,88
Chaudun,249,10,259
Chauny,11878,439,12317
Chavignon,818,24,842
Chavigny,150,4,154
Chavonne,205,3,208
Chérêt,142,2,144
Chermizy-Ailles,106,2,108
Chéry-Chartreuve,392,10,402
Chéry-lès-Pouilly,710,8,718
Chéry-lès-Rozoy,80,1,81
Chevennes,125,3,128
Chevregny,187,1,188
Chevresis-Monceau,355,5,360
Chézy-en-Orxois,404,15,419
Chézy-sur-Marne,1353,45,1398
Chierry,1109,15,1124
Chigny,149,4,153
Chivres-en-Laonnois,362,8,370
Chivres-Val,530,12,542
Chivy-lès-Étouvelles,510,5,515
Chouy,370,7,377
Cierges,66,1,67
Cilly,193,8,201
Ciry-Salsogne,930,9,939
Clacy-et-Thierret,314,7,321
Clairfontaine,552,86,638
Clamecy,228,2,230
Clastres,635,9,644
Clermont-les-Fermes,120,1,121
Coincy,1310,19,1329
Coingt,68,1,69
Colligis-Crandelain,248,3,251
Colonfay,78,3,81
Commenchon,214,3,217
Concevreux,278,5,283
Condé-en-Brie,685,10,695
Condé-sur-Aisne,360,6,366
Condé-sur-Suippe,285,3,288
Condren,707,11,718
Connigis,332,2,334
Contescourt,61,1,62
Corbeny,801,6,807
Corcy,306,4,310
Coucy-la-Ville,219,70,289
Coucy-le-Château-Auffrique,1014,17,1031
Coucy-lès-Eppes,624,12,636
Coulonges-Cohan,436,15,451
Coupru,149,5,154
Courbes,31,0,31
Courboin,300,12,312
Courcelles-sur-Vesle,350,4,354
Courchamps,88,2,90
Courmelles,1826,30,1856
Courmont,133,1,134
Courtemont-Varennes,333,6,339
Courtrizy-et-Fussigny,66,1,67
Couvrelles,188,11,199
Couvron-et-Aumencourt,938,9,947
Coyolles,344,21,365
Cramaille,143,8,151
Craonne,82,0,82
Craonnelle,117,3,120
Crécy-au-Mont,346,3,349
Crécy-sur-Serre,1498,17,1515
Crépy,1837,31,1868
Crézancy,1230,84,1314
Croix-Fonsomme,257,3,260
La Croix-sur-Ourcq,105,2,107
Crouttes-sur-Marne,647,11,658
Crouy,2905,47,2952
Crupilly,64,3,67
Cuffies,1789,35,1824
Cugny,606,5,611
Cuirieux,157,3,160
Cuiry-Housse,102,0,102
Cuiry-lès-Chaudardes,76,4,80
Cuiry-lès-Iviers,28,1,29
Cuissy-et-Geny,71,2,73
Cuisy-en-Almont,355,3,358
Cutry,128,5,133
Cys-la-Commune,143,2,145
Cœuvres-et-Valsery,438,6,444
Dagny-Lambercy,125,3,128
Dallon,436,13,449
Dammard,379,13,392
Dampleux,398,15,413
Danizy,650,11,661
Dercy,391,9,400
Deuillet,216,3,219
Dhuizel,114,0,114
Dhuys et Morin-en-Brie,818,16,834
Dizy-le-Gros,747,15,762
Dohis,99,2,101
Dolignon,49,2,51
Dommiers,289,10,299
Domptin,654,14,668
Dorengt,154,6,160
Douchy,162,4,166
Dravegny,132,2,134
Droizy,75,2,77
Dury,222,5,227
Ébouleau,200,6,206
Effry,324,5,329
Englancourt,122,5,127
Épagny,340,6,346
Éparcy,30,6,36
Épaux-Bézu,556,19,575
Épieds,392,12,404
L' Épine-aux-Bois,261,11,272
Eppes,417,14,431
Erlon,284,9,293
Erloy,97,1,98
Esquéhéries,858,11,869
Essigny-le-Grand,1022,24,1046
Essigny-le-Petit,344,5,349
Essises,417,11,428
Essômes-sur-Marne,2776,75,2851
Estrées,412,8,420
Étampes-sur-Marne,1253,27,1280
Étaves-et-Bocquiaux,557,10,567
Étouvelles,213,8,221
Étréaupont,859,8,867
Étreillers,1208,21,1229
Étrépilly,118,1,119
Étreux,1459,9,1468
Évergnicourt,570,6,576
Faverolles,317,12,329
Fayet,654,17,671
La Fère,2859,140,2999
Fère-en-Tardenois,3053,55,3108
La Ferté-Chevresis,542,8,550
La Ferté-Milon,2085,158,2243
Fesmy-le-Sart,486,8,494
Festieux,680,5,685
Fieulaine,256,7,263
Filain,129,2,131
La Flamengrie,1118,10,1128
Flavigny-le-Grand-et-Beaurain,468,5,473
Flavy-le-Martel,1687,29,1716
Fleury,136,5,141
Fluquières,220,4,224
Folembray,1386,18,1404
Fonsomme,469,7,476
Fontaine-lès-Clercs,250,4,254
Fontaine-lès-Vervins,913,182,1095
Fontaine-Notre-Dame,389,3,392
Fontaine-Uterte,127,4,131
Fontenelle,277,3,280
Fontenoy,489,9,498
Foreste,165,1,166
Fossoy,524,6,530
Fourdrain,419,9,428
Francilly-Selency,474,7,481
Franqueville,113,3,116
Fresnes-en-Tardenois,268,4,272
Fresnes-sous-Coucy,161,0,161
Fresnoy-le-Grand,2945,69,3014
Fressancourt,192,5,197
Frières-Faillouël,998,15,1013
Froidestrées,176,4,180
Froidmont-Cohartille,261,8,269
Gandelu,687,9,696
Gauchy,5276,84,5360
Gercy,277,1,278
Gergny,135,2,137
Germaine,81,0,81
Gibercourt,42,1,43
Gizy,672,12,684
Gland,450,6,456
Goudelancourt-lès-Berrieux,57,0,57
Goudelancourt-lès-Pierrepont,135,2,137
Goussancourt,116,6,122
Gouy,560,10,570
Grand-Rozoy,304,5,309
Grand-Verly,138,0,138
Grandlup-et-Fay,301,11,312
Grandrieux,83,2,85
Gricourt,980,27,1007
Grisolles,252,2,254
Gronard,73,2,75
Grougis,358,5,363
Grugies,1355,27,1382
Guise,4824,105,4929
Guivry,243,11,254
Guny,423,4,427
Guyencourt,253,5,258
Hannapes,318,6,324
Happencourt,133,4,137
Haramont,580,8,588
Harcigny,242,2,244
Hargicourt,598,4,602
Harly,1610,36,1646
Hartennes-et-Taux,371,10,381
Hary,208,5,213
Hautevesnes,167,3,170
Hauteville,166,5,171
Haution,144,7,151
La Hérie,143,6,149
Le Hérie-la-Viéville,230,121,351
Hinacourt,25,1,26
Hirson,8813,188,9001
Holnon,1387,40,1427
Homblières,1464,46,1510
Houry,53,2,55
Housset,149,7,156
Iron,239,2,241
Itancourt,1031,35,1066
Iviers,232,2,234
Jaulgonne,645,16,661
Jeancourt,271,2,273
Jeantes,205,0,205
Joncourt,299,3,302
Jouaignes,144,5,149
Jumencourt,146,6,152
Jumigny,64,1,65
Jussy,1260,18,1278
Juvigny,277,4,281
Juvincourt-et-Damary,599,5,604
Laffaux,149,4,153
Laigny,196,1,197
Lanchy,37,1,38
Landifay-et-Bertaignemont,269,7,276
Landouzy-la-Cour,187,0,187
Landouzy-la-Ville,541,5,546
Landricourt,137,5,142
Laniscourt,182,5,187
Laon,24876,673,25549
Lappion,268,4,272
Largny-sur-Automne,244,11,255
Latilly,208,5,213
Launoy,99,1,100
Laval-en-Laonnois,250,4,254
Lavaqueresse,202,5,207
Laversine,159,4,163
Lehaucourt,877,8,885
Lemé,430,11,441
Lempire,100,0,100
Lerzy,213,4,217
Leschelle,270,9,279
Lesdins,832,12,844
Lesges,102,1,103
Lesquielles-Saint-Germain,810,7,817
Leuilly-sous-Coucy,420,8,428
Leury,106,0,106
Leuze,173,3,176
Levergies,545,10,555
Lhuys,141,1,142
Licy-Clignon,74,2,76
Lierval,118,1,119
Liesse-Notre-Dame,1298,106,1404
Liez,391,10,401
Limé,187,3,190
Lislet,225,10,235
Logny-lès-Aubenton,74,0,74
Longpont,262,9,271
Lor,142,0,142
Louâtre,199,3,202
Loupeigne,91,1,92
Lucy-le-Bocage,195,7,202
Lugny,114,0,114
Luzoir,285,6,291
Ly-Fontaine,121,1,122
Maast-et-Violaine,147,5,152
Mâchecourt,122,3,125
Macogny,73,3,76
Macquigny,376,2,378
Magny-la-Fosse,125,1,126
Maissemy,239,7,246
Maizy,411,3,414
La Malmaison,410,3,413
Malzy,203,1,204
Manicamp,307,4,311
Marchais,435,3,438
Marcy,173,8,181
Marcy-sous-Marle,192,3,195
Marest-Dampcourt,369,6,375
Mareuil-en-Dôle,240,2,242
Marfontaine,86,2,88
Margival,370,2,372
Marigny-en-Orxois,485,5,490
Marizy-Saint-Mard,50,1,51
Marizy-Sainte-Geneviève,130,0,130
Marle,2268,37,2305
Marly-Gomont,475,15,490
Martigny,434,12,446
Martigny-Courpierre,124,2,126
Mauregny-en-Haye,420,4,424
Mayot,211,1,212
Mennessis,408,4,412
Mennevret,651,12,663
Mercin-et-Vaux,962,21,983
Merlieux-et-Fouquerolles,259,8,267
Mesbrecourt-Richecourt,305,2,307
Mesnil-Saint-Laurent,476,16,492
Meurival,52,0,52
Mézières-sur-Oise,516,8,524
Mézy-Moulins,517,8,525
Missy-aux-Bois,97,3,100
Missy-lès-Pierrepont,108,1,109
Missy-sur-Aisne,640,18,658
Molain,152,1,153
Molinchart,329,8,337
Monampteuil,131,7,138
Monceau-le-Neuf-et-Faucouzy,319,9,328
Monceau-le-Waast,220,6,226
Monceau-lès-Leups,473,7,480
Monceau-sur-Oise,128,2,130
Mondrepuis,1040,15,1055
Monnes,104,0,104
Mons-en-Laonnois,1152,28,1180
Mont-d'Origny,847,4,851
Mont-Notre-Dame,736,7,743
Mont-Saint-Jean,75,2,77
Mont-Saint-Martin,74,2,76
Mont-Saint-Père,700,14,714
Montaigu,761,10,771
Montbavin,44,2,46
Montbrehain,810,19,829
Montchâlons,84,2,86
Montcornet,1338,9,1347
Montescourt-Lizerolles,1648,31,1679
Montfaucon,203,5,208
Montgobert,193,6,199
Montgru-Saint-Hilaire,32,1,33
Monthenault,152,6,158
Monthiers,161,4,165
Monthurel,151,2,153
Montigny-en-Arrouaise,291,4,295
Montigny-l'Allier,274,5,279
Montigny-le-Franc,142,2,144
Montigny-Lengrain,702,16,718
Montigny-lès-Condé,59,6,65
Montigny-sous-Marle,63,1,64
Montigny-sur-Crécy,315,5,320
Montlevon,301,3,304
Montloué,187,4,191
Montreuil-aux-Lions,1369,14,1383
Morcourt,574,14,588
Morgny-en-Thiérache,89,3,92
Morsain,444,9,453
Mortefontaine,233,5,238
Mortiers,187,1,188
Moulins,76,1,77
Moussy-Verneuil,123,1,124
Moÿ-de-l'Aisne,975,18,993
Muret-et-Crouttes,119,8,127
Muscourt,52,1,53
Nampcelles-la-Cour,118,4,122
Nampteuil-sous-Muret,103,1,104
Nanteuil-la-Fosse,193,1,194
Nanteuil-Notre-Dame,62,0,62
Nauroy,703,9,712
Nesles-la-Montagne,1230,35,1265
Neufchâtel-sur-Aisne,423,7,430
Neuflieux,91,2,93
Neuilly-Saint-Front,2078,34,2112
Neuve-Maison,611,14,625
La Neuville-Bosmont,187,2,189
La Neuville-en-Beine,197,3,200
La Neuville-Housset,67,2,69
La Neuville-lès-Dorengt,380,6,386
Neuville-Saint-Amand,842,20,862
Neuville-sur-Ailette,105,2,107
Neuville-sur-Margival,117,0,117
Neuvillette,186,9,195
Nizy-le-Comte,244,4,248
Nogent-l'Artaud,2167,47,2214
Nogentel,1012,23,1035
Noircourt,81,0,81
Noroy-sur-Ourcq,130,0,130
Le Nouvion-en-Thiérache,2602,28,2630
Nouvion-et-Catillon,474,4,478
Nouvion-le-Comte,249,9,258
Nouvion-le-Vineux,165,3,168
Nouvron-Vingré,225,2,227
Noyales,167,3,170
Noyant-et-Aconin,502,5,507
Ognes,1113,22,1135
Ohis,303,8,311
Oigny-en-Valois,155,4,159
Oisy,466,3,469
Ollezy,184,0,184
Omissy,714,81,795
Orainville,507,9,516
Orgeval,66,2,68
Origny-en-Thiérache,1453,28,1481
Origny-Sainte-Benoite,1685,16,1701
Osly-Courtil,326,8,334
Ostel,80,1,81
Oulches-la-Vallée-Foulon,85,1,86
Oulchy-la-Ville,122,9,131
Oulchy-le-Château,823,10,833
Paars,314,1,315
Paissy,75,2,77
Pancy-Courtecon,56,2,58
Papleux,128,0,128
Parcy-et-Tigny,256,7,263
Parfondeval,142,6,148
Parfondru,352,7,359
Pargnan,74,3,77
Pargny-Filain,259,0,259
Pargny-la-Dhuys,170,4,174
Pargny-les-Bois,131,1,132
Parpeville,189,6,195
Pasly,1019,20,1039
Passy-en-Valois,148,7,155
Passy-sur-Marne,126,2,128
Pavant,781,15,796
Pernant,650,22,672
Petit-Verly,149,0,149
Pierremande,279,2,281
Pierrepont,370,6,376
Pignicourt,197,2,199
Pinon,1765,15,1780
Pithon,83,1,84
Pleine-Selve,172,4,176
Le Plessier-Huleu,71,3,74
Ploisy,77,2,79
Plomion,462,2,464
Ployart-et-Vaurseine,21,0,21
Pommiers,688,11,699
Pont-Arcy,127,1,128
Pont-Saint-Mard,205,3,208
Pontavert,610,9,619
Pontru,251,10,261
Pontruet,344,5,349
Pouilly-sur-Serre,502,3,505
Prémont,700,13,713
Prémontré,661,0,661
Presles-et-Boves,360,9,369
Presles-et-Thierny,385,15,400
Priez,52,0,52
Prisces,103,3,106
Proisy,274,65,339
Proix,144,2,146
Prouvais,319,7,326
Proviseux-et-Plesnoy,120,3,123
Puiseux-en-Retz,214,6,220
Puisieux-et-Clanlieu,289,9,298
Quierzy,420,6,426
Quincy-Basse,60,1,61
Quincy-sous-le-Mont,61,0,61
Raillimont,79,4,83
Ramicourt,150,5,155
Regny,201,5,206
Remaucourt,299,10,309
Remies,235,1,236
Remigny,351,8,359
Renansart,164,4,168
Renneval,113,3,116
Résigny,186,1,187
Ressons-le-Long,772,8,780
Retheuil,359,13,372
Reuilly-Sauvigny,201,9,210
Ribeauville,63,0,63
Ribemont,1982,27,2009
Rocourt-Saint-Martin,289,4,293
Rocquigny,361,5,366
Rogécourt,105,1,106
Rogny,112,1,113
Romeny-sur-Marne,504,13,517
Romery,82,1,83
Ronchères,112,3,115
Roucy,394,11,405
Rougeries,243,4,247
Roupy,230,7,237
Rouvroy,510,12,522
Rouvroy-sur-Serre,39,2,41
Royaucourt-et-Chailvet,252,3,255
Rozet-Saint-Albin,309,11,320
Rozières-sur-Crise,227,5,232
Rozoy-Bellevalle,116,3,119
Rozoy-sur-Serre,1007,15,1022
Saconin-et-Breuil,228,7,235
Sains-Richaumont,1043,20,1063
Saint-Algis,156,0,156
Saint-Aubin,291,5,296
Saint-Bandry,267,4,271
Saint-Christophe-à-Berry,447,5,452
Saint-Clément,50,0,50
Saint-Erme-Outre-et-Ramecourt,1726,37,1763
Saint-Eugène,244,2,246
Saint-Gengoulph,148,4,152
Saint-Gobain,2282,38,2320
Saint-Gobert,267,5,272
Saint-Mard,112,3,115
Saint-Martin-Rivière,115,3,118
Saint-Michel,3417,58,3475
Saint-Nicolas-aux-Bois,119,1,120
Saint-Paul-aux-Bois,389,4,393
Saint-Pierre-Aigle,334,9,343
Saint-Pierre-lès-Franqueville,53,2,55
Saint-Pierremont,43,1,44
Saint-Quentin,53816,1282,55098
Saint-Rémy-Blanzy,219,3,222
Saint-Simon,635,8,643
Saint-Thibaut,78,0,78
Saint-Thomas,80,4,84
Sainte-Croix,130,1,131
Sainte-Geneviève,71,0,71
Sainte-Preuve,82,1,83
Samoussy,387,4,391
Sancy-les-Cheminots,100,2,102
Saponay,289,5,294
Saulchery,724,8,732
Savy,609,22,631
Seboncourt,1097,12,1109
Selens,250,4,254
La Selve,217,6,223
Septmonts,560,11,571
Les Septvallons,1180,20,1200
Septvaux,179,0,179
Sequehart,209,8,217
Serain,405,9,414
Seraucourt-le-Grand,769,17,786
Serches,309,7,316
Sergy,151,3,154
Seringes-et-Nesles,276,4,280
Sermoise,349,2,351
Servais,287,6,293
Serval,52,2,54
Séry-lès-Mézières,576,11,587
Silly-la-Poterie,126,2,128
Sinceny,2040,42,2082
Sissonne,2055,78,2133
Sissy,476,2,478
Soissons,28530,646,29176
Soize,101,1,102
Sommelans,61,1,62
Sommeron,142,9,151
Sommette-Eaucourt,193,1,194
Sons-et-Ronchères,240,0,240
Sorbais,274,4,278
Soucy,97,1,98
Soupir,273,6,279
Le Sourd,168,2,170
Surfontaine,102,0,102
Taillefontaine,276,6,282
Tannières,16,0,16
Tartiers,166,5,171
Tavaux-et-Pontséricourt,569,12,581
Tergnier,13456,186,13642
Terny-Sorny,330,6,336
Thenailles,220,7,227
Thenelles,550,5,555
Thiernu,102,0,102
Le Thuel,168,1,169
Torcy-en-Valois,73,2,75
Toulis-et-Attencourt,128,2,130
Travecy,670,9,679
Trefcon,85,0,85
Trélou-sur-Marne,948,19,967
Troësnes,224,7,231
Trosly-Loire,613,11,624
Trucy,145,3,148
Tugny-et-Pont,275,4,279
Tupigny,335,3,338
Ugny-le-Gay,182,2,184
Urcel,585,9,594
Urvillers,659,11,670
Vadencourt,540,9,549
Vailly-sur-Aisne,2003,37,2040
La Vallée-au-Blé,365,3,368
La Vallée-Mulâtre,148,3,151
Vallées en Champagne,570,5,575
Variscourt,197,4,201
Vassens,151,5,156
Vasseny,215,4,219
Vassogne,87,3,90
Vaucelles-et-Beffecourt,265,9,274
Vaudesson,238,6,244
Vaux-Andigny,923,13,936
Vaux-en-Vermandois,153,1,154
Vauxaillon,540,6,546
Vauxbuin,786,20,806
Vauxrezis,324,3,327
Vauxtin,39,0,39
Vendelles,117,1,118
Vendeuil,951,12,963
Vendhuile,556,12,568
Vendières,160,8,168
Vendresse-Beaulne,102,1,103
Vénérolles,223,3,226
Venizel,1378,17,1395
Verdilly,461,16,477
Le Verguier,219,2,221
Vermand,1092,31,1123
Verneuil-sous-Coucy,129,3,132
Verneuil-sur-Serre,254,2,256
Versigny,468,7,475
Vervins,2552,108,2660
Vesles-et-Caumont,231,3,234
Veslud,242,6,248
Veuilly-la-Poterie,155,7,162
Vézaponin,125,1,126
Vézilly,185,4,189
Vic-sur-Aisne,1645,31,1676
Vichel-Nanteuil,87,0,87
Viel-Arcy,179,1,180
Viels-Maisons,1234,13,1247
Vierzy,435,10,445
Viffort,320,5,325
Vigneux-Hocquet,268,3,271
La Ville-aux-Bois-lès-Dizy,207,0,207
La Ville-aux-Bois-lès-Pontavert,143,5,148
Ville-Savoye,82,1,83
Villemontoire,186,3,189
Villeneuve-Saint-Germain,2490,43,2533
Villeneuve-sur-Aisne,2704,36,2740
Villeneuve-sur-Fère,285,6,291
Villequier-Aumont,646,25,671
Villeret,300,6,306
Villers-Agron-Aiguizy,74,3,77
Villers-Cotterêts,10872,437,11309
Villers-Hélon,217,6,223
Villers-le-Sec,267,8,275
Villers-lès-Guise,169,1,170
Villers-Saint-Christophe,435,12,447
Villers-sur-Fère,527,6,533
Villiers-Saint-Denis,1127,11,1138
Vincy-Reuil-et-Magny,117,1,118
Viry-Noureuil,1695,48,1743
Vivaise,698,21,719
Vivières,394,12,406
Voharies,73,0,73
Vorges,370,8,378
Voulpaix,372,7,379
Voyenne,324,2,326
Vregny,93,0,93
Vuillery,43,1,44
Wassigny,959,16,975
Watigny,379,6,385
Wiège-Faty,200,5,205
Wimy,487,7,494
Wissignicourt,167,6,173
Œuilly,290,3,293
Abrest,2931,47,2978
Agonges,309,14,323
Ainay-le-Château,994,26,1020
Andelaroche,258,7,265
Archignat,336,4,340
Arfeuilles,648,17,665
Arpheuilles-Saint-Priest,356,7,363
Arronnes,374,14,388
Aubigny,139,29,168
Audes,433,14,447
Aurouër,413,9,422
Autry-Issards,325,6,331
Avermes,3966,98,4064
Avrilly,135,3,138
Bagneux,321,10,331
Barberier,143,2,145
Barrais-Bussolles,192,6,198
Bayet,698,14,712
Beaulon,1651,24,1675
Beaune-d'Allier,291,7,298
Bègues,227,2,229
Bellenaves,1020,19,1039
Bellerive-sur-Allier,8500,263,8763
Bert,243,6,249
Bessay-sur-Allier,1335,30,1365
Besson,768,18,786
Bézenet,948,23,971
Billezois,379,9,388
Billy,781,12,793
Biozat,845,15,860
Bizeneuille,294,9,303
Blomard,247,3,250
Bost,188,4,192
Boucé,508,12,520
Le Bouchaud,214,4,218
Bourbon-l'Archambault,2559,73,2632
Braize,257,3,260
Bransat,512,7,519
Bresnay,383,7,390
Bressolles,1113,28,1141
Le Brethon,325,12,337
Le Breuil,532,17,549
Broût-Vernet,1169,75,1244
Brugheas,1484,33,1517
Busset,910,20,930
Buxières-les-Mines,1058,30,1088
La Celle,413,10,423
Cérilly,1311,24,1335
Cesset,416,10,426
La Chabanne,186,11,197
Chambérat,305,6,311
Chamblet,1097,29,1126
Chantelle,1077,23,1100
Chapeau,232,6,238
La Chapelaude,1007,15,1022
La Chapelle,370,13,383
La Chapelle-aux-Chasses,210,3,213
Chappes,229,6,235
Chareil-Cintrat,358,7,365
Charmeil,983,16,999
Charmes,398,6,404
Charroux,362,8,370
Chassenard,989,21,1010
Château-sur-Allier,179,2,181
Châtel-de-Neuvre,542,9,551
Châtel-Montagne,347,5,352
Châtelperron,146,4,150
Châtelus,108,1,109
Châtillon,314,6,320
Chavenon,134,1,135
Chavroches,247,3,250
Chazemais,495,12,507
Chemilly,639,12,651
Chevagnes,663,16,679
Chezelle,175,2,177
Chézy,243,5,248
Chirat-l'Église,128,3,131
Chouvigny,227,8,235
Cindré,301,8,309
Cognat-Lyonne,694,10,704
Colombier,332,12,344
Commentry,6239,188,6427
Contigny,592,12,604
Cosne-d'Allier,2039,34,2073
Coulandon,650,62,712
Coulanges,354,3,357
Couleuvre,581,7,588
Courçais,325,2,327
Coutansouze,154,1,155
Couzon,299,8,307
Créchy,455,9,464
Cressanges,626,15,641
Creuzier-le-Neuf,1166,26,1192
Creuzier-le-Vieux,3304,101,3405
Cusset,12661,481,13142
Deneuille-lès-Chantelle,81,2,83
Deneuille-les-Mines,362,9,371
Désertines,4422,86,4508
Deux-Chaises,392,9,401
Diou,1398,25,1423
Domérat,8780,166,8946
Dompierre-sur-Besbre,3040,57,3097
Le Donjon,1069,27,1096
Doyet,1183,31,1214
Droiturier,336,7,343
Durdat-Larequille,1328,118,1446
Ébreuil,1265,29,1294
Échassières,385,7,392
Escurolles,775,32,807
Espinasse-Vozelle,991,27,1018
Estivareilles,1103,16,1119
Étroussat,655,9,664
Ferrières-sur-Sichon,552,17,569
La Ferté-Hauterive,296,10,306
Fleuriel,335,4,339
Fourilles,195,5,200
Franchesse,471,12,483
Gannat,5832,200,6032
Gannay-sur-Loire,409,4,413
Garnat-sur-Engièvre,705,12,717
Gennetines,670,15,685
Gipcy,238,6,244
Gouise,219,3,222
La Guillermie,127,2,129
Haut-Bocage,888,20,908
Hauterive,1169,14,1183
Hérisson,622,10,632
Huriel,2646,56,2702
Hyds,320,14,334
Isle-et-Bardais,272,6,278
Isserpent,534,13,547
Jaligny-sur-Besbre,575,15,590
Jenzat,508,15,523
Laféline,197,3,200
Lalizolle,380,9,389
Lamaids,222,5,227
Langy,272,6,278
Lapalisse,3123,78,3201
Laprugne,317,11,328
Lavault-Sainte-Anne,1165,33,1198
Lavoine,146,2,148
Lenax,253,5,258
Lételon,106,3,109
Liernolles,213,8,221
Lignerolles,742,13,755
Limoise,156,35,191
Loddes,164,2,166
Loriges,350,9,359
Louchy-Montfand,437,16,453
Louroux-Bourbonnais,211,5,216
Louroux-de-Beaune,165,3,168
Louroux-de-Bouble,239,8,247
Luneau,291,2,293
Lurcy-Lévis,1893,39,1932
Lusigny,1698,54,1752
Magnet,989,17,1006
Malicorne,796,14,810
Marcenat,405,4,409
Marcillat-en-Combraille,905,30,935
Marigny,204,6,210
Mariol,797,19,816
Le Mayet-d'École,269,3,272
Le Mayet-de-Montagne,1383,84,1467
Mazerier,301,5,306
Mazirat,282,4,286
Meaulne-Vitray,889,15,904
Meillard,318,6,324
Meillers,136,6,142
Mercy,261,3,264
Mesples,124,2,126
Molinet,1150,33,1183
Molles,898,26,924
Monestier,282,12,294
Monétay-sur-Allier,524,10,534
Monétay-sur-Loire,264,6,270
Montaigu-le-Blin,302,10,312
Montaiguët-en-Forez,313,8,321
Montbeugny,681,11,692
Montcombroux-les-Mines,313,3,316
Monteignet-sur-l'Andelot,266,1,267
Le Montet,467,4,471
Montilly,508,8,516
Montluçon,35653,1093,36746
Montmarault,1521,23,1544
Montoldre,632,9,641
Montord,215,1,216
Montvicq,720,24,744
Moulins,19664,563,20227
Murat,295,17,312
Nades,153,4,157
Nassigny,182,4,186
Naves,119,2,121
Néris-les-Bains,2553,93,2646
Neuilly-en-Donjon,222,3,225
Neuilly-le-Réal,1456,33,1489
Neure,188,0,188
Neuvy,1595,224,1819
Nizerolles,314,14,328
Noyant-d'Allier,627,16,643
Paray-le-Frésil,389,10,399
Paray-sous-Briailles,633,9,642
Périgny,440,11,451
La Petite-Marche,176,6,182
Pierrefitte-sur-Loire,509,14,523
Le Pin,411,7,418
Poëzat,148,3,151
Pouzy-Mésangy,402,10,412
Prémilhat,2458,49,2507
Quinssaines,1487,25,1512
Reugny,249,3,252
Rocles,380,3,383
Rongères,565,13,578
Ronnet,174,3,177
Saint-Angel,754,35,789
Saint-Aubin-le-Monial,266,8,274
Saint-Bonnet-de-Four,212,4,216
Saint-Bonnet-de-Rochefort,698,14,712
Saint-Bonnet-Tronçais,725,9,734
Saint-Caprais,90,5,95
Saint-Christophe,466,15,481
Saint-Clément,300,7,307
Saint-Désiré,447,9,456
Saint-Didier-en-Donjon,259,4,263
Saint-Didier-la-Forêt,379,8,387
Saint-Éloy-d'Allier,43,0,43
Saint-Ennemond,626,18,644
Saint-Étienne-de-Vicq,526,17,543
Saint-Fargeol,190,5,195
Saint-Félix,315,10,325
Saint-Genest,407,7,414
Saint-Gérand-de-Vaux,381,11,392
Saint-Gérand-le-Puy,993,9,1002
Saint-Germain-de-Salles,425,9,434
Saint-Germain-des-Fossés,3656,66,3722
Saint-Hilaire,543,5,548
Saint-Léger-sur-Vouzance,265,10,275
Saint-Léon,549,11,560
Saint-Léopardin-d'Augy,362,43,405
Saint-Loup,568,14,582
Saint-Marcel-en-Marcillat,136,2,138
Saint-Marcel-en-Murat,124,6,130
Saint-Martin-des-Lais,123,1,124
Saint-Martinien,602,13,615
Saint-Menoux,1045,32,1077
Saint-Nicolas-des-Biefs,171,2,173
Saint-Palais,164,2,166
Saint-Pierre-Laval,357,6,363
Saint-Plaisir,379,11,390
Saint-Pont,656,15,671
Saint-Pourçain-sur-Besbre,418,10,428
Saint-Pourçain-sur-Sioule,5160,120,5280
Saint-Priest-d'Andelot,145,4,149
Saint-Priest-en-Murat,223,7,230
Saint-Prix,796,19,815
Saint-Rémy-en-Rollat,1706,35,1741
Saint-Sauvier,348,3,351
Saint-Sornin,225,4,229
Saint-Victor,2098,39,2137
Saint-Voir,190,7,197
Saint-Yorre,2561,53,2614
Sainte-Thérence,184,7,191
Saligny-sur-Roudon,681,79,760
Sanssat,259,5,264
Saulcet,693,25,718
Saulzet,387,3,390
Sauvagny,89,2,91
Sazeret,148,5,153
Serbannes,820,31,851
Servilly,295,6,301
Seuillet,508,7,515
Sorbier,315,6,321
Souvigny,1828,50,1878
Sussat,101,6,107
Target,254,12,266
Taxat-Senat,196,4,200
Teillet-Argenty,556,10,566
Terjat,196,10,206
Le Theil,404,4,408
Theneuille,365,14,379
Thiel-sur-Acolin,1125,16,1141
Thionne,313,10,323
Tortezais,175,3,178
Toulon-sur-Allier,1135,34,1169
Treban,387,9,396
Treignat,396,8,404
Treteau,519,13,532
Trévol,1625,59,1684
Trézelles,404,13,417
Tronget,897,14,911
Urçay,264,10,274
Ussel-d'Allier,162,1,163
Valignat,77,0,77
Valigny,376,12,388
Vallon-en-Sully,1564,29,1593
Varennes-sur-Allier,3561,72,3633
Varennes-sur-Tèche,245,9,254
Vaumas,538,12,550
Vaux,1121,25,1146
Veauce,38,1,39
Venas,235,8,243
Vendat,2216,58,2274
Verneix,603,11,614
Le Vernet,1941,57,1998
Verneuil-en-Bourbonnais,244,2,246
Vernusse,153,6,159
Le Veurdre,455,10,465
Vichy,24166,357,24523
Vicq,331,6,337
Vieure,279,6,285
Le Vilhain,275,8,283
Villebret,1316,36,1352
Villefranche-d'Allier,1328,43,1371
Villeneuve-sur-Allier,1071,16,1087
Viplaix,300,8,308
Voussac,480,10,490
Ygrande,775,16,791
Yzeure,13088,537,13625
Aiglun,1440,27,1467
Allemagne-en-Provence,539,28,567
Allons,143,2,145
Allos,797,7,804
Angles,68,0,68
Annot,1042,37,1079
Archail,15,0,15
Aubenas-les-Alpes,98,0,98
Aubignosc,592,15,607
Authon,62,0,62
Auzet,98,5,103
Banon,970,15,985
Barcelonnette,2598,202,2800
Barles,134,2,136
Barras,142,4,146
Barrême,432,8,440
Bayons,183,4,187
Beaujeu,130,3,133
Beauvezer,377,7,384
Bellaffaire,144,5,149
Bevons,240,54,294
Beynes,125,9,134
Blieux,60,0,60
Bras-d'Asse,568,10,578
Braux,125,0,125
La Brillanne,1149,15,1164
Brunet,278,6,284
Le Brusquet,958,28,986
Le Caire,71,2,73
Castellane,1524,40,1564
Le Castellard-Mélan,64,1,65
Le Castellet,293,6,299
Castellet-lès-Sausses,137,1,138
Céreste,1199,20,1219
Le Chaffaut-Saint-Jurson,689,114,803
Champtercier,844,20,864
Château-Arnoux-Saint-Auban,5139,109,5248
Châteaufort,28,0,28
Châteauneuf-Miravail,69,0,69
Châteauneuf-Val-Saint-Donat,504,20,524
Châteauredon,73,1,74
Chaudon-Norante,183,2,185
Clamensane,172,3,175
Claret,269,5,274
Clumanc,215,1,216
Colmars,496,5,501
La Condamine-Châtelard,155,4,159
Corbières-en-Provence,1184,32,1216
Cruis,642,5,647
Curbans,575,12,587
Curel,55,1,56
Dauphin,831,13,844
Demandolx,135,3,138
Digne-les-Bains,16460,869,17329
Draix,115,2,117
Enchastrayes,396,12,408
Entrages,104,2,106
Entrepierres,379,12,391
Entrevaux,852,22,874
Entrevennes,168,3,171
L' Escale,1389,35,1424
Esparron-de-Verdon,398,5,403
Estoublon,486,7,493
Faucon-de-Barcelonnette,319,16,335
Faucon-du-Caire,53,1,54
Fontienne,128,2,130
Forcalquier,5018,85,5103
Le Fugeret,200,2,202
Ganagobie,96,0,96
La Garde,89,3,92
Gigors,60,1,61
Gréoux-les-Bains,2634,47,2681
Hautes-Duyes,43,0,43
L' Hospitalet,90,0,90
Jausiers,1130,29,1159
La Javie,404,6,410
Lambruisse,95,5,100
Lardiers,126,3,129
Le Lauzet-Ubaye,186,2,188
Limans,369,10,379
Lurs,382,10,392
Majastres,4,0,4
Malijai,1975,30,2005
Mallefougasse-Augès,327,4,331
Mallemoisson,1046,25,1071
Mane,1349,26,1375
Manosque,22333,659,22992
Marcoux,464,15,479
Méailles,115,2,117
Les Mées,3735,43,3778
Melve,119,2,121
Méolans-Revel,339,8,347
Mézel,656,21,677
Mirabeau,511,10,521
Mison,1128,33,1161
Montagnac-Montpezat,424,11,435
Montclar,414,12,426
Montfort,332,3,335
Montfuron,210,0,210
Montjustin,58,1,59
Montlaux,195,2,197
Montsalier,139,1,140
Moriez,238,1,239
La Motte-du-Caire,560,5,565
Moustiers-Sainte-Marie,709,16,725
La Mure-Argens,325,8,333
Nibles,42,0,42
Niozelles,271,6,277
Noyers-sur-Jabron,524,7,531
Les Omergues,130,3,133
Ongles,372,9,381
Oppedette,52,1,53
Oraison,5882,73,5955
La Palud-sur-Verdon,349,3,352
Peipin,1464,35,1499
Peyroules,240,9,249
Peyruis,2858,49,2907
Piégut,186,4,190
Pierrerue,493,12,505
Pierrevert,3816,122,3938
Pontis,84,3,87
Prads-Haute-Bléone,182,1,183
Puimichel,247,1,248
Puimoisson,723,9,732
Quinson,417,9,426
Redortiers,81,5,86
Reillanne,1675,37,1712
Revest-des-Brousses,268,6,274
Revest-du-Bion,562,5,567
Revest-Saint-Martin,85,1,86
Riez,1856,26,1882
La Robine-sur-Galabre,299,6,305
La Rochegiron,100,3,103
La Rochette,70,0,70
Rougon,110,0,110
Roumoules,746,18,764
Saint-André-les-Alpes,1008,21,1029
Saint-Benoît,149,1,150
Saint-Étienne-les-Orgues,1296,34,1330
Saint-Geniez,96,2,98
Saint-Jacques,78,4,82
Saint-Jeannet,54,1,55
Saint-Julien-d'Asse,212,2,214
Saint-Julien-du-Verdon,144,3,147
Saint-Jurs,138,3,141
Saint-Laurent-du-Verdon,97,4,101
Saint-Lions,49,1,50
Saint-Maime,860,8,868
Saint-Martin-de-Brômes,590,12,602
Saint-Martin-les-Eaux,114,3,117
Saint-Martin-lès-Seyne,14,2,16
Saint-Michel-l'Observatoire,1238,25,1263
Saint-Paul-sur-Ubaye,186,7,193
Saint-Pierre,96,2,98
Saint-Pons,626,12,638
Saint-Vincent-sur-Jabron,191,11,202
Sainte-Croix-à-Lauze,88,1,89
Sainte-Croix-du-Verdon,119,4,123
Sainte-Tulle,3408,78,3486
Salignac,634,21,655
Saumane,118,3,121
Sausses,127,2,129
Selonnet,464,9,473
Senez,167,4,171
Seyne,1362,26,1388
Sigonce,428,11,439
Sigoyer,107,2,109
Simiane-la-Rotonde,596,16,612
Sisteron,7460,237,7697
Soleilhas,100,4,104
Sourribes,179,2,181
Tartonne,135,1,136
Thèze,236,4,240
Thoard,723,18,741
Thorame-Basse,226,3,229
Thorame-Haute,240,6,246
Les Thuiles,397,15,412
Turriers,318,9,327
Ubaye-Serre-Ponçon,741,18,759
Ubraye,92,1,93
Uvernet-Fours,586,14,600
Vachères,283,7,290
Val d'Oronaye,121,1,122
Val-de-Chalvagne,87,3,90
Valavoire,40,0,40
Valbelle,278,7,285
Valensole,3204,59,3263
Valernes,250,6,256
Vaumeilh,262,9,271
Venterol,241,2,243
Verdaches,59,1,60
Vergons,111,0,111
Le Vernet,129,3,132
Villars-Colmars,246,4,250
Villemus,189,5,194
Villeneuve,4196,75,4271
Volonne,1650,37,1687
Volx,3171,75,3246
Abriès-Ristolas,385,8,393
Aiguilles,429,9,438
Ancelle,916,15,931
L' Argentière-la-Bessée,2279,86,2365
Arvieux,365,4,369
Aspremont,358,4,362
Aspres-lès-Corps,104,3,107
Aspres-sur-Buëch,821,10,831
Aubessagne,698,12,710
Avançon,404,9,413
Baratier,603,10,613
Barcillonnette,136,5,141
Barret-sur-Méouge,220,3,223
La Bâtie-Montsaléon,254,1,255
La Bâtie-Neuve,2534,51,2585
La Bâtie-Vieille,342,12,354
La Beaume,154,3,157
Le Bersac,148,0,148
Bréziers,230,3,233
Briançon,11625,325,11950
Buissard,208,7,215
Ceillac,292,3,295
Cervières,188,4,192
Chabestan,129,4,133
Chabottes,825,23,848
Champcella,188,2,190
Champoléon,140,3,143
Chanousse,39,0,39
La Chapelle-en-Valgaudémar,104,3,107
Château-Ville-Vieille,345,10,355
Châteauneuf-d'Oze,28,3,31
Châteauroux-les-Alpes,1197,32,1229
Châteauvieux,490,19,509
Chorges,2973,80,3053
Crévoux,130,3,133
Crots,1075,27,1102
Dévoluy,966,27,993
Embrun,6155,411,6566
Éourres,137,4,141
L' Épine,196,6,202
Esparron,51,0,51
Espinasses,796,10,806
Étoile-Saint-Cyrice,30,2,32
Eygliers,791,12,803
La Fare-en-Champsaur,438,3,441
La Faurie,325,4,329
Forest-Saint-Julien,328,11,339
Fouillouse,243,5,248
Freissinières,210,6,216
La Freissinouse,849,21,870
Furmeyer,163,8,171
Gap,40895,1592,42487
Garde-Colombe,539,9,548
Le Glaizil,166,1,167
La Grave,482,10,492
Guillestre,2344,83,2427
La Haute-Beaume,9,0,9
Jarjayes,450,13,463
Laragne-Montéglin,3511,57,3568
Lardier-et-Valença,332,20,352
Laye,234,7,241
Lazer,359,15,374
Lettret,182,0,182
Manteyer,429,7,436
Méreuil,84,3,87
Molines-en-Queyras,300,5,305
Monêtier-Allemont,283,11,294
Le Monêtier-les-Bains,1056,23,1079
Mont-Dauphin,164,2,166
Montbrand,62,0,62
Montclus,57,4,61
Montgardin,464,5,469
Montgenèvre,456,14,470
Montjay,104,2,106
Montmaur,512,15,527
Montrond,74,1,75
La Motte-en-Champsaur,217,6,223
Moydans,44,2,46
Neffes,748,16,764
Névache,356,11,367
Nossage-et-Bénévent,15,1,16
Le Noyer,292,4,296
Orcières,690,19,709
Orpierre,352,34,386
Les Orres,577,7,584
Oze,106,1,107
Pelleautier,715,25,740
La Piarre,93,2,95
Le Poët,798,21,819
Poligny,296,7,303
Prunières,298,6,304
Puy-Saint-André,462,25,487
Puy-Saint-Eusèbe,138,3,141
Puy-Saint-Pierre,538,20,558
Puy-Saint-Vincent,288,5,293
Puy-Sanières,283,9,292
Rabou,79,0,79
Rambaud,376,16,392
Réallon,256,4,260
Remollon,442,3,445
Réotier,200,2,202
Ribeyret,113,0,113
Risoul,644,14,658
La Roche-de-Rame,824,27,851
La Roche-des-Arnauds,1521,37,1558
Rochebrune,171,2,173
La Rochette,466,9,475
Rosans,468,11,479
Rousset,183,5,188
Saint-André-d'Embrun,661,22,683
Saint-André-de-Rosans,151,2,153
Saint-Apollinaire,141,5,146
Saint-Auban-d'Oze,90,1,91
Saint-Bonnet-en-Champsaur,2036,69,2105
Saint-Chaffrey,1604,49,1653
Saint-Clément-sur-Durance,309,4,313
Saint-Crépin,733,16,749
Saint-Étienne-le-Laus,284,7,291
Saint-Firmin,458,18,476
Saint-Jacques-en-Valgodemard,147,2,149
Saint-Jean-Saint-Nicolas,1041,99,1140
Saint-Julien-en-Beauchêne,127,1,128
Saint-Julien-en-Champsaur,360,5,365
Saint-Laurent-du-Cros,532,18,550
Saint-Léger-les-Mélèzes,350,11,361
Saint-Martin-de-Queyrières,1130,34,1164
Saint-Maurice-en-Valgodemard,127,4,131
Saint-Michel-de-Chaillol,335,13,348
Saint-Pierre-Avez,29,1,30
Saint-Pierre-d'Argençon,156,5,161
Saint-Sauveur,499,11,510
Saint-Véran,236,6,242
Sainte-Colombe,55,0,55
Le Saix,107,1,108
Saléon,91,3,94
Salérans,90,0,90
La Salle-les-Alpes,982,24,1006
La Saulce,1555,32,1587
Le Sauze-du-Lac,146,4,150
Savines-le-Lac,1058,40,1098
Savournon,259,7,266
Serres,1287,27,1314
Sigottier,92,0,92
Sigoyer,665,20,685
Sorbiers,36,1,37
Tallard,2206,46,2252
Théus,200,9,209
Trescléoux,317,6,323
Upaix,450,5,455
Val Buëch-Méouge,1349,26,1375
Val-des-Prés,641,25,666
Valdoule,216,9,225
Vallouise-Pelvoux,1210,40,1250
Valserres,261,3,264
Vars,525,10,535
Ventavon,575,37,612
Veynes,3182,149,3331
Les Vigneaux,534,14,548
Villar-d'Arêne,311,14,325
Villar-Loubière,41,3,44
Villar-Saint-Pancrace,1472,54,1526
Vitrolles,204,8,212
Aiglun,91,0,91
Amirat,67,0,67
Andon,620,5,625
Antibes,72999,1162,74161
Ascros,169,0,169
Aspremont,2187,31,2218
Auribeau-sur-Siagne,3249,63,3312
Auvare,31,2,33
Bairols,105,1,106
Le Bar-sur-Loup,2936,64,3000
Beaulieu-sur-Mer,3715,28,3743
Beausoleil,13607,137,13744
Belvédère,677,11,688
Bendejun,952,6,958
Berre-les-Alpes,1253,21,1274
Beuil,525,4,529
Bézaudun-les-Alpes,249,5,254
Biot,9733,351,10084
Blausasc,1583,19,1602
La Bollène-Vésubie,575,12,587
Bonson,737,5,742
Bouyon,538,4,542
Breil-sur-Roya,2158,52,2210
Briançonnet,221,2,223
La Brigue,700,10,710
Le Broc,1413,8,1421
Cabris,1324,26,1350
Cagnes-sur-Mer,50928,478,51406
Caille,426,5,431
Cannes,73868,818,74686
Le Cannet,41471,393,41864
Cantaron,1306,11,1317
Cap-d'Ail,4594,72,4666
Carros,12329,140,12469
Castagniers,1616,14,1630
Castellar,1100,9,1109
Castillon,367,7,374
Caussols,287,3,290
Châteauneuf-d'Entraunes,58,0,58
Châteauneuf-Grasse,3505,59,3564
Châteauneuf-Villevieille,922,9,931
Cipières,396,2,398
Clans,638,13,651
Coaraze,831,4,835
La Colle-sur-Loup,7838,153,7991
Collongues,78,2,80
Colomars,3424,41,3465
Conségudes,99,1,100
Contes,7424,88,7512
Courmes,120,1,121
Coursegoules,531,5,536
La Croix-sur-Roudoule,97,2,99
Cuébris,172,2,174
Daluis,146,2,148
Drap,4546,37,4583
Duranus,140,3,143
Entraunes,138,2,140
L' Escarène,2520,17,2537
Escragnolles,609,5,614
Èze,2239,58,2297
Falicon,1992,33,2025
Les Ferres,105,0,105
Fontan,341,1,342
Gars,72,0,72
Gattières,4117,54,4171
La Gaude,6623,95,6718
Gilette,1596,11,1607
Gorbio,1549,14,1563
Gourdon,381,10,391
Grasse,50396,946,51342
Gréolières,586,13,599
Guillaumes,631,6,637
Ilonse,193,0,193
Isola,681,12,693
Lantosque,1312,10,1322
Levens,4738,46,4784
Lieuche,46,3,49
Lucéram,1284,12,1296
Malaussène,311,0,311
Mandelieu-la-Napoule,22452,263,22715
Marie,105,4,109
Le Mas,155,0,155
Massoins,102,1,103
Menton,28958,503,29461
Mouans-Sartoux,9701,318,10019
Mougins,19473,392,19865
Moulinet,273,4,277
Les Mujouls,51,1,52
Nice,340017,2962,342979
Opio,2214,72,2286
Pégomas,7972,88,8060
Peille,2376,19,2395
Peillon,1457,13,1470
La Penne,221,1,222
Péone,787,8,795
Peymeinade,8151,143,8294
Pierlas,103,0,103
Pierrefeu,324,0,324
Puget-Rostang,129,1,130
Puget-Théniers,1880,65,1945
Revest-les-Roches,235,1,236
Rigaud,211,3,214
Rimplas,91,5,96
La Roque-en-Provence,77,1,78
Roquebillière,1841,49,1890
Roquebrune-Cap-Martin,12639,187,12826
Roquefort-les-Pins,6762,180,6942
Roquestéron,581,6,587
La Roquette-sur-Siagne,5390,94,5484
La Roquette-sur-Var,940,4,944
Roubion,121,4,125
Roure,173,4,177
Le Rouret,3999,119,4118
Saint-André-de-la-Roche,5458,29,5487
Saint-Antonin,93,0,93
Saint-Auban,222,3,225
Saint-Blaise,1019,8,1027
Saint-Cézaire-sur-Siagne,3908,99,4007
Saint-Dalmas-le-Selvage,118,2,120
Saint-Étienne-de-Tinée,1531,160,1691
Saint-Jean-Cap-Ferrat,1573,8,1581
Saint-Jeannet,4128,106,4234
Saint-Laurent-du-Var,28453,203,28656
Saint-Léger,51,0,51
Saint-Martin-d'Entraunes,142,2,144
Saint-Martin-du-Var,3000,20,3020
Saint-Martin-Vésubie,1411,12,1423
Saint-Paul-de-Vence,3477,72,3549
Saint-Sauveur-sur-Tinée,308,82,390
Saint-Vallier-de-Thiey,3594,103,3697
Sainte-Agnès,1328,24,1352
Sallagriffon,49,2,51
Saorge,459,10,469
Sauze,70,1,71
Séranon,526,6,532
Sigale,198,2,200
Sospel,3831,70,3901
Spéracèdes,1264,26,1290
Tende,2178,49,2227
Théoule-sur-Mer,1413,14,1427
Thiéry,106,3,109
Le Tignet,3146,54,3200
Toudon,344,1,345
Touët-de-l'Escarène,282,1,283
Touët-sur-Var,672,11,683
La Tour,567,4,571
Tourette-du-Château,130,1,131
Tournefort,167,1,168
Tourrette-Levens,4951,46,4997
Tourrettes-sur-Loup,3999,79,4078
La Trinité,10017,60,10077
La Turbie,3063,55,3118
Utelle,873,1,874
Valbonne,13325,525,13850
Valdeblore,853,254,1107
Valderoure,452,8,460
Vallauris,26672,162,26834
Venanson,159,1,160
Vence,18465,304,18769
Villars-sur-Var,761,4,765
Villefranche-sur-Mer,5091,48,5139
Villeneuve-d'Entraunes,80,0,80
Villeneuve-Loubet,15241,184,15425
Accons,382,25,407
Ailhon,554,18,572
Aizac,169,4,173
Ajoux,77,2,79
Alba-la-Romaine,1444,35,1479
Albon-d'Ardèche,159,7,166
Alboussière,1004,14,1018
Alissas,1479,55,1534
Andance,1185,21,1206
Annonay,16345,611,16956
Arcens,376,9,385
Ardoix,1262,11,1273
Arlebosc,331,7,338
Arras-sur-Rhône,520,22,542
Les Assions,740,17,757
Astet,42,0,42
Aubenas,12172,761,12933
Aubignas,469,11,480
Baix,1164,25,1189
Balazuc,377,4,381
Banne,666,24,690
Barnas,207,2,209
Le Béage,255,8,263
Beauchastel,1822,29,1851
Beaulieu,498,15,513
Beaumont,244,3,247
Beauvène,210,5,215
Belsentes,550,18,568
Berrias-et-Casteljau,762,18,780
Berzème,174,1,175
Bessas,216,4,220
Bidon,241,2,243
Boffres,633,20,653
Bogy,434,11,445
Borée,151,3,154
Borne,51,0,51
Boucieu-le-Roi,269,5,274
Boulieu-lès-Annonay,2300,65,2365
Bourg-Saint-Andéol,7116,162,7278
Bozas,245,9,254
Brossainc,279,5,284
Burzet,439,6,445
Cellier-du-Luc,77,0,77
Chalencon,311,7,318
Le Chambon,46,3,49
Chambonas,905,15,920
Champagne,598,20,618
Champis,623,9,632
Chandolas,506,4,510
Chanéac,256,9,265
Charmes-sur-Rhône,2930,73,3003
Charnas,931,7,938
Chassiers,1022,34,1056
Châteaubourg,244,7,251
Châteauneuf-de-Vernoux,249,5,254
Chauzon,386,12,398
Chazeaux,139,3,142
Cheminas,402,9,411
Le Cheylard,2952,156,3108
Chirols,241,3,244
Chomérac,3030,175,3205
Colombier-le-Cardinal,292,4,296
Colombier-le-Jeune,573,6,579
Colombier-le-Vieux,661,20,681
Cornas,2237,47,2284
Coucouron,802,13,815
Coux,1642,42,1684
Le Crestet,519,11,530
Creysseilles,147,2,149
Cros-de-Géorand,159,4,163
Cruas,3008,66,3074
Darbres,248,3,251
Davézieux,3162,87,3249
Désaignes,1111,20,1131
Devesset,295,7,302
Dompnac,62,1,63
Dornas,207,12,219
Dunière-sur-Eyrieux,431,11,442
Eclassan,1025,39,1064
Empurany,598,14,612
Étables,906,18,924
Fabras,410,5,415
Faugères,100,2,102
Félines,1652,46,1698
Flaviac,1223,17,1240
Fons,329,12,341
Freyssenet,47,1,48
Genestelle,276,7,283
Gilhac-et-Bruzac,170,3,173
Gilhoc-sur-Ormèze,455,3,458
Gluiras,369,3,372
Glun,696,19,715
Gourdon,88,4,92
Gras,635,19,654
Gravières,474,11,485
Grospierres,885,22,907
Guilherand-Granges,10961,243,11204
Issamoulenc,91,3,94
Issanlas,102,3,105
Issarlès,145,2,147
Jaujac,1228,22,1250
Jaunac,127,9,136
Joannas,302,7,309
Joyeuse,1721,29,1750
Juvinas,172,4,176
Labastide-de-Virac,301,7,308
Labastide-sur-Bésorgues,258,6,264
Labatie-d'Andaure,206,2,208
Labeaume,677,11,688
Labégude,1393,19,1412
Lablachère,2143,35,2178
Laboule,137,6,143
Le Lac-d'Issarlès,286,6,292
Lachamp-Raphaël,63,0,63
Lachapelle-Graillouse,199,0,199
Lachapelle-sous-Aubenas,1604,44,1648
Lachapelle-sous-Chanéac,172,3,175
Lafarre,39,1,40
Lagorce,1160,23,1183
Lalevade-d'Ardèche,1107,15,1122
Lalouvesc,386,5,391
Lamastre,2318,68,2386
Lanarce,200,2,202
Lanas,430,35,465
Largentière,1629,68,1697
Larnas,238,3,241
Laurac-en-Vivarais,995,25,1020
Laveyrune,107,1,108
Lavillatte,57,0,57
Lavilledieu,2122,42,2164
Laviolle,109,2,111
Lemps,785,24,809
Lentillères,231,7,238
Lespéron,320,7,327
Limony,758,18,776
Loubaresse,41,2,43
Lussas,1159,25,1184
Lyas,601,15,616
Malarce-sur-la-Thines,244,5,249
Malbosc,145,8,153
Marcols-les-Eaux,296,5,301
Mariac,572,20,592
Mars,264,7,271
Mauves,1177,26,1203
Mayres,262,5,267
Mazan-l'Abbaye,122,1,123
Mercuer,1210,47,1257
Meyras,938,29,967
Meysse,1319,15,1334
Mézilhac,95,0,95
Mirabel,654,13,667
Monestier,61,1,62
Montpezat-sous-Bauzon,797,23,820
Montréal,572,19,591
Montselgues,82,7,89
Nozières,258,5,263
Les Ollières-sur-Eyrieux,990,19,1009
Orgnac-l'Aven,585,17,602
Ozon,398,2,400
Pailharès,244,6,250
Payzac,536,6,542
Peaugres,2148,48,2196
Péreyres,49,0,49
Peyraud,495,6,501
Le Plagnal,77,1,78
Planzolles,135,2,137
Plats,854,14,868
Pont-de-Labeaume,571,14,585
Pourchères,131,2,133
Le Pouzin,2879,39,2918
Prades,1213,31,1244
Pradons,470,10,480
Pranles,491,13,504
Préaux,690,15,705
Privas,8266,340,8606
Prunet,132,4,136
Quintenas,1630,36,1666
Ribes,295,4,299
Rochecolombe,211,5,216
Rochemaure,2281,49,2330
Rochepaule,259,8,267
Rocher,270,4,274
Rochessauve,450,10,460
La Rochette,59,2,61
Rocles,249,4,253
Roiffieux,2785,85,2870
Rompon,1083,29,1112
Rosières,1190,39,1229
Le Roux,53,1,54
Ruoms,2253,28,2281
Sablières,164,4,168
Sagnes-et-Goudoulet,117,0,117
Saint-Agrève,2353,63,2416
Saint-Alban-Auriolles,1091,16,1107
Saint-Alban-d'Ay,1397,23,1420
Saint-Alban-en-Montagne,93,1,94
Saint-Andéol-de-Berg,123,3,126
Saint-Andéol-de-Fourchades,53,2,55
Saint-Andéol-de-Vals,526,11,537
Saint-André-de-Cruzières,464,14,478
Saint-André-en-Vivarais,213,3,216
Saint-André-Lachamp,154,1,155
Saint-Apollinaire-de-Rias,201,2,203
Saint-Barthélemy-Grozon,506,25,531
Saint-Barthélemy-le-Meil,195,6,201
Saint-Barthélemy-le-Plain,825,20,845
Saint-Basile,353,10,363
Saint-Bauzile,308,6,314
Saint-Christol,103,0,103
Saint-Cierge-la-Serre,249,4,253
Saint-Cierge-sous-le-Cheylard,203,5,208
Saint-Cirgues-de-Prades,140,5,145
Saint-Cirgues-en-Montagne,210,16,226
Saint-Clair,1119,42,1161
Saint-Clément,86,0,86
Saint-Cyr,1372,46,1418
Saint-Désirat,877,25,902
Saint-Didier-sous-Aubenas,961,26,987
Saint-Étienne-de-Boulogne,404,14,418
Saint-Étienne-de-Fontbellon,2717,81,2798
Saint-Étienne-de-Lugdarès,419,8,427
Saint-Étienne-de-Serre,221,5,226
Saint-Étienne-de-Valoux,294,3,297
Saint-Félicien,1191,20,1211
Saint-Fortunat-sur-Eyrieux,775,14,789
Saint-Genest-de-Beauzon,318,7,325
Saint-Genest-Lachamp,104,2,106
Saint-Georges-les-Bains,2282,42,2324
Saint-Germain,710,17,727
Saint-Gineis-en-Coiron,115,4,119
Saint-Jacques-d'Atticieux,309,6,315
Saint-Jean-Chambre,265,5,270
Saint-Jean-de-Muzols,2458,66,2524
Saint-Jean-le-Centenier,776,13,789
Saint-Jean-Roure,258,11,269
Saint-Jeure-d'Andaure,102,2,104
Saint-Jeure-d'Ay,479,9,488
Saint-Joseph-des-Bancs,174,3,177
Saint-Julien-d'Intres,329,3,332
Saint-Julien-du-Gua,190,3,193
Saint-Julien-du-Serre,879,19,898
Saint-Julien-en-Saint-Alban,1514,25,1539
Saint-Julien-le-Roux,109,3,112
Saint-Julien-Vocance,227,2,229
Saint-Just-d'Ardèche,1684,37,1721
Saint-Lager-Bressac,922,16,938
Saint-Laurent-du-Pape,1566,39,1605
Saint-Laurent-les-Bains-Laval-d'Aurelle,177,2,179
Saint-Laurent-sous-Coiron,100,4,104
Saint-Marcel-d'Ardèche,2375,68,2443
Saint-Marcel-lès-Annonay,1422,36,1458
Saint-Martial,251,4,255
Saint-Martin-d'Ardèche,979,12,991
Saint-Martin-de-Valamas,1115,38,1153
Saint-Martin-sur-Lavezon,432,12,444
Saint-Maurice-d'Ardèche,306,12,318
Saint-Maurice-d'Ibie,221,4,225
Saint-Maurice-en-Chalencon,220,6,226
Saint-Mélany,111,3,114
Saint-Michel-d'Aurance,274,21,295
Saint-Michel-de-Boulogne,156,5,161
Saint-Michel-de-Chabrillanoux,354,12,366
Saint-Montan,1897,45,1942
Saint-Paul-le-Jeune,970,20,990
Saint-Péray,7692,239,7931
Saint-Pierre-de-Colombier,411,25,436
Saint-Pierre-la-Roche,59,2,61
Saint-Pierre-Saint-Jean,145,4,149
Saint-Pierre-sur-Doux,107,1,108
Saint-Pierreville,544,11,555
Saint-Pons,293,17,310
Saint-Priest,1200,50,1250
Saint-Privat,1735,52,1787
Saint-Prix,276,7,283
Saint-Remèze,871,19,890
Saint-Romain-d'Ay,1214,36,1250
Saint-Romain-de-Lerps,873,18,891
Saint-Sauveur-de-Cruzières,531,14,545
Saint-Sauveur-de-Montagut,1111,29,1140
Saint-Sernin,1663,44,1707
Saint-Sylvestre,508,7,515
Saint-Symphorien-de-Mahun,120,4,124
Saint-Symphorien-sous-Chomérac,757,30,787
Saint-Thomé,445,15,460
Saint-Victor,949,12,961
Saint-Vincent-de-Barrès,837,22,859
Saint-Vincent-de-Durfort,225,5,230
Sainte-Eulalie,215,4,219
Sainte-Marguerite-Lafigère,107,2,109
Salavas,682,11,693
Les Salelles,366,9,375
Sampzon,228,7,235
Sanilhac,446,9,455
Sarras,2199,35,2234
Satillieu,1546,31,1577
Savas,900,24,924
Sceautres,144,7,151
Sécheras,554,4,558
Serrières,1146,17,1163
Silhac,368,12,380
La Souche,370,10,380
Soyons,2238,47,2285
Talencieux,1067,31,1098
Tauriers,192,5,197
Le Teil,8677,219,8896
Thorrenc,233,6,239
Thueyts,1203,25,1228
Toulaud,1700,52,1752
Tournon-sur-Rhône,10307,515,10822
Ucel,2043,72,2115
Usclades-et-Rieutord,115,0,115
Uzer,414,12,426
Vagnas,544,8,552
Valgorge,436,7,443
Vallées-d'Antraigues-Asperjoc,947,12,959
Vallon-Pont-d'Arc,2382,40,2422
Vals-les-Bains,3582,71,3653
Valvignères,466,13,479
Vanosc,936,13,949
Les Vans,2672,62,2734
Vaudevant,205,2,207
Vernon,232,7,239
Vernosc-lès-Annonay,2647,42,2689
Vernoux-en-Vivarais,1958,31,1989
Vesseaux,1928,56,1984
Veyras,1527,49,1576
Villeneuve-de-Berg,2944,129,3073
Villevocance,1171,28,1199
Vinezac,1371,39,1410
Vinzieux,453,3,456
Vion,939,23,962
Viviers,3730,57,3787
Vocance,610,3,613
Vogüé,1087,27,1114
La Voulte-sur-Rhône,4987,59,5046
Acy-Romance,446,3,449
Aiglemont,1634,34,1668
Aire,220,4,224
Alincourt,150,2,152
Alland'Huy-et-Sausseuil,245,4,249
Amagne,725,6,731
Ambly-Fleury,134,5,139
Anchamps,217,4,221
Angecourt,392,4,396
Annelles,141,6,147
Antheny,99,5,104
Aouste,207,2,209
Apremont,117,3,120
Ardeuil-et-Montfauxelles,68,1,69
Arnicourt,157,3,160
Arreux,324,12,336
Artaise-le-Vivier,66,1,67
Asfeld,1116,16,1132
Attigny,1128,24,1152
Aubigny-les-Pothées,315,6,321
Auboncourt-Vauzelles,100,3,103
Aubrives,910,19,929
Auflance,86,3,89
Auge,60,0,60
Aure,48,4,52
Aussonce,215,3,218
Authe,90,4,94
Autrecourt-et-Pourron,342,6,348
Autruche,69,4,73
Autry,117,8,125
Auvillers-les-Forges,877,10,887
Avançon,313,6,319
Avaux,466,13,479
Les Ayvelles,897,12,909
Baâlons,207,8,215
Bairon et ses environs,1041,17,1058
Balan,1618,30,1648
Balham,152,1,153
Ballay,289,7,296
Banogne-Recouvrance,157,4,161
Bar-lès-Buzancy,125,3,128
Barbaise,101,0,101
Barby,415,4,419
Bayonville,99,5,104
Bazeilles,2394,218,2612
Beaumont-en-Argonne,430,9,439
Beffu-et-le-Morthomme,48,0,48
Belleville-et-Châtillon-sur-Bar,272,50,322
Belval,222,6,228
Belval-Bois-des-Dames,33,1,34
Bergnicourt,285,1,286
La Berlière,40,1,41
Bertoncourt,127,8,135
La Besace,141,0,141
Biermes,307,5,312
Bièvres,49,1,50
Bignicourt,68,1,69
Blagny,1190,19,1209
Blanchefosse-et-Bay,151,1,152
Blanzy-la-Salonnaise,344,6,350
Blombay,139,2,141
Bogny-sur-Meuse,5100,74,5174
Bossus-lès-Rumigny,103,1,104
Bouconville,53,3,56
Boult-aux-Bois,138,3,141
Boulzicourt,958,19,977
Bourcq,52,1,53
Bourg-Fidèle,862,15,877
Bouvellemont,121,0,121
Brécy-Brières,76,2,78
Brévilly,367,7,374
Brienne-sur-Aisne,258,2,260
Brieulles-sur-Bar,217,7,224
Briquenay,98,7,105
Brognon,148,2,150
Bulson,134,4,138
Buzancy,348,9,357
Carignan,2885,45,2930
Cauroy,189,8,197
Cernion,58,3,61
Chagny,184,6,190
Chalandry-Elaire,669,14,683
Challerange,447,7,454
Champigneul-sur-Vence,122,4,126
Champigneulle,59,1,60
Champlin,71,3,74
La Chapelle,178,4,182
Chappes,101,0,101
Charbogne,225,8,233
Chardeny,55,1,56
Charleville-Mézières,46428,1143,47571
Charnois,77,0,77
Château-Porcien,1367,17,1384
Chatel-Chéhéry,146,3,149
Le Châtelet-sur-Retourne,794,10,804
Le Châtelet-sur-Sormonne,160,2,162
Chaumont-Porcien,485,10,495
Chémery-Chéhéry,578,13,591
Chesnois-Auboncourt,169,0,169
Cheveuges,430,7,437
Chevières,45,2,47
Chilly,143,5,148
Chooz,745,17,762
Chuffilly-Roche,75,1,76
Clavy-Warby,348,9,357
Cliron,377,9,386
Condé-lès-Autry,67,2,69
Condé-lès-Herpy,217,4,221
Contreuve,80,3,83
Cornay,63,3,66
Corny-Machéroménil,193,2,195
Coucy,505,6,511
Coulommes-et-Marqueny,83,1,84
La Croix-aux-Bois,149,3,152
Daigny,349,8,357
Damouzy,447,12,459
Les Deux-Villes,254,3,257
Deville,1041,10,1051
Dom-le-Mesnil,1087,19,1106
Dommery,181,4,185
Donchery,2087,28,2115
Doumely-Bégny,76,0,76
Doux,100,0,100
Douzy,2167,61,2228
Draize,103,0,103
Dricourt,84,9,93
L' Écaille,275,7,282
L' Échelle,137,5,142
Écly,176,5,181
Écordal,324,8,332
Escombres-et-le-Chesnois,349,5,354
Estrebay,74,3,77
Étalle,103,5,108
Éteignières,516,3,519
Étrépigny,291,8,299
Euilly-et-Lombut,114,4,118
Évigny,190,4,194
Exermont,42,1,43
Fagnon,342,6,348
Faissault,251,4,255
Falaise,331,8,339
Faux,57,1,58
Fépin,265,2,267
La Férée,83,2,85
La Ferté-sur-Chiers,172,4,176
Flaignes-Havys,121,1,122
Fleigneux,202,7,209
Fléville,97,4,101
Fligny,185,1,186
Flize,1723,52,1775
Floing,2349,56,2405
Foisches,204,7,211
Fossé,54,1,55
Fraillicourt,189,5,194
Francheval,609,13,622
La Francheville,1685,45,1730
Le Fréty,58,0,58
Fromelennes,1038,22,1060
Fromy,82,2,84
Fumay,3481,60,3541
Germont,48,0,48
Gernelle,313,8,321
Gespunsart,1057,22,1079
Girondelle,153,2,155
Givet,6749,159,6908
Givonne,1043,34,1077
Givron,86,1,87
Givry,272,6,278
Glaire,884,13,897
Gomont,326,3,329
Grandchamp,97,0,97
Les Grandes-Armoises,61,0,61
Grandham,39,1,40
Grandpré,540,17,557
La Grandville,795,17,812
Grivy-Loisy,184,6,190
Gruyères,99,2,101
Gué-d'Hossus,526,3,529
Guignicourt-sur-Vence,302,6,308
Guincourt,90,2,92
Hagnicourt,80,3,83
Ham-les-Moines,372,5,377
Ham-sur-Meuse,238,2,240
Hannappes,141,0,141
Hannogne-Saint-Martin,465,5,470
Hannogne-Saint-Rémy,113,4,117
Haraucourt,731,4,735
Harcy,507,10,517
Hargnies,484,3,487
Harricourt,40,2,42
Haudrecy,305,13,318
Haulmé,91,1,92
Les Hautes-Rivières,1482,25,1507
Hauteville,108,1,109
Hauviné,327,8,335
Haybes,1885,57,1942
Herbeuval,121,2,123
Herpy-l'Arlésienne,199,5,204
Hierges,195,5,200
La Horgne,194,9,203
Houdilcourt,133,7,140
Houldizy,374,5,379
Illy,411,9,420
Imécourt,49,1,50
Inaumont,99,0,99
Issancourt-et-Rumel,384,12,396
Jandun,285,10,295
Joigny-sur-Meuse,678,19,697
Jonval,98,1,99
Juniville,1226,28,1254
Justine-Herbigny,175,1,176
Laifour,449,8,457
Lalobbe,169,4,173
Lametz,72,3,75
Landres-et-Saint-Georges,79,1,80
Landrichamps,131,2,133
Lançon,33,3,36
Launois-sur-Vence,699,9,708
Laval-Morency,243,10,253
Leffincourt,189,6,195
Lépron-les-Vallées,78,2,80
Létanne,129,3,132
Liart,605,10,615
Linay,250,3,253
Liry,88,1,89
Logny-Bogny,168,3,171
Longwé,73,2,75
Lonny,648,11,659
Lucquy,580,34,614
Lumes,1142,25,1167
Machault,505,11,516
Maisoncelle-et-Villers,69,4,73
Malandry,82,1,83
Manre,100,6,106
Maranwez,61,0,61
Marby,62,1,63
Marcq,100,1,101
Margny,192,4,196
Margut,770,15,785
Marlemont,140,4,144
Marquigny,84,0,84
Mars-sous-Bourcq,55,2,57
Marvaux-Vieux,73,2,75
Matton-et-Clémency,469,9,478
Maubert-Fontaine,1031,71,1102
Mazerny,125,1,126
Les Mazures,903,23,926
Ménil-Annelles,108,5,113
Ménil-Lépinois,136,2,138
Mesmont,95,1,96
Messincourt,612,8,620
Mogues,216,4,220
Moiry,148,0,148
La Moncelle,141,2,143
Mondigny,171,4,175
Le Mont-Dieu,16,0,16
Mont-Laurent,62,1,63
Mont-Saint-Martin,83,0,83
Mont-Saint-Remy,56,1,57
Montcheutin,128,8,136
Montcornet,297,8,305
Montcy-Notre-Dame,1600,44,1644
Montgon,66,4,70
Monthermé,2335,85,2420
Monthois,374,10,384
Montigny-sur-Meuse,80,2,82
Montigny-sur-Vence,243,5,248
Montmeillant,83,1,84
Mouron,73,5,78
Mouzon,2305,40,2345
Murtin-et-Bogny,182,7,189
Nanteuil-sur-Aisne,135,4,139
Neuflize,783,23,806
Neufmaison,69,2,71
Neufmanil,1020,16,1036
La Neuville-à-Maire,123,4,127
La Neuville-aux-Joûtes,361,8,369
Neuville-Day,158,2,160
La Neuville-en-Tourne-à-Fuy,578,10,588
Neuville-lès-This,376,14,390
La Neuville-lès-Wasigny,160,1,161
Neuville-lez-Beaulieu,335,8,343
Neuvizy,117,2,119
Noirval,27,1,28
Nouart,141,2,143
Nouvion-sur-Meuse,2250,36,2286
Nouzonville,5836,110,5946
Novion-Porcien,488,10,498
Novy-Chevrières,735,9,744
Noyers-Pont-Maugis,684,14,698
Oches,44,4,48
Olizy-Primat,234,9,243
Omicourt,40,2,42
Omont,84,1,85
Osnes,230,3,233
Pauvres,188,3,191
Perthes,309,8,317
Les Petites-Armoises,63,0,63
Poilcourt-Sydney,181,4,185
Poix-Terron,819,41,860
Pouru-aux-Bois,266,5,271
Pouru-Saint-Remy,1163,25,1188
Prez,136,2,138
Prix-lès-Mézières,1340,31,1371
Puilly-et-Charbeaux,227,5,232
Puiseux,116,3,119
Pure,604,6,610
Quatre-Champs,218,3,221
Quilly,82,0,82
Raillicourt,202,4,206
Rancennes,719,23,742
Raucourt-et-Flaba,841,13,854
Regniowez,391,7,398
Remaucourt,173,1,174
Remilly-Aillicourt,780,15,795
Remilly-les-Pothées,254,4,258
Renneville,203,5,208
Renwez,1688,44,1732
Rethel,7592,303,7895
Revin,6239,140,6379
Rilly-sur-Aisne,141,3,144
Rimogne,1383,22,1405
Rocquigny,686,10,696
Rocroi,2330,29,2359
Roizy,219,3,222
La Romagne,130,2,132
Rouvroy-sur-Audry,583,5,588
Rubigny,67,0,67
Rumigny,328,4,332
La Sabotterie,112,3,115
Sachy,182,6,188
Sailly,253,3,256
Saint-Aignan,149,2,151
Saint-Clément-à-Arnes,107,1,108
Saint-Étienne-à-Arnes,242,2,244
Saint-Fergeux,210,4,214
Saint-Germainmont,842,12,854
Saint-Jean-aux-Bois,107,3,110
Saint-Juvin,104,4,108
Saint-Lambert-et-Mont-de-Jeux,145,4,149
Saint-Laurent,1104,171,1275
Saint-Loup-en-Champagne,323,7,330
Saint-Loup-Terrier,179,6,185
Saint-Marceau,346,11,357
Saint-Marcel,358,7,365
Saint-Menges,972,16,988
Saint-Morel,210,7,217
Saint-Pierre-à-Arnes,67,2,69
Saint-Pierre-sur-Vence,121,5,126
Saint-Pierremont,73,3,76
Saint-Quentin-le-Petit,120,0,120
Saint-Remy-le-Petit,42,2,44
Sainte-Marie,80,4,84
Sainte-Vaubourg,87,2,89
Sapogne-et-Feuchères,516,10,526
Sapogne-sur-Marche,138,3,141
Saulces-Champenoises,243,1,244
Saulces-Monclin,811,10,821
Sault-lès-Rethel,1915,18,1933
Sault-Saint-Remy,204,3,207
Sauville,245,8,253
Savigny-sur-Aisne,375,12,387
Séchault,61,0,61
Sécheval,554,10,564
Sedan,16428,349,16777
Semide,190,19,209
Semuy,90,0,90
Senuc,167,2,169
Seraincourt,279,3,282
Sery,357,7,364
Seuil,158,6,164
Sévigny-la-Forêt,276,8,284
Sévigny-Waleppe,227,3,230
Signy-l'Abbaye,1363,28,1391
Signy-le-Petit,1243,23,1266
Signy-Montlibert,92,0,92
Singly,135,3,138
Sommauthe,114,0,114
Sommerance,37,2,39
Son,99,0,99
Sorbon,196,2,198
Sorcy-Bauthémont,151,4,155
Sormonne,544,14,558
Stonne,41,2,43
Sugny,100,3,103
Sury,108,4,112
Suzanne,64,2,66
Sy,51,1,52
Tagnon,884,13,897
Taillette,402,7,409
Tailly,174,6,180
Taizy,105,2,107
Tannay,156,4,160
Tarzy,154,2,156
Tétaigne,131,3,134
Thelonne,406,2,408
Thénorgues,84,0,84
Thilay,1061,12,1073
Thin-le-Moutier,623,10,633
This,227,6,233
Le Thour,402,9,411
Thugny-Trugny,266,0,266
Toges,101,3,104
Touligny,85,2,87
Tourcelles-Chaumont,92,1,93
Tournavaux,241,4,245
Tournes,1076,27,1103
Tourteron,179,4,183
Tremblois-lès-Carignan,168,1,169
Tremblois-lès-Rocroi,156,0,156
Vandy,207,1,208
Vaux-Champagne,129,4,133
Vaux-en-Dieulet,54,1,55
Vaux-lès-Mouron,81,3,84
Vaux-lès-Mouzon,73,2,75
Vaux-lès-Rubigny,47,3,50
Vaux-Montreuil,108,0,108
Vaux-Villaine,195,1,196
Vendresse,494,12,506
Verpel,67,3,70
Verrières,27,2,29
Viel-Saint-Remy,301,2,303
Vieux-lès-Asfeld,314,7,321
Ville-sur-Lumes,520,16,536
Ville-sur-Retourne,83,1,84
Villers-devant-le-Thour,419,6,425
Villers-devant-Mouzon,101,0,101
Villers-le-Tilleul,237,3,240
Villers-le-Tourneur,194,2,196
Villers-Semeuse,3604,69,3673
Villers-sur-Bar,247,5,252
Villers-sur-le-Mont,110,4,114
Villy,215,2,217
Vireux-Molhain,1498,32,1530
Vireux-Wallerand,1962,57,2019
Vivier-au-Court,2954,90,3044
Voncq,217,6,223
Vouziers,4340,149,4489
Vrigne aux Bois,3623,78,3701
Vrigne-Meuse,300,1,301
Wadelincourt,473,5,478
Wagnon,128,1,129
Warcq,1275,25,1300
Warnécourt,372,16,388
Wasigny,331,3,334
Wignicourt,58,1,59
Williers,42,3,45
Yoncq,101,3,104
Yvernaumont,139,5,144
Aigues-Juntes,67,0,67
Aigues-Vives,666,13,679
L' Aiguillon,429,10,439
Albiès,123,7,130
Aleu,130,2,132
Alliat,51,1,52
Allières,71,1,72
Alos,117,2,119
Alzen,260,11,271
Antras,65,1,66
Appy,25,0,25
Arabaux,76,2,78
Argein,194,7,201
Arignac,707,8,715
Arnave,207,7,214
Arrien-en-Bethmale,111,2,113
Arrout,85,4,89
Artigat,564,10,574
Artigues,56,1,57
Artix,141,3,144
Arvigna,223,0,223
Ascou,121,1,122
Aston,220,2,222
Aucazein,59,2,61
Audressein,139,3,142
Augirein,76,4,80
Aulos-Sinsat,166,3,169
Aulus-les-Bains,158,6,164
Auzat,488,11,499
Ax-les-Thermes,1267,65,1332
Axiat,41,1,42
Bagert,38,1,39
Balacet,26,2,28
Balaguères,197,2,199
Barjac,42,0,42
La Bastide-de-Besplas,380,7,387
La Bastide-de-Bousignac,338,14,352
La Bastide-de-Lordat,286,7,293
La Bastide-de-Sérou,957,18,975
La Bastide-du-Salat,182,6,188
La Bastide-sur-l'Hers,678,13,691
Baulou,168,3,171
Bédeilhac-et-Aynat,192,3,195
Bédeille,70,3,73
Bélesta,1064,18,1082
Belloc,76,1,77
Bénac,182,5,187
Benagues,514,9,523
Bénaix,147,4,151
Besset,164,8,172
Bestiac,19,3,22
Betchat,333,5,338
Bethmale,95,0,95
Bézac,357,5,362
Biert,316,5,321
Bompas,195,5,200
Bonac-Irazein,119,4,123
Bonnac,733,10,743
Les Bordes-sur-Arize,518,7,525
Bordes-Uchentein,174,2,176
Le Bosc,97,2,99
Bouan,38,0,38
Boussenac,214,4,218
Brassac,632,10,642
Brie,219,4,223
Burret,39,1,40
Buzan,29,0,29
Les Cabannes,333,9,342
Cadarcet,224,7,231
Calzan,32,0,32
Camarade,182,0,182
Camon,143,1,144
Campagne-sur-Arize,272,8,280
Canté,205,7,212
Capoulet-et-Junac,168,1,169
Carcanières,76,2,78
Carla-Bayle,780,14,794
Carla-de-Roquefort,169,2,171
Le Carlaret,277,11,288
Castelnau-Durban,449,7,456
Castéras,24,0,24
Castex,94,1,95
Castillon-en-Couserans,400,5,405
Caumont,326,5,331
Caussou,54,0,54
Caychax,14,0,14
Cazals-des-Baylès,56,2,58
Cazaux,39,5,44
Cazavet,223,3,226
Cazenave-Serres-et-Allens,51,3,54
Celles,148,0,148
Cérizols,142,9,151
Cescau,141,1,142
Château-Verdun,43,3,46
Clermont,114,0,114
Contrazy,69,2,71
Cos,393,19,412
Couflens,86,1,87
Coussa,265,3,268
Coutens,172,2,174
Crampagna,840,18,858
Dalou,772,20,792
Daumazan-sur-Arize,719,12,731
Dreuilhe,355,16,371
Dun,586,14,600
Durban-sur-Arize,185,2,187
Durfort,146,1,147
Encourtiech,90,4,94
Engomer,297,4,301
Ercé,539,3,542
Erp,121,2,123
Esclagne,146,3,149
Escosse,417,10,427
Esplas,103,6,109
Esplas-de-Sérou,182,4,186
Eycheil,550,6,556
Fabas,351,4,355
Ferrières-sur-Ariège,771,99,870
Foix,9532,331,9863
Fornex,113,1,114
Le Fossat,1037,13,1050
Fougax-et-Barrineuf,436,5,441
Freychenet,90,2,92
Gabre,123,4,127
Gajan,309,10,319
Galey,117,0,117
Ganac,718,9,727
Garanou,159,0,159
Gaudiès,243,4,247
Génat,21,1,22
Gestiès,28,1,29
Gourbit,76,3,79
Gudas,183,4,187
L' Herm,201,19,220
L' Hospitalet-près-l'Andorre,95,0,95
Ignaux,113,2,115
Ilhat,111,2,113
Illartein,73,0,73
Illier-et-Laramade,25,0,25
Les Issards,236,5,241
Justiniac,55,0,55
Labatut,176,1,177
Lacave,145,6,151
Lacourt,196,5,201
Lagarde,194,6,200
Lanoux,50,1,51
Lapège,29,0,29
Lapenne,127,4,131
Larbont,57,2,59
Larcat,44,0,44
Larnat,21,0,21
Laroque-d'Olmes,2433,53,2486
Lasserre,247,7,254
Lassur,87,2,89
Lavelanet,6137,168,6305
Léran,591,23,614
Lercoul,22,0,22
Lescousse,75,2,77
Lescure,499,21,520
Lesparrou,232,1,233
Leychert,99,6,105
Lézat-sur-Lèze,2323,30,2353
Lieurac,190,5,195
Limbrassac,133,3,136
Lissac,246,6,252
Lordat,68,0,68
Lorp-Sentaraille,1467,34,1501
Loubaut,28,0,28
Loubens,274,5,279
Loubières,337,13,350
Ludiès,90,4,94
Luzenac,538,15,553
Madière,211,5,216
Malegoude,46,4,50
Malléon,73,1,74
Manses,126,1,127
Le Mas-d'Azil,1166,11,1177
Massat,659,8,667
Mauvezin-de-Prat,102,1,103
Mauvezin-de-Sainte-Croix,36,0,36
Mazères,3877,62,3939
Méras,111,0,111
Mercenac,363,14,377
Mercus-Garrabet,1199,24,1223
Mérens-les-Vals,168,4,172
Mérigon,115,0,115
Miglos,117,3,120
Mijanès,59,0,59
Mirepoix,3158,141,3299
Monesple,27,0,27
Montagagne,76,0,76
Montaillou,17,1,18
Montardit,190,4,194
Montaut,715,19,734
Montbel,110,2,112
Montégut-en-Couserans,76,1,77
Montégut-Plantaurel,335,9,344
Montels,158,9,167
Montesquieu-Avantès,245,5,250
Montfa,82,2,84
Montferrier,495,13,508
Montgaillard,1463,30,1493
Montgauch,122,0,122
Montjoie-en-Couserans,1082,32,1114
Montoulieu,410,7,417
Montségur,119,1,120
Montseron,94,0,94
Moulin-Neuf,238,2,240
Moulis,761,12,773
Nalzen,136,4,140
Nescus,62,1,63
Niaux,165,2,167
Orgeix,87,1,88
Orgibet,187,5,192
Orlu,160,3,163
Ornolac-Ussat-les-Bains,236,1,237
Orus,25,0,25
Oust,545,7,552
Pailhès,472,8,480
Pamiers,15675,470,16145
Pech,37,0,37
Péreille,210,5,215
Perles-et-Castelet,223,3,226
Le Peyrat,473,8,481
Le Pla,55,1,56
Le Port,154,1,155
Prades,33,0,33
Pradettes,50,0,50
Pradières,115,0,115
Prat-Bonrepaux,917,18,935
Prayols,371,17,388
Le Puch,29,0,29
Les Pujols,805,17,822
Quérigut,133,4,137
Quié,302,3,305
Rabat-les-Trois-Seigneurs,356,5,361
Raissac,48,1,49
Régat,85,3,88
Rieucros,702,8,710
Rieux-de-Pelleport,1304,27,1331
Rimont,530,21,551
Rivèrenert,170,9,179
Roquefixade,149,4,153
Roquefort-les-Cascades,91,2,93
Roumengoux,166,8,174
Rouze,85,1,86
Sabarat,361,5,366
Saint-Amadou,241,7,248
Saint-Amans,46,2,48
Saint-Bauzeil,57,0,57
Saint-Félix-de-Rieutord,460,9,469
Saint-Félix-de-Tournegat,142,4,146
Saint-Girons,6383,398,6781
Saint-Jean-d'Aigues-Vives,387,6,393
Saint-Jean-de-Verges,1249,28,1277
Saint-Jean-du-Castillonnais,23,1,24
Saint-Jean-du-Falga,2934,68,3002
Saint-Julien-de-Gras-Capou,54,1,55
Saint-Lary,131,2,133
Saint-Lizier,1418,34,1452
Saint-Martin-d'Oydes,226,4,230
Saint-Martin-de-Caralp,357,9,366
Saint-Michel,72,4,76
Saint-Paul-de-Jarrat,1313,27,1340
Saint-Pierre-de-Rivière,644,22,666
Saint-Quentin-la-Tour,337,6,343
Saint-Quirc,368,7,375
Saint-Victor-Rouzaud,231,9,240
Saint-Ybars,667,12,679
Sainte-Croix-Volvestre,626,16,642
Sainte-Foi,26,0,26
Sainte-Suzanne,238,3,241
Salsein,44,0,44
Saurat,636,10,646
Sautel,109,2,111
Saverdun,4844,171,5015
Savignac-les-Ormeaux,371,14,385
Ségura,184,2,186
Seix,702,14,716
Senconac,12,0,12
Sentein,150,3,153
Sentenac-d'Oust,108,3,111
Sentenac-de-Sérou,52,0,52
Serres-sur-Arget,687,11,698
Sieuras,96,1,97
Siguer,98,0,98
Sor,29,0,29
Sorgeat,82,2,84
Soueix-Rogalle,418,9,427
Soula,177,7,184
Soulan,373,3,376
Surba,325,8,333
Suzan,16,1,17
Tabre,368,8,376
Tarascon-sur-Ariège,3044,32,3076
Taurignan-Castet,165,2,167
Taurignan-Vieux,206,8,214
Teilhet,154,2,156
Thouars-sur-Arize,52,3,55
Tignac,25,2,27
La Tour-du-Crieu,3167,74,3241
Tourtouse,146,7,153
Tourtrol,298,8,306
Trémoulet,125,0,125
Troye-d'Ariège,86,2,88
Unac,120,2,122
Unzent,117,4,121
Urs,33,1,34
Ussat,322,4,326
Ustou,301,11,312
Val-de-Sos,627,64,691
Vals,98,1,99
Varilhes,3424,55,3479
Vaychis,22,1,23
Vèbre,125,2,127
Ventenac,235,2,237
Verdun,221,9,230
Vernajoul,654,21,675
Vernaux,28,1,29
Le Vernet,708,3,711
Verniolle,2288,65,2353
Villeneuve,36,0,36
Villeneuve-d'Olmes,989,18,1007
Villeneuve-du-Latou,158,4,162
Villeneuve-du-Paréage,765,14,779
Vira,160,5,165
Viviès,124,0,124
Ailleville,251,6,257
Aix-Villemaur-Pâlis,3554,38,3592
Allibaudières,209,2,211
Amance,274,13,287
Arcis-sur-Aube,2870,80,2950
Arconville,105,2,107
Argançon,108,1,109
Arrelles,86,2,88
Arrembécourt,50,2,52
Arrentières,214,1,215
Arsonval,322,5,327
Assenay,146,2,148
Assencières,171,3,174
Aubeterre,357,7,364
Aulnay,129,3,132
Auxon,1005,10,1015
Avant-lès-Marcilly,508,11,519
Avant-lès-Ramerupt,157,4,161
Avirey-Lingey,206,9,215
Avon-la-Pèze,193,7,200
Avreuil,165,3,168
Bagneux-la-Fosse,168,8,176
Bailly-le-Franc,37,0,37
Balignicourt,61,5,66
Balnot-la-Grange,120,0,120
Balnot-sur-Laignes,155,1,156
Bar-sur-Aube,4902,173,5075
Bar-sur-Seine,3018,184,3202
Barberey-Saint-Sulpice,1449,20,1469
Barbuise,465,8,473
Baroville,306,9,315
Bayel,758,10,768
Bercenay-en-Othe,477,12,489
Bercenay-le-Hayer,191,2,193
Bergères,123,1,124
Bernon,164,7,171
Bertignolles,52,1,53
Bérulle,234,5,239
Bessy,140,2,142
Bétignicourt,33,0,33
Beurey,195,9,204
Blaincourt-sur-Aube,109,1,110
Blignicourt,40,1,41
Bligny,160,7,167
Les Bordes-Aumont,543,8,551
Bossancourt,206,3,209
Bouilly,1074,48,1122
Boulages,221,4,225
Bouranton,572,10,582
Bourdenay,117,1,118
Bourguignons,283,12,295
Bouy-Luxembourg,228,1,229
Bouy-sur-Orvin,56,1,57
Bragelogne-Beauvoir,243,9,252
Braux,108,4,112
Bréviandes,2826,54,2880
Brévonnes,686,11,697
Briel-sur-Barse,206,2,208
Brienne-la-Vieille,423,13,436
Brienne-le-Château,2826,26,2852
Brillecourt,89,1,90
Bucey-en-Othe,430,10,440
Buchères,1688,33,1721
Buxeuil,130,6,136
Buxières-sur-Arce,121,0,121
Celles-sur-Ource,505,15,520
Chacenay,49,2,51
La Chaise,37,0,37
Chalette-sur-Voire,133,2,135
Chamoy,508,7,515
Champ-sur-Barse,27,0,27
Champfleury,102,5,107
Champignol-lez-Mondeville,276,7,283
Champigny-sur-Aube,106,2,108
Channes,123,1,124
Chaource,1081,14,1095
La Chapelle-Saint-Luc,12319,77,12396
Chapelle-Vallon,243,4,247
Chappes,322,4,326
Charmont-sous-Barbuise,1017,26,1043
Charmoy,70,0,70
Charny-le-Bachot,258,8,266
Chaserey,54,1,55
Châtres,699,13,712
Chauchigny,246,2,248
Chaudrey,144,3,147
Chauffour-lès-Bailly,122,0,122
Chaumesnil,103,2,105
Chavanges,591,12,603
Le Chêne,293,5,298
Chennegy,438,8,446
Chervey,164,4,168
Chesley,325,9,334
Chessy-les-Prés,501,8,509
Clérey,1100,21,1121
Coclois,178,3,181
Colombé-la-Fosse,192,4,196
Colombé-le-Sec,149,1,150
Cormost,307,2,309
Courcelles-sur-Voire,27,1,28
Courceroy,127,1,128
Coursan-en-Othe,105,0,105
Courtaoult,83,0,83
Courtenot,231,8,239
Courteranges,570,9,579
Courteron,105,5,110
Coussegrey,190,2,192
Couvignon,202,6,208
Crancey,719,14,733
Creney-près-Troyes,1845,31,1876
Crésantignes,312,5,317
Crespy-le-Neuf,153,7,160
Les Croûtes,97,4,101
Cunfin,177,4,181
Cussangy,239,7,246
Dampierre,301,7,308
Davrey,237,3,240
Dienville,881,16,897
Dierrey-Saint-Julien,261,13,274
Dierrey-Saint-Pierre,298,5,303
Dolancourt,136,4,140
Dommartin-le-Coq,62,0,62
Donnement,77,1,78
Dosches,295,9,304
Dosnon,106,6,112
Droupt-Saint-Basle,355,4,359
Droupt-Sainte-Marie,236,5,241
Eaux-Puiseaux,255,10,265
Échemines,94,6,100
Éclance,101,3,104
Éguilly-sous-Bois,117,2,119
Engente,36,0,36
Épagne,136,2,138
Épothémont,179,1,180
Ervy-le-Châtel,1193,9,1202
Essoyes,715,9,724
Estissac,1855,19,1874
Étourvy,173,5,178
Étrelles-sur-Aube,155,3,158
Faux-Villecerf,221,2,223
Fay-lès-Marcilly,87,3,90
Fays-la-Chapelle,130,4,134
Ferreux-Quincey,399,10,409
Feuges,332,4,336
Fontaine,258,6,264
Fontaine-les-Grès,876,9,885
Fontaine-Mâcon,652,15,667
Fontenay-de-Bossery,72,1,73
Fontette,206,9,215
Fontvannes,717,8,725
La Fosse-Corduan,218,6,224
Fouchères,531,16,547
Fralignes,87,1,88
Fravaux,47,1,48
Fresnay,47,3,50
Fresnoy-le-Château,279,6,285
Fuligny,45,2,47
Gélannes,736,11,747
Géraudot,337,6,343
Les Grandes-Chapelles,393,6,399
Grandville,95,1,96
Les Granges,75,0,75
Gumery,233,8,241
Gyé-sur-Seine,492,8,500
Hampigny,238,9,247
Herbisse,166,1,167
Isle-Aubigny,179,3,182
Isle-Aumont,472,8,480
Jasseines,177,3,180
Jaucourt,166,7,173
Javernant,150,7,157
Jessains,275,9,284
Jeugny,490,10,500
Joncreuil,92,4,96
Jully-sur-Sarce,238,10,248
Juvancourt,122,1,123
Juvanzé,35,1,36
Juzanvigny,127,1,128
Lagesse,205,3,208
Laines-aux-Bois,523,15,538
Landreville,441,11,452
Lantages,230,7,237
Lassicourt,63,0,63
Laubressel,539,5,544
Lavau,943,10,953
Lentilles,125,1,126
Lesmont,306,7,313
Lévigny,96,2,98
Lhuître,298,4,302
Lignières,212,1,213
Lignol-le-Château,199,9,208
Lirey,104,3,107
Loches-sur-Ource,353,8,361
La Loge-aux-Chèvres,84,0,84
La Loge-Pomblin,68,0,68
Les Loges-Margueron,201,64,265
Longchamp-sur-Aujon,420,6,426
Longeville-sur-Mogne,158,0,158
Longpré-le-Sec,85,2,87
Longsols,125,1,126
Longueville-sur-Aube,123,3,126
La Louptière-Thénard,289,8,297
Lusigny-sur-Barse,2167,55,2222
Luyères,452,6,458
Macey,964,16,980
Machy,115,4,119
Magnant,162,5,167
Magnicourt,82,1,83
Magny-Fouchard,267,4,271
Mailly-le-Camp,1579,37,1616
Maison-des-Champs,33,0,33
Maisons-lès-Chaource,158,3,161
Maisons-lès-Soulaines,63,3,66
Maizières-la-Grande-Paroisse,1492,45,1537
Maizières-lès-Brienne,164,0,164
Maraye-en-Othe,446,3,449
Marcilly-le-Hayer,725,9,734
Marigny-le-Châtel,1752,33,1785
Marnay-sur-Seine,229,6,235
Marolles-lès-Bailly,106,2,108
Marolles-sous-Lignières,333,5,338
Mathaux,200,2,202
Maupas,105,2,107
Mergey,690,11,701
Le Mériot,614,10,624
Merrey-sur-Arce,321,4,325
Méry-sur-Seine,1526,49,1575
Mesgrigny,292,1,293
Mesnil-la-Comtesse,45,0,45
Mesnil-Lettre,58,1,59
Mesnil-Saint-Loup,600,29,629
Mesnil-Saint-Père,496,6,502
Mesnil-Sellières,584,10,594
Messon,466,11,477
Metz-Robert,61,0,61
Meurville,173,3,176
Molins-sur-Aube,108,5,113
Montaulin,807,25,832
Montceaux-lès-Vaudes,256,16,272
Montfey,134,3,137
Montgueux,399,11,410
Montier-en-l'Isle,235,6,241
Montiéramey,403,7,410
Montigny-les-Monts,250,5,255
Montmartin-le-Haut,53,2,55
Montmorency-Beaufort,137,1,138
Montpothier,331,9,340
Montreuil-sur-Barse,298,13,311
Montsuzain,409,4,413
Morembert,31,0,31
Morvilliers,300,7,307
La Motte-Tilly,372,3,375
Moussey,638,16,654
Mussy-sur-Seine,1019,15,1034
Neuville-sur-Seine,454,10,464
Neuville-sur-Vanne,423,5,428
Noé-les-Mallets,117,1,118
Les Noës-près-Troyes,3282,33,3315
Nogent-en-Othe,46,3,49
Nogent-sur-Aube,322,4,326
Nogent-sur-Seine,5980,117,6097
Nozay,148,5,153
Onjon,250,6,256
Origny-le-Sec,606,11,617
Ormes,181,3,184
Ortillon,24,0,24
Orvilliers-Saint-Julien,311,4,315
Ossey-les-Trois-Maisons,592,7,599
Paisy-Cosdon,338,6,344
Pargues,138,2,140
Pars-lès-Chavanges,66,4,70
Pars-lès-Romilly,824,9,833
Le Pavillon-Sainte-Julie,291,8,299
Payns,1363,19,1382
Pel-et-Der,133,2,135
Périgny-la-Rose,140,3,143
Perthes-lès-Brienne,81,3,84
Petit-Mesnil,216,7,223
Piney,1484,16,1500
Plaines-Saint-Lange,261,1,262
Plancy-l'Abbaye,973,17,990
Planty,242,6,248
Plessis-Barbuise,202,4,206
Poivres,159,2,161
Poligny,64,2,66
Polisot,326,5,331
Polisy,193,9,202
Pont-Sainte-Marie,5166,129,5295
Pont-sur-Seine,1161,20,1181
Pouan-les-Vallées,539,17,556
Pougy,290,2,292
Pouy-sur-Vannes,156,4,160
Praslin,90,2,92
Précy-Notre-Dame,82,2,84
Précy-Saint-Martin,187,2,189
Prémierfait,88,3,91
Proverville,239,6,245
Prugny,375,11,386
Prunay-Belleville,217,8,225
Prusy,94,1,95
Puits-et-Nuisement,214,5,219
Racines,167,6,173
Radonvilliers,376,2,378
Ramerupt,408,5,413
Rances,44,2,46
Rhèges,232,4,236
Les Riceys,1243,24,1267
Rigny-la-Nonneuse,171,1,172
Rigny-le-Ferron,352,6,358
Rilly-Sainte-Syre,233,5,238
La Rivière-de-Corps,3396,107,3503
Romilly-sur-Seine,14451,305,14756
Roncenay,159,2,161
Rosières-près-Troyes,4165,342,4507
Rosnay-l'Hôpital,181,9,190
La Rothière,109,1,110
Rouilly-Sacey,386,4,390
Rouilly-Saint-Loup,517,46,563
Rouvres-les-Vignes,106,2,108
Rumilly-lès-Vaudes,542,10,552
Ruvigny,494,11,505
Saint-André-les-Vergers,12311,188,12499
Saint-Aubin,588,8,596
Saint-Benoist-sur-Vanne,237,6,243
Saint-Benoît-sur-Seine,400,5,405
Saint-Christophe-Dodinicourt,34,1,35
Saint-Étienne-sous-Barbuise,167,3,170
Saint-Flavy,283,6,289
Saint-Germain,2304,50,2354
Saint-Hilaire-sous-Romilly,351,9,360
Saint-Jean-de-Bonneval,396,8,404
Saint-Julien-les-Villas,6811,140,6951
Saint-Léger-près-Troyes,880,14,894
Saint-Léger-sous-Brienne,386,11,397
Saint-Léger-sous-Margerie,59,6,65
Saint-Loup-de-Buffigny,210,6,216
Saint-Lupien,236,0,236
Saint-Lyé,2915,62,2977
Saint-Mards-en-Othe,640,10,650
Saint-Martin-de-Bossenay,368,5,373
Saint-Mesmin,843,10,853
Saint-Nabord-sur-Aube,139,5,144
Saint-Nicolas-la-Chapelle,66,0,66
Saint-Oulph,287,8,295
Saint-Parres-aux-Tertres,3126,52,3178
Saint-Parres-lès-Vaudes,1004,14,1018
Saint-Phal,523,11,534
Saint-Pouange,914,221,1135
Saint-Remy-sous-Barbuise,231,5,236
Saint-Thibault,555,7,562
Saint-Usage,76,2,78
Sainte-Maure,1655,301,1956
Sainte-Savine,10573,438,11011
Salon,120,1,121
Saulcy,68,1,69
La Saulsotte,704,3,707
Savières,1005,11,1016
Semoine,199,6,205
Soligny-les-Étangs,239,6,245
Sommeval,311,5,316
Soulaines-Dhuys,413,6,419
Souligny,400,21,421
Spoy,177,1,178
Thennelières,338,10,348
Thieffrain,154,3,157
Thil,114,9,123
Thors,71,3,74
Torcy-le-Grand,443,10,453
Torcy-le-Petit,82,4,86
Torvilliers,969,17,986
Traînel,1062,13,1075
Trancault,186,3,189
Trannes,243,5,248
Trouans,228,7,235
Troyes,61652,1176,62828
Turgy,45,1,46
Unienville,125,4,129
Urville,130,2,132
Vailly,287,10,297
Val-d'Auzon,381,5,386
Vallant-Saint-Georges,384,9,393
Vallentigny,183,3,186
Vallières,150,1,151
Vanlay,304,2,306
Vauchassis,503,5,508
Vauchonvilliers,158,2,160
Vaucogne,74,4,78
Vaudes,716,8,724
Vaupoisson,120,5,125
Vendeuvre-sur-Barse,2317,38,2355
La Vendue-Mignot,250,5,255
Vernonvilliers,58,1,59
Verpillières-sur-Ource,109,2,111
Verricourt,53,0,53
Verrières,1870,35,1905
Viâpres-le-Petit,126,5,131
Villacerf,589,4,593
Villadin,112,4,116
La Ville-aux-Bois,30,0,30
Ville-sous-la-Ferté,1066,13,1079
Ville-sur-Arce,212,12,224
Ville-sur-Terre,103,2,105
Villechétif,927,13,940
Villeloup,121,5,126
Villemereuil,247,9,256
Villemoiron-en-Othe,198,8,206
Villemorien,207,6,213
Villemoyenne,776,8,784
Villenauxe-la-Grande,2721,31,2752
La Villeneuve-au-Châtelot,146,4,150
Villeneuve-au-Chemin,185,2,187
La Villeneuve-au-Chêne,424,12,436
Villeret,63,2,65
Villery,275,3,278
Villette-sur-Aube,258,3,261
Villiers-Herbisse,87,3,90
Villiers-le-Bois,96,1,97
Villiers-sous-Praslin,71,0,71
Villy-en-Trodes,246,8,254
Villy-le-Bois,55,0,55
Villy-le-Maréchal,188,4,192
Vinets,170,6,176
Virey-sous-Bar,621,9,630
Vitry-le-Croisé,234,5,239
Viviers-sur-Artaut,128,4,132
Voigny,158,6,164
Vosnon,233,2,235
Voué,681,8,689
Vougrey,48,3,51
Vulaines,225,3,228
Yèvres-le-Petit,57,9,66
Aigues-Vives,584,7,591
Airoux,163,2,165
Ajac,187,3,190
Alaigne,326,9,335
Alairac,1330,33,1363
Albas,77,2,79
Albières,118,4,122
Alet-les-Bains,406,3,409
Alzonne,1522,21,1543
Antugnac,268,6,274
Aragon,433,12,445
Argeliers,2139,31,2170
Argens-Minervois,347,6,353
Armissan,1520,30,1550
Arques,254,3,257
Arquettes-en-Val,79,2,81
Artigues,73,5,78
Arzens,1238,18,1256
Aunat,67,0,67
Auriac,43,0,43
Axat,547,11,558
Azille,1144,23,1167
Badens,785,15,800
Bages,803,16,819
Bagnoles,308,3,311
Baraigne,174,3,177
Barbaira,750,19,769
Belcaire,394,11,405
Belcastel-et-Buc,58,2,60
Belflou,121,6,127
Belfort-sur-Rebenty,26,1,27
Bellegarde-du-Razès,238,2,240
Belpech,1273,12,1285
Belvèze-du-Razès,868,8,876
Belvianes-et-Cavirac,255,6,261
Belvis,160,3,163
Berriac,954,10,964
Bessède-de-Sault,47,0,47
La Bezole,44,1,45
Bizanet,1685,28,1713
Bize-Minervois,1185,16,1201
Blomac,227,6,233
Bouilhonnac,227,6,233
Bouisse,100,0,100
Bouriège,127,1,128
Bourigeole,51,0,51
Le Bousquet,44,1,45
Boutenac,721,16,737
Bram,3204,82,3286
Brézilhac,174,4,178
Brousses-et-Villaret,344,5,349
Brugairolles,273,5,278
Les Brunels,273,11,284
Bugarach,228,4,232
Cabrespine,176,4,180
Cahuzac,32,0,32
Cailhau,266,9,275
Cailhavel,132,1,133
Cailla,48,1,49
Cambieure,304,4,308
Campagna-de-Sault,19,0,19
Campagne-sur-Aude,581,5,586
Camplong-d'Aude,367,5,372
Camps-sur-l'Agly,55,1,56
Camurac,98,0,98
Canet,1778,18,1796
Capendu,1468,66,1534
Carcassonne,46031,1334,47365
Carlipa,340,5,345
Cascastel-des-Corbières,221,7,228
La Cassaigne,169,8,177
Cassaignes,56,0,56
Les Cassés,295,2,297
Castans,134,2,136
Castelnau-d'Aude,491,9,500
Castelnaudary,11598,538,12136
Castelreng,207,7,214
Caudebronde,189,2,191
Caunes-Minervois,1654,35,1689
Caunette-sur-Lauquet,4,0,4
Caunettes-en-Val,44,1,45
Caux-et-Sauzens,979,23,1002
Cavanac,923,38,961
Caves,875,13,888
Cazalrenoux,91,1,92
Cazilhac,1648,52,1700
Cenne-Monestiés,401,7,408
Cépie,646,17,663
Chalabre,1118,12,1130
Citou,89,1,90
Le Clat,31,2,33
Clermont-sur-Lauquet,26,0,26
Comigne,305,7,312
Comus,43,3,46
Conilhac-Corbières,917,19,936
Conques-sur-Orbiel,2525,54,2579
Corbières,27,1,28
Coudons,52,1,53
Couffoulens,601,8,609
Couiza,1111,26,1137
Counozouls,48,0,48
Cournanel,714,10,724
Coursan,5908,93,6001
Courtauly,73,1,74
La Courtète,45,1,46
Coustaussa,52,1,53
Coustouge,121,0,121
Cruscades,926,6,932
Cubières-sur-Cinoble,96,1,97
Cucugnan,123,5,128
Cumiès,36,2,38
Cuxac-Cabardès,911,24,935
Cuxac-d'Aude,4030,70,4100
Davejean,117,1,118
Dernacueillette,41,2,43
La Digne-d'Amont,287,7,294
La Digne-d'Aval,536,4,540
Donazac,109,1,110
Douzens,733,12,745
Duilhac-sous-Peyrepertuse,146,2,148
Durban-Corbières,649,11,660
Embres-et-Castelmaure,152,0,152
Escales,465,4,469
Escouloubre,73,3,76
Escueillens-et-Saint-Just-de-Bélengard,156,2,158
Espéraza,1870,33,1903
Espezel,206,4,210
Fabrezan,1291,17,1308
Fajac-en-Val,38,0,38
Fajac-la-Relenque,50,4,54
La Fajolle,11,1,12
Fanjeaux,834,88,922
Félines-Termenès,117,4,121
Fendeille,532,16,548
Fenouillet-du-Razès,85,0,85
Ferrals-les-Corbières,1192,18,1210
Ferran,111,1,112
Festes-et-Saint-André,206,6,212
Feuilla,104,0,104
Fitou,1060,12,1072
Fleury,3825,63,3888
Floure,407,8,415
Fontanès-de-Sault,5,0,5
Fontcouverte,546,10,556
Fonters-du-Razès,79,1,80
Fontiers-Cabardès,454,50,504
Fontiès-d'Aude,481,10,491
Fontjoncouse,131,4,135
La Force,222,3,225
Fournes-Cabardès,50,0,50
Fourtou,73,1,74
Fraisse-Cabardès,104,2,106
Fraissé-des-Corbières,220,5,225
Gaja-et-Villedieu,292,11,303
Gaja-la-Selve,143,2,145
Galinagues,35,0,35
Gardie,121,3,124
Generville,60,1,61
Gincla,48,0,48
Ginestas,1445,20,1465
Ginoles,303,13,316
Gourvieille,76,0,76
Gramazie,117,2,119
Granès,97,0,97
Greffeil,79,5,84
Gruissan,5000,63,5063
Homps,591,11,602
Hounoux,136,3,139
Les Ilhes,52,0,52
Issel,488,9,497
Jonquières,59,2,61
Joucou,35,1,36
Labastide-d'Anjou,1326,15,1341
Labastide-en-Val,92,2,94
Labastide-Esparbairenque,73,0,73
Labécède-Lauragais,412,9,421
Lacombe,172,3,175
Ladern-sur-Lauquet,266,9,275
Lafage,89,3,92
Lagrasse,545,9,554
Lairière,52,2,54
Lanet,50,1,51
Laprade,95,1,96
Laroque-de-Fa,151,7,158
Lasbordes,788,30,818
Lasserre-de-Prouille,267,3,270
Lastours,159,3,162
Laurabuc,412,9,421
Laurac,175,8,183
Lauraguel,609,16,625
Laure-Minervois,1055,15,1070
Lavalette,1499,26,1525
Lespinassière,133,7,140
Leuc,849,15,864
Leucate,4428,57,4485
Lézignan-Corbières,11168,164,11332
Lignairolles,43,0,43
Limousis,129,2,131
Limoux,10066,548,10614
Loupia,240,5,245
La Louvière-Lauragais,77,2,79
Luc-sur-Aude,246,7,253
Luc-sur-Orbieu,1144,10,1154
Magrie,528,10,538
Mailhac,567,10,577
Maisons,46,0,46
Malras,396,12,408
Malves-en-Minervois,854,25,879
Malviès,369,12,381
Marcorignan,1300,27,1327
Marquein,82,0,82
Marsa,18,0,18
Marseillette,712,14,726
Les Martys,293,5,298
Mas-Cabardès,185,4,189
Mas-des-Cours,25,0,25
Mas-Saintes-Puelles,922,22,944
Massac,29,1,30
Mayreville,75,3,78
Mayronnes,35,1,36
Mazerolles-du-Razès,154,4,158
Mazuby,25,1,26
Mérial,31,0,31
Mézerville,95,0,95
Miraval-Cabardès,46,0,46
Mirepeisset,769,6,775
Mireval-Lauragais,171,5,176
Missègre,63,2,65
Molandier,237,6,243
Molleville,130,6,136
Montauriol,88,2,90
Montazels,560,10,570
Montbrun-des-Corbières,309,2,311
Montclar,171,0,171
Montferrand,565,9,574
Montfort-sur-Boulzane,88,3,91
Montgaillard,42,0,42
Montgradail,47,0,47
Monthaut,38,0,38
Montirat,74,1,75
Montjardin,87,1,88
Montjoi,37,1,38
Montmaur,307,9,316
Montolieu,846,15,861
Montréal,1896,174,2070
Montredon-des-Corbières,1477,15,1492
Montséret,594,12,606
Monze,227,2,229
Moussan,1940,46,1986
Moussoulens,1018,30,1048
Mouthoumet,107,3,110
Moux,701,9,710
Narbonne,54700,1176,55876
Nébias,246,5,251
Névian,1301,33,1334
Niort-de-Sault,32,1,33
Ornaisons,1181,26,1207
Orsans,104,0,104
Ouveillan,2463,50,2513
Padern,132,1,133
Palairac,30,0,30
Palaja,2357,97,2454
La Palme,1693,30,1723
Paraza,622,12,634
Pauligne,357,14,371
Payra-sur-l'Hers,205,3,208
Paziols,528,7,535
Pech-Luna,75,2,77
Pécharic-et-le-Py,27,0,27
Pennautier,2554,58,2612
Pépieux,1068,28,1096
Pexiora,1226,18,1244
Peyrefitte-du-Razès,48,2,50
Peyrefitte-sur-l'Hers,75,8,83
Peyrens,496,13,509
Peyriac-de-Mer,1113,23,1136
Peyriac-Minervois,1139,20,1159
Peyrolles,86,3,89
Pezens,1525,165,1690
Pieusse,987,18,1005
Plaigne,116,1,117
Plavilla,110,4,114
La Pomarède,143,3,146
Pomas,887,23,910
Pomy,59,1,60
Port-la-Nouvelle,5567,69,5636
Portel-des-Corbières,1357,20,1377
Pouzols-Minervois,547,8,555
Pradelles-Cabardès,143,1,144
Preixan,619,9,628
Puginier,152,0,152
Puichéric,1191,19,1210
Puilaurens,271,9,280
Puivert,471,16,487
Quillan,3258,111,3369
Quintillan,52,0,52
Quirbajou,51,2,53
Raissac-d'Aude,263,5,268
Raissac-sur-Lampy,456,9,465
La Redorte,1161,19,1180
Rennes-le-Château,80,3,83
Rennes-les-Bains,205,1,206
Ribaute,276,7,283
Ribouisse,109,5,114
Ricaud,299,7,306
Rieux-en-Val,88,7,95
Rieux-Minervois,1987,28,2015
Rivel,199,3,202
Rodome,124,3,127
Roquecourbe-Minervois,132,6,138
Roquefère,79,1,80
Roquefeuil,289,4,293
Roquefort-de-Sault,84,0,84
Roquefort-des-Corbières,1024,18,1042
Roquetaillade-et-Conilhac,277,2,279
Roubia,509,13,522
Rouffiac-d'Aude,441,11,452
Rouffiac-des-Corbières,86,1,87
Roullens,465,14,479
Routier,248,6,254
Rustiques,507,12,519
Saint-Amans,64,3,67
Saint-André-de-Roquelongue,1390,17,1407
Saint-Benoît,105,3,108
Saint-Couat-d'Aude,404,4,408
Saint-Couat-du-Razès,51,1,52
Saint-Denis,512,12,524
Saint-Ferriol,116,2,118
Saint-Frichoux,255,7,262
Saint-Gaudéric,115,2,117
Saint-Hilaire,773,15,788
Saint-Jean-de-Barrou,254,0,254
Saint-Jean-de-Paracol,124,3,127
Saint-Julia-de-Bec,104,3,107
Saint-Julien-de-Briola,89,1,90
Saint-Just-et-le-Bézu,44,3,47
Saint-Laurent-de-la-Cabrerisse,736,26,762
Saint-Louis-et-Parahou,55,2,57
Saint-Marcel-sur-Aude,2005,28,2033
Saint-Martin-de-Villereglan,363,8,371
Saint-Martin-des-Puits,28,0,28
Saint-Martin-Lalande,1124,20,1144
Saint-Martin-le-Vieil,226,8,234
Saint-Martin-Lys,25,2,27
Saint-Michel-de-Lanès,464,12,476
Saint-Nazaire-d'Aude,2032,36,2068
Saint-Papoul,835,19,854
Saint-Paulet,199,4,203
Saint-Pierre-des-Champs,181,4,185
Saint-Polycarpe,147,2,149
Saint-Sernin,38,2,40
Sainte-Camelle,119,2,121
Sainte-Colombe-sur-Guette,46,0,46
Sainte-Colombe-sur-l'Hers,435,7,442
Sainte-Eulalie,506,9,515
Sainte-Valière,563,10,573
Saissac,929,26,955
Sallèles-Cabardès,119,3,122
Sallèles-d'Aude,2922,45,2967
Salles-d'Aude,3255,75,3330
Salles-sur-l'Hers,701,13,714
Salsigne,390,4,394
Salvezines,77,0,77
Salza,17,0,17
Seignalens,32,1,33
La Serpent,92,4,96
Serres,65,2,67
Serviès-en-Val,213,6,219
Sigean,5477,94,5571
Sonnac-sur-l'Hers,135,3,138
Sougraigne,112,6,118
Souilhanels,365,64,429
Souilhe,319,9,328
Soulatgé,128,0,128
Soupex,246,7,253
Talairan,467,7,474
Taurize,113,1,114
Termes,38,0,38
Terroles,17,0,17
Thézan-des-Corbières,544,10,554
La Tourette-Cabardès,23,2,25
Tournissan,272,4,276
Tourouzelle,469,6,475
Tourreilles,127,0,127
Trassanel,34,0,34
Trausse,590,3,593
Trèbes,5601,159,5760
Treilles,247,4,251
Tréville,104,5,109
Tréziers,100,1,101
Tuchan,786,11,797
Val-de-Dagne,739,11,750
Val de Lambronne,185,2,187
Val-du-Faby,562,19,581
Valmigère,17,0,17
Ventenac-Cabardès,959,45,1004
Ventenac-en-Minervois,553,10,563
Véraza,32,2,34
Verdun-en-Lauragais,273,6,279
Verzeille,493,8,501
Vignevieille,105,1,106
Villalier,1004,17,1021
Villanière,137,1,138
Villar-en-Val,26,1,27
Villar-Saint-Anselme,121,0,121
Villardebelle,53,0,53
Villardonnel,498,12,510
Villarzel-Cabardès,238,5,243
Villarzel-du-Razès,103,0,103
Villasavary,1209,28,1237
Villautou,63,0,63
Villebazy,127,2,129
Villedaigne,510,8,518
Villedubert,345,15,360
Villefloure,165,4,169
Villefort,89,1,90
Villegailhenc,1735,42,1777
Villegly,1134,23,1157
Villelongue-d'Aude,305,8,313
Villemagne,261,6,267
Villemoustaussou,4423,79,4502
Villeneuve-la-Comptal,1305,40,1345
Villeneuve-les-Corbières,242,5,247
Villeneuve-lès-Montréal,300,10,310
Villeneuve-Minervois,1019,9,1028
Villepinte,1303,24,1327
Villerouge-Termenès,147,5,152
Villesèque-des-Corbières,374,2,376
Villesèquelande,896,17,913
Villesiscle,383,6,389
Villespy,373,7,380
Villetritouls,38,3,41
Vinassan,2646,43,2689
Agen-d'Aveyron,1051,30,1081
Aguessac,867,24,891
Les Albres,346,6,352
Almont-les-Junies,464,20,484
Alrance,358,11,369
Ambeyrac,174,6,180
Anglars-Saint-Félix,820,21,841
Argences en Aubrac,1646,37,1683
Arnac-sur-Dourdou,34,1,35
Arques,135,2,137
Arvieu,783,29,812
Asprières,733,7,740
Aubin,3761,116,3877
Auriac-Lagast,229,3,232
Auzits,846,28,874
Ayssènes,216,3,219
Balaguier-d'Olt,162,6,168
Balaguier-sur-Rance,92,2,94
Baraqueville,3142,84,3226
Le Bas Ségala,1581,55,1636
La Bastide-Pradines,101,2,103
La Bastide-Solages,108,0,108
Belcastel,191,3,194
Belmont-sur-Rance,976,12,988
Bertholène,1046,21,1067
Bessuéjouls,213,8,221
Boisse-Penchot,515,10,525
Bor-et-Bar,194,4,198
Bouillac,414,16,430
Bournazel,348,5,353
Boussac,579,13,592
Bozouls,2871,61,2932
Brandonnet,319,16,335
Brasc,167,7,174
Brommat,638,8,646
Broquiès,612,16,628
Brousse-le-Château,158,4,162
Brusque,276,6,282
Cabanès,252,7,259
Calmels-et-le-Viala,208,11,219
Calmont,2053,72,2125
Camarès,1038,32,1070
Camboulazet,398,10,408
Camjac,572,15,587
Campagnac,450,6,456
Campouriez,350,7,357
Campuac,451,7,458
Canet-de-Salars,431,5,436
Cantoin,305,2,307
Capdenac-Gare,4505,123,4628
La Capelle-Balaguier,306,8,314
La Capelle-Bleys,361,8,369
La Capelle-Bonance,83,0,83
Cassagnes-Bégonhès,904,36,940
Cassuéjouls,108,5,113
Castanet,513,24,537
Castelmary,115,4,119
Castelnau-de-Mandailles,586,11,597
Castelnau-Pégayrols,333,4,337
Causse-et-Diège,758,18,776
La Cavalerie,1441,29,1470
Le Cayrol,259,4,263
Centrès,459,10,469
Clairvaux-d'Aveyron,1144,26,1170
Le Clapier,78,0,78
Colombiès,903,27,930
Combret,270,7,277
Compeyre,530,18,548
Compolibat,347,6,353
Comprégnac,249,9,258
Comps-la-Grand-Ville,624,20,644
Condom-d'Aubrac,301,13,314
Connac,109,3,112
Conques-en-Rouergue,1673,51,1724
Cornus,524,12,536
Les Costes-Gozon,186,1,187
Coubisou,492,14,506
Coupiac,392,9,401
La Couvertoirade,188,2,190
Cransac,1508,55,1563
Creissels,1591,47,1638
Crespin,312,0,312
La Cresse,317,14,331
Curan,302,14,316
Curières,226,4,230
Decazeville,5360,204,5564
Druelle Balsac,3143,91,3234
Drulhe,446,13,459
Durenque,524,9,533
Entraygues-sur-Truyère,996,14,1010
Escandolières,234,6,240
Espalion,4516,127,4643
Espeyrac,245,3,248
Estaing,473,16,489
Fayet,257,4,261
Le Fel,176,1,177
Firmi,2393,66,2459
Flagnac,1060,36,1096
Flavin,2322,48,2370
Florentin-la-Capelle,279,8,287
Foissac,476,10,486
Fondamente,327,10,337
La Fouillade,1081,25,1106
Gabriac,504,10,514
Gaillac-d'Aveyron,307,4,311
Galgan,373,7,380
Gissac,103,2,105
Golinhac,336,17,353
Goutrens,509,19,528
Gramond,498,7,505
L' Hospitalet-du-Larzac,280,2,282
Huparlac,257,7,264
Lacroix-Barrez,506,13,519
Laguiole,1242,26,1268
Laissac-Sévérac l'Église,2120,102,2222
Lanuéjouls,731,17,748
Lapanouse-de-Cernon,123,8,131
Lassouts,289,13,302
Laval-Roquecezière,282,4,286
Lédergues,644,20,664
Lescure-Jaoul,229,6,235
Lestrade-et-Thouels,493,9,502
Livinhac-le-Haut,1123,34,1157
La Loubière,1472,46,1518
Luc-la-Primaube,5969,163,6132
Lugan,337,10,347
Lunac,434,16,450
Maleville,953,18,971
Manhac,819,11,830
Marcillac-Vallon,1707,50,1757
Marnhagues-et-Latour,139,1,140
Martiel,1009,24,1033
Martrin,226,7,233
Mayran,635,15,650
Mélagues,60,0,60
Meljac,130,2,132
Millau,22109,735,22844
Le Monastère,2283,75,2358
Montagnol,133,1,134
Montbazens,1388,43,1431
Montclar,161,5,166
Monteils,542,89,631
Montézic,226,8,234
Montfranc,124,2,126
Montjaux,406,7,413
Montlaur,626,25,651
Montpeyroux,541,11,552
Montrozier,1630,47,1677
Montsalès,330,5,335
Morlhon-le-Haut,557,24,581
Mostuéjouls,315,5,320
Mounes-Prohencoux,182,8,190
Mouret,538,19,557
Moyrazès,1109,28,1137
Mur-de-Barrez,759,19,778
Murasson,194,4,198
Muret-le-Château,352,16,368
Murols,113,1,114
Najac,698,22,720
Nant,1004,19,1023
Naucelle,2004,145,2149
Naussac,373,8,381
Nauviale,553,19,572
Le Nayrac,512,12,524
Olemps,3403,92,3495
Ols-et-Rinhodes,173,2,175
Onet-le-Château,11881,574,12455
Palmas d'Aveyron,1024,15,1039
Paulhe,389,9,398
Peux-et-Couffouleux,87,1,88
Peyreleau,74,5,79
Peyrusse-le-Roc,227,5,232
Pierrefiche,274,5,279
Plaisance,221,6,227
Pomayrols,119,4,123
Pont-de-Salars,1652,43,1695
Pousthomy,211,3,214
Prades-d'Aubrac,378,4,382
Prades-Salars,309,5,314
Pradinas,360,6,366
Prévinquières,308,6,314
Privezac,323,10,333
Pruines,297,13,310
Quins,844,21,865
Rebourguil,280,4,284
Réquista,2005,94,2099
Rieupeyroux,1974,71,2045
Rignac,1946,139,2085
Rivière-sur-Tarn,1043,23,1066
Rodelle,1066,41,1107
Rodez,24057,1848,25905
La Roque-Sainte-Marguerite,182,6,188
Roquefort-sur-Soulzon,552,15,567
La Rouquette,784,32,816
Roussennac,628,17,645
Rullac-Saint-Cirq,344,5,349
Saint-Affrique,8089,657,8746
Saint-Amans-des-Cots,754,13,767
Saint-André-de-Najac,442,4,446
Saint-André-de-Vézines,135,1,136
Saint-Beaulize,89,8,97
Saint-Beauzély,596,15,611
Saint-Chély-d'Aubrac,529,14,543
Saint-Christophe-Vallon,1138,40,1178
Saint-Côme-d'Olt,1349,29,1378
Saint-Félix-de-Lunel,347,9,356
Saint-Félix-de-Sorgues,213,4,217
Saint Geniez d'Olt et d'Aubrac,2196,39,2235
Saint-Georges-de-Luzençon,1617,38,1655
Saint-Hippolyte,435,12,447
Saint-Igest,191,5,196
Saint-Izaire,303,9,312
Saint-Jean-d'Alcapiès,255,8,263
Saint-Jean-Delnous,418,16,434
Saint-Jean-du-Bruel,702,7,709
Saint-Jean-et-Saint-Paul,278,8,286
Saint-Juéry,287,3,290
Saint-Just-sur-Viaur,209,7,216
Saint-Laurent-d'Olt,646,80,726
Saint-Laurent-de-Lévézou,153,5,158
Saint-Léons,398,9,407
Saint-Martin-de-Lenne,302,12,314
Saint-Parthem,406,10,416
Saint-Rémy,317,15,332
Saint-Rome-de-Cernon,925,12,937
Saint-Rome-de-Tarn,871,17,888
Saint-Santin,555,10,565
Saint-Saturnin-de-Lenne,295,7,302
Saint-Sernin-sur-Rance,622,116,738
Saint-Sever-du-Moustier,201,8,209
Saint-Symphorien-de-Thénières,211,2,213
Saint-Victor-et-Melvieu,365,7,372
Sainte-Croix,736,18,754
Sainte-Eulalie-d'Olt,374,14,388
Sainte-Eulalie-de-Cernon,286,2,288
Sainte-Juliette-sur-Viaur,598,7,605
Sainte-Radegonde,1756,64,1820
Salles-Courbatiès,417,9,426
Salles-Curan,1043,29,1072
Salles-la-Source,2220,75,2295
Salmiech,773,24,797
Salvagnac-Cajarc,378,6,384
La Salvetat-Peyralès,976,15,991
Sanvensa,654,17,671
Sauclières,170,2,172
Saujac,125,3,128
Sauveterre-de-Rouergue,777,15,792
Savignac,721,23,744
Sébazac-Concourès,3253,90,3343
Sébrazac,506,6,512
Ségur,557,5,562
La Selve,628,12,640
Sénergues,421,16,437
La Serre,120,3,123
Sévérac d'Aveyron,4084,128,4212
Sonnac,518,10,528
Soulages-Bonneval,293,8,301
Sylvanès,111,2,113
Tauriac-de-Camarès,41,1,42
Tauriac-de-Naucelle,372,13,385
Taussac,520,4,524
Tayrac,176,2,178
Thérondels,406,7,413
Toulonjac,747,22,769
Tournemire,427,8,435
Trémouilles,504,13,517
Le Truel,345,7,352
Vabres-l'Abbaye,1200,32,1232
Vailhourles,634,20,654
Valady,1536,36,1572
Valzergues,214,11,225
Vaureilles,499,11,510
Verrières,454,8,462
Versols-et-Lapeyre,420,14,434
Veyreau,137,1,138
Vézins-de-Lévézou,656,15,671
Viala-du-Pas-de-Jaux,99,2,101
Viala-du-Tarn,504,10,514
Le Vibal,507,19,526
Villecomtal,403,8,411
Villefranche-de-Panat,703,27,730
Villefranche-de-Rouergue,11867,624,12491
Villeneuve,1988,47,2035
Vimenet,244,8,252
Viviez,1274,33,1307
Aix-en-Provence,142482,3194,145676
Allauch,21187,207,21394
Alleins,2512,50,2562
Arles,52548,770,53318
Aubagne,46209,412,46621
Aureille,1522,27,1549
Auriol,11908,176,12084
Aurons,551,16,567
La Barben,845,33,878
Barbentane,4143,189,4332
Les Baux-de-Provence,355,8,363
Beaurecueil,582,54,636
Belcodène,1898,34,1932
Berre-l'Étang,13472,91,13563
Bouc-Bel-Air,14654,292,14946
La Bouilladisse,6194,81,6275
Boulbon,1506,19,1525
Cabannes,4441,59,4500
Cabriès,9751,329,10080
Cadolive,2161,44,2205
Carnoux-en-Provence,6600,83,6683
Carry-le-Rouet,5823,128,5951
Cassis,7149,101,7250
Ceyreste,4584,92,4676
Charleval,2700,36,2736
Châteauneuf-le-Rouge,2235,72,2307
Châteauneuf-les-Martigues,16850,70,16920
Châteaurenard,15814,227,16041
La Ciotat,35174,389,35563
Cornillon-Confoux,1373,22,1395
Coudoux,3765,51,3816
Cuges-les-Pins,5080,54,5134
La Destrousse,3503,42,3545
Éguilles,7856,140,7996
Ensuès-la-Redonne,5484,92,5576
Eygalières,1839,30,1869
Eyguières,7008,168,7176
Eyragues,4468,128,4596
La Fare-les-Oliviers,8476,98,8574
Fontvieille,3591,91,3682
Fos-sur-Mer,15494,160,15654
Fuveau,10157,181,10338
Gardanne,20794,349,21143
Gémenos,6502,124,6626
Gignac-la-Nerthe,9326,83,9409
Grans,5118,82,5200
Graveson,4864,80,4944
Gréasque,4235,74,4309
Istres,43133,684,43817
Jouques,4413,97,4510
Lamanon,2004,42,2046
Lambesc,9672,247,9919
Lançon-Provence,8959,116,9075
Maillane,2582,32,2614
Mallemort,6019,113,6132
Marignane,32920,242,33162
Marseille 1er Arrondissement,39786,181,39967
Marseille 2e Arrondissement,24810,63,24873
Marseille 3e Arrondissement,48764,226,48990
Marseille 4e Arrondissement,48459,332,48791
Marseille 5e Arrondissement,46199,300,46499
Marseille 6e Arrondissement,42827,422,43249
Marseille 7e Arrondissement,34909,319,35228
Marseille 8e Arrondissement,81028,1180,82208
Marseille 9e Arrondissement,75914,658,76572
Marseille 10e Arrondissement,56138,374,56512
Marseille 11e Arrondissement,56790,457,57247
Marseille 12e Arrondissement,60634,591,61225
Marseille 13e Arrondissement,91992,736,92728
Marseille 14e Arrondissement,62951,271,63222
Marseille 15e Arrondissement,75901,317,76218
Marseille 16e Arrondissement,16208,78,16286
Martigues,48188,468,48656
Mas-Blanc-des-Alpilles,511,11,522
Maussane-les-Alpilles,2289,48,2337
Meyrargues,3804,53,3857
Meyreuil,5669,87,5756
Mimet,4482,78,4560
Miramas,26470,357,26827
Mollégès,2594,28,2622
Mouriès,3409,49,3458
Noves,5891,75,5966
Orgon,2963,36,2999
Paradou,2023,33,2056
Pélissanne,10344,259,10603
La Penne-sur-Huveaune,6436,59,6495
Les Pennes-Mirabeau,21046,275,21321
Peynier,3480,132,3612
Peypin,5495,75,5570
Peyrolles-en-Provence,5105,89,5194
Plan-d'Orgon,3453,48,3501
Plan-de-Cuques,10934,110,11044
Port-de-Bouc,16516,122,16638
Port-Saint-Louis-du-Rhône,8449,84,8533
Le Puy-Sainte-Réparade,5719,92,5811
Puyloubier,1792,103,1895
Rognac,12223,107,12330
Rognes,4735,127,4862
Rognonas,4101,59,4160
La Roque-d'Anthéron,5455,108,5563
Roquefort-la-Bédoule,5688,71,5759
Roquevaire,9003,142,9145
Rousset,4844,127,4971
Le Rove,5128,44,5172
Saint-Andiol,3247,43,3290
Saint-Antonin-sur-Bayon,124,4,128
Saint-Cannat,5634,115,5749
Saint-Chamas,8574,125,8699
Saint-Estève-Janson,381,8,389
Saint-Étienne-du-Grès,2481,43,2524
Saint-Marc-Jaumegarde,1250,43,1293
Saint-Martin-de-Crau,13389,267,13656
Saint-Mitre-les-Remparts,5837,110,5947
Saint-Paul-lès-Durance,871,17,888
Saint-Pierre-de-Mézoargues,207,5,212
Saint-Rémy-de-Provence,9893,224,10117
Saint-Savournin,3361,56,3417
Saint-Victoret,6625,59,6684
Saintes-Maries-de-la-Mer,2330,22,2352
Salon-de-Provence,45528,582,46110
Sausset-les-Pins,7568,144,7712
Sénas,6965,87,7052
Septèmes-les-Vallons,11019,75,11094
Simiane-Collongue,5596,91,5687
Tarascon,14813,140,14953
Le Tholonet,2305,57,2362
Trets,10613,162,10775
Vauvenargues,1013,20,1033
Velaux,8689,153,8842
Venelles,8383,185,8568
Ventabren,5459,145,5604
Vernègues,1845,37,1882
Verquières,818,17,835
Vitrolles,33310,340,33650
Ablon,1204,44,1248
Agy,292,6,298
Amayé-sur-Orne,1001,19,1020
Amayé-sur-Seulles,230,4,234
Amfreville,1399,20,1419
Angerville,172,1,173
Anisy,730,17,747
Annebault,448,13,461
Arganchy,227,3,230
Argences,3718,30,3748
Arromanches-les-Bains,489,12,501
Asnelles,595,8,603
Asnières-en-Bessin,65,2,67
Auberville,574,12,586
Aubigny,308,3,311
Audrieu,1046,19,1065
Aure sur Mer,739,9,748
Aurseulles,1916,40,1956
Authie,1595,47,1642
Les Authieux-sur-Calonne,286,11,297
Auvillars,227,2,229
Avenay,557,2,559
Balleroy-sur-Drôme,1408,57,1465
Banneville-la-Campagne,173,1,174
Banville,792,9,801
Barbery,825,17,842
Barbeville,178,3,181
Barneville-la-Bertran,127,2,129
Baron-sur-Odon,939,18,957
Barou-en-Auge,78,0,78
Basly,1105,17,1122
Basseneville,257,1,258
Bavent,1814,14,1828
Bayeux,13121,370,13491
Bazenville,137,2,139
La Bazoque,183,2,185
Beaufour-Druval,444,12,456
Beaumais,181,1,182
Beaumesnil,203,3,206
Beaumont-en-Auge,400,8,408
Belle Vie en Auge,533,8,541
Bellengreville,1493,17,1510
Benerville-sur-Mer,420,33,453
Bénouville,2049,39,2088
Bény-sur-Mer,445,8,453
Bernesq,204,1,205
Bernières-d'Ailly,243,7,250
Bernières-sur-Mer,2308,36,2344
Beuvillers,1351,27,1378
Beuvron-en-Auge,188,6,194
Biéville-Beuville,3391,71,3462
Blainville-sur-Orne,5801,75,5876
Blangy-le-Château,700,77,777
Blay,383,6,389
Blonville-sur-Mer,1545,35,1580
Le Bô,116,5,121
La Boissière,189,4,193
Bonnebosq,677,15,692
Bonnemaison,404,8,412
Bonneville-la-Louvet,756,11,767
Bonneville-sur-Touques,347,14,361
Bonnœil,131,1,132
Bons-Tassilly,404,8,412
Bougy,402,7,409
Boulon,681,6,687
Bourgeauville,107,1,108
Bourguébus,2016,22,2038
Branville,196,4,200
Brémoy,227,6,233
Bretteville-le-Rabet,305,5,310
Bretteville-sur-Laize,1876,25,1901
Bretteville-sur-Odon,3833,80,3913
Le Breuil-en-Auge,1028,23,1051
Le Breuil-en-Bessin,399,7,406
Le Brévedent,172,4,176
Bréville-les-Monts,655,5,660
Bricqueville,183,3,186
Brucourt,115,2,117
Le Bû-sur-Rouvres,100,2,102
Bucéels,397,6,403
Cabourg,3650,32,3682
Caen,105354,2169,107523
Cagny,1910,24,1934
Cahagnes,1394,25,1419
Cahagnolles,254,1,255
La Caine,158,2,160
Cairon,1987,46,2033
La Cambe,561,10,571
Cambes-en-Plaine,1722,49,1771
Cambremer,1359,24,1383
Campagnolles,535,0,535
Campigny,189,1,190
Canapville,233,5,238
Canchy,205,0,205
Canteloup,179,8,187
Carcagny,281,6,287
Cardonville,112,0,112
Carpiquet,2607,23,2630
Cartigny-l'Épinay,298,6,304
Le Castelet,1516,11,1527
Castillon,344,7,351
Castillon-en-Auge,166,2,168
Castine-en-Plaine,1552,21,1573
Caumont-sur-Aure,2368,25,2393
Cauvicourt,507,4,511
Cauville,164,3,167
Cernay,141,1,142
Cesny-aux-Vignes,419,13,432
Cesny-les-Sources,1334,28,1362
Chouain,224,13,237
Cintheaux,190,6,196
Clarbec,360,10,370
Clécy,1276,14,1290
Cléville,372,2,374
Colleville-Montgomery,2437,41,2478
Colleville-sur-Mer,175,4,179
Colombelles,6918,58,6976
Colombières,210,3,213
Colombiers-sur-Seulles,164,7,171
Colomby-Anguerny,1108,32,1140
Combray,148,1,149
Commes,401,10,411
Condé-en-Normandie,6634,278,6912
Condé-sur-Ifs,445,14,459
Condé-sur-Seulles,293,5,298
Coquainvilliers,856,20,876
Cordebugle,157,5,162
Cordey,154,3,157
Cormelles-le-Royal,4898,42,4940
Cormolain,419,3,422
Cossesseville,95,2,97
Cottun,222,0,222
Courcy,134,5,139
Courseulles-sur-Mer,4199,59,4258
Courtonne-la-Meurdrac,663,20,683
Courtonne-les-Deux-Églises,658,11,669
Courvaudon,239,1,240
Crépon,212,6,218
Cresserons,1145,28,1173
Cresseveuille,262,8,270
Creully sur Seulles,2278,79,2357
Cricquebœuf,293,6,299
Cricqueville-en-Auge,185,7,192
Cricqueville-en-Bessin,194,3,197
Cristot,214,6,220
Crocy,311,10,321
Croisilles,646,7,653
Crouay,529,10,539
Culey-le-Patry,357,4,361
Cussy,186,3,189
Cuverville,2130,32,2162
Damblainville,241,3,244
Danestal,385,7,392
Deauville,3604,61,3665
Démouville,3189,48,3237
Le Détroit,87,2,89
Deux-Jumeaux,55,3,58
Dialan sur Chaîne,1068,15,1083
Dives-sur-Mer,5546,186,5732
Donnay,279,2,281
Douville-en-Auge,213,6,219
Douvres-la-Délivrande,5062,212,5274
Dozulé,2284,23,2307
Drubec,118,1,119
Ducy-Sainte-Marguerite,160,3,163
Ellon,504,6,510
Émiéville,588,7,595
Englesqueville-en-Auge,110,2,112
Englesqueville-la-Percée,104,0,104
Épaney,514,11,525
Épinay-sur-Odon,614,10,624
Épron,1634,26,1660
Équemauville,1444,5,1449
Eraines,349,8,357
Ernes,322,10,332
Escoville,803,4,807
Espins,245,5,250
Esquay-Notre-Dame,1433,10,1443
Esquay-sur-Seulles,291,6,297
Esson,516,10,526
Estrées-la-Campagne,248,3,251
Éterville,1631,27,1658
Étréham,349,5,354
Évrecy,2008,37,2045
Falaise,8186,305,8491
Fauguernon,246,7,253
Le Faulq,343,7,350
Feuguerolles-Bully,1428,24,1452
Fierville-les-Parcs,212,4,216
Firfol,414,16,430
Fleury-sur-Orne,4915,70,4985
La Folie,99,2,101
La Folletière-Abenon,129,1,130
Fontaine-Étoupefour,2348,58,2406
Fontaine-Henry,466,6,472
Fontaine-le-Pin,357,4,361
Fontenay-le-Marmion,1930,23,1953
Fontenay-le-Pesnel,1160,17,1177
Formentin,250,5,255
Formigny La Bataille,731,14,745
Foulognes,197,3,200
Fourches,231,4,235
Fourneaux-le-Val,158,4,162
Le Fournet,62,0,62
Fourneville,495,22,517
Frénouville,1948,14,1962
Le Fresne-Camilly,900,23,923
Fresné-la-Mère,604,14,618
Fresney-le-Puceux,822,7,829
Fresney-le-Vieux,272,5,277
Fumichon,283,6,289
Gavrus,555,7,562
Géfosse-Fontenay,141,0,141
Genneville,827,18,845
Gerrots,53,3,56
Giberville,4967,53,5020
Glanville,172,15,187
Glos,924,21,945
Gonneville-en-Auge,392,4,396
Gonneville-sur-Honfleur,875,34,909
Gonneville-sur-Mer,673,13,686
Goustranville,201,3,204
Gouvix,843,3,846
Grainville-Langannerie,701,7,708
Grainville-sur-Odon,1037,9,1046
Grandcamp-Maisy,1563,24,1587
Grangues,249,3,252
Graye-sur-Mer,685,9,694
Grentheville,901,7,908
Grimbosq,287,7,294
Guéron,243,7,250
Hermanville-sur-Mer,3110,40,3150
Hermival-les-Vaux,813,38,851
Hérouville-Saint-Clair,22954,260,23214
Hérouvillette,1275,9,1284
Heuland,97,3,100
La Hoguette,714,19,733
Le Hom,3689,60,3749
Honfleur,7425,227,7652
L' Hôtellerie,313,8,321
Hotot-en-Auge,302,3,305
Hottot-les-Bagues,483,8,491
La Houblonnière,330,9,339
Houlgate,1873,39,1912
Ifs,11766,196,11962
Isigny-sur-Mer,3639,45,3684
Les Isles-Bardel,64,0,64
Janville,368,9,377
Jort,299,1,300
Juaye-Mondaye,670,14,684
Juvigny-sur-Seulles,84,1,85
Laize-Clinchamps,2017,22,2039
Landelles-et-Coupigny,861,20,881
Landes-sur-Ajon,426,5,431
Langrune-sur-Mer,1824,43,1867
Léaupartie,88,2,90
Leffard,204,2,206
Lessard-et-le-Chêne,158,0,158
Lingèvres,464,6,470
Lion-sur-Mer,2461,39,2500
Lisieux,20318,668,20986
Lison,443,5,448
Lisores,260,13,273
Litteau,293,3,296
Livarot-Pays-d'Auge,6323,114,6437
Les Loges,132,2,134
Les Loges-Saulces,170,3,173
Longues-sur-Mer,606,15,621
Longueville,279,9,288
Longvillers,360,5,365
Loucelles,183,5,188
Louvagny,60,3,63
Louvigny,2742,39,2781
Luc-sur-Mer,3182,53,3235
Magny-en-Bessin,155,8,163
Maisoncelles-Pelvey,262,9,271
Maisoncelles-sur-Ajon,189,4,193
Maisons,388,4,392
Maizet,363,4,367
Maizières,444,15,459
Malherbe-sur-Ajon,548,13,561
Maltot,1036,21,1057
Mandeville-en-Bessin,336,7,343
Manerbe,555,16,571
Manneville-la-Pipard,290,8,298
Le Manoir,219,3,222
Manvieux,131,6,137
Le Marais-la-Chapelle,108,2,110
Marolles,768,22,790
Martainville,119,1,120
Martigny-sur-l'Ante,319,6,325
Mathieu,2223,66,2289
May-sur-Orne,1960,15,1975
Merville-Franceville-Plage,2169,36,2205
Méry-Bissières-en-Auge,1106,8,1114
Meslay,292,5,297
Le Mesnil-au-Grain,77,2,79
Le Mesnil-Eudes,258,8,266
Le Mesnil-Guillaume,605,6,611
Le Mesnil-Robert,193,2,195
Le Mesnil-Simon,180,7,187
Le Mesnil-sur-Blangy,166,7,173
Le Mesnil-Villement,299,3,302
Meuvaines,144,3,147
Mézidon Vallée d'Auge,9712,116,9828
Le Molay-Littry,2988,36,3024
Les Monceaux,181,3,184
Monceaux-en-Bessin,563,4,567
Mondeville,9868,263,10131
Mondrainville,521,9,530
Monfréville,94,2,96
Montfiquet,106,2,108
Montigny,96,2,98
Montillières-sur-Orne,596,11,607
Montreuil-en-Auge,57,0,57
Les Monts d'Aunay,4669,65,4734
Monts-en-Bessin,415,5,420
Morteaux-Coulibœuf,647,4,651
Mosles,354,4,358
Mouen,1601,22,1623
Moulines,303,5,308
Moulins en Bessin,1171,21,1192
Moult-Chicheboville,3095,31,3126
Les Moutiers-en-Auge,122,3,125
Les Moutiers-en-Cinglais,517,59,576
Moyaux,1359,33,1392
Mutrécy,359,2,361
Nonant,496,13,509
Norolles,318,8,326
Noron-l'Abbaye,301,6,307
Noron-la-Poterie,397,5,402
Norrey-en-Auge,93,3,96
Notre-Dame-d'Estrées-Corbon,225,4,229
Notre-Dame-de-Livaye,117,3,120
Noues de Sienne,4423,100,4523
Olendon,184,3,187
Orbec,2013,49,2062
Osmanville,533,7,540
Ouézy,239,2,241
Ouffières,189,3,192
Ouilly-du-Houley,240,8,248
Ouilly-le-Tesson,591,10,601
Ouilly-le-Vicomte,810,24,834
Ouistreham,9081,148,9229
Parfouru-sur-Odon,196,11,207
Pennedepie,290,7,297
Périers-en-Auge,138,3,141
Périers-sur-le-Dan,513,6,519
Périgny,58,4,62
Perrières,327,6,333
Pertheville-Ners,245,5,250
Petiville,508,4,512
Pierrefitte-en-Auge,159,6,165
Pierrefitte-en-Cinglais,257,6,263
Pierrepont,93,1,94
Le Pin,812,21,833
Planquery,241,0,241
Plumetot,215,5,220
La Pommeraye,56,3,59
Pont-Bellanger,66,0,66
Pont-d'Ouilly,999,16,1015
Pont-l'Évêque,4662,70,4732
Pontécoulant,80,2,82
Ponts sur Seulles,1169,20,1189
Port-en-Bessin-Huppain,1942,20,1962
Potigny,2075,17,2092
Le Pré-d'Auge,887,22,909
Préaux-Bocage,123,0,123
Prêtreville,399,7,406
Putot-en-Auge,296,5,301
Quetteville,375,8,383
Ranchy,248,3,251
Ranville,1805,29,1834
Rapilly,47,0,47
Repentigny,89,3,92
Reux,410,6,416
Reviers,566,13,579
La Rivière-Saint-Sauveur,2538,36,2574
Rocques,286,14,300
La Roque-Baignard,118,1,119
Rosel,541,11,552
Rots,2438,71,2509
Rouvres,218,2,220
Rubercy,171,3,174
Rumesnil,101,3,104
Ryes,517,16,533
Saint-André-d'Hébertot,444,6,450
Saint-André-sur-Orne,1831,23,1854
Saint-Arnoult,1165,12,1177
Saint-Aubin-d'Arquenay,1070,15,1085
Saint-Aubin-des-Bois,234,1,235
Saint-Aubin-sur-Mer,2387,40,2427
Saint-Benoît-d'Hébertot,425,9,434
Saint-Côme-de-Fresné,263,4,267
Saint-Contest,2517,52,2569
Saint-Denis-de-Mailloc,301,5,306
Saint-Denis-de-Méré,834,12,846
Saint-Désir,1710,95,1805
Saint-Étienne-la-Thillaye,414,27,441
Saint-Gatien-des-Bois,1314,29,1343
Saint-Germain-de-Livet,769,17,786
Saint-Germain-du-Pert,179,1,180
Saint-Germain-la-Blanche-Herbe,2306,37,2343
Saint-Germain-Langot,319,4,323
Saint-Germain-le-Vasson,937,9,946
Saint-Hymer,664,11,675
Saint-Jean-de-Livet,221,5,226
Saint-Jouin,211,3,214
Saint-Julien-sur-Calonne,165,5,170
Saint-Lambert,275,2,277
Saint-Laurent-de-Condel,501,8,509
Saint-Laurent-sur-Mer,261,8,269
Saint-Léger-Dubosq,182,2,184
Saint-Louet-sur-Seulles,148,1,149
Saint-Loup-Hors,512,9,521
Saint-Manvieu-Norrey,1927,113,2040
Saint-Marcouf,102,2,104
Saint-Martin-aux-Chartrains,412,9,421
Saint-Martin-de-Bienfaite-la-Cressonnière,452,7,459
Saint-Martin-de-Blagny,131,6,137
Saint-Martin-de-Fontenay,2560,19,2579
Saint-Martin-de-la-Lieue,782,14,796
Saint-Martin-de-Mailloc,902,20,922
Saint-Martin-de-Mieux,423,8,431
Saint-Martin-des-Entrées,686,15,701
Saint-Omer,184,2,186
Saint-Ouen-du-Mesnil-Oger,208,3,211
Saint-Ouen-le-Pin,259,9,268
Saint-Pair,219,2,221
Saint-Paul-du-Vernay,818,14,832
Saint-Philbert-des-Champs,644,14,658
Saint-Pierre-Azif,164,9,173
Saint-Pierre-Canivet,400,3,403
Saint-Pierre-des-Ifs,451,19,470
Saint-Pierre-du-Bû,477,10,487
Saint-Pierre-du-Fresne,195,5,200
Saint-Pierre-du-Jonquet,237,1,238
Saint-Pierre-du-Mont,80,1,81
Saint-Pierre-en-Auge,7676,310,7986
Saint-Rémy,1001,15,1016
Saint-Samson,308,4,312
Saint-Sylvain,1435,24,1459
Saint-Vaast-en-Auge,95,3,98
Saint-Vaast-sur-Seulles,147,1,148
Saint-Vigor-le-Grand,2438,51,2489
Sainte-Croix-sur-Mer,246,6,252
Sainte-Honorine-de-Ducy,127,3,130
Sainte-Honorine-du-Fay,1339,18,1357
Sainte-Marguerite-d'Elle,767,13,780
Sainte-Marie-Outre-l'Eau,123,2,125
Saline,5428,117,5545
Sallen,302,7,309
Sallenelles,294,3,297
Saon,225,4,229
Saonnet,305,3,308
Sassy,209,3,212
Seulline,1343,18,1361
Soignolles,123,3,126
Soliers,2070,25,2095
Sommervieu,990,23,1013
Soulangy,255,6,261
Souleuvre en Bocage,8839,155,8994
Soumont-Saint-Quentin,542,7,549
Subles,672,21,693
Sully,140,9,149
Surrain,158,3,161
Surville,442,13,455
Terres de Druance,947,23,970
Tessel,249,3,252
Thaon,1571,31,1602
Le Theil-en-Auge,186,3,189
Thue et Mue,5904,94,5998
Tilly-sur-Seulles,1700,22,1722
Le Torquesne,509,19,528
Touffréville,372,1,373
Touques,3679,67,3746
Tour-en-Bessin,658,10,668
Tourgéville,799,20,819
Tournières,152,1,153
Tourville-en-Auge,234,11,245
Tourville-sur-Odon,1032,14,1046
Tracy-Bocage,303,7,310
Tracy-sur-Mer,341,7,348
Tréprel,108,0,108
Trévières,924,10,934
Le Tronquay,776,10,786
Trouville-sur-Mer,4628,89,4717
Trungy,215,3,218
Urville,671,6,677
Ussy,872,26,898
Vacognes-Neuilly,627,10,637
Val d'Arry,2256,48,2304
Val de Drôme,857,14,871
Val-de-Vie,540,13,553
Valambray,1769,25,1794
Valdallière,5951,119,6070
Valorbiquet,2508,45,2553
Valsemé,276,11,287
Varaville,954,20,974
Vaucelles,455,7,462
Vauville,189,13,202
Vaux-sur-Aure,336,12,348
Vaux-sur-Seulles,305,9,314
Vendes,320,8,328
Vendeuvre,774,11,785
Ver-sur-Mer,1625,41,1666
Versainville,469,8,477
Verson,3616,52,3668
La Vespière-Friardel,1199,17,1216
Le Vey,117,3,120
Vicques,70,0,70
Victot-Pontfol,107,4,111
Vienne-en-Bessin,297,4,301
Vierville-sur-Mer,229,4,233
Vieux,686,8,694
Vieux-Bourg,78,1,79
Vignats,289,8,297
Villers-Bocage,3108,35,3143
Villers-Canivet,771,21,792
Villers-sur-Mer,2644,60,2704
Villerville,627,14,641
La Villette,226,3,229
Villons-les-Buissons,749,24,773
Villy-Bocage,782,6,788
Villy-lez-Falaise,273,8,281
Vimont,746,14,760
Vire Normandie,17178,891,18069
Albepierre-Bredons,246,6,252
Allanche,790,9,799
Alleuze,216,4,220
Ally,605,12,617
Andelat,466,8,474
Anglards-de-Saint-Flour,349,16,365
Anglards-de-Salers,777,24,801
Anterrieux,123,7,130
Antignac,281,1,282
Apchon,186,6,192
Arches,181,3,184
Arnac,171,2,173
Arpajon-sur-Cère,6217,170,6387
Auriac-l'Église,153,0,153
Aurillac,25499,1329,26828
Auzers,166,4,170
Ayrens,652,14,666
Badailhac,139,6,145
Barriac-les-Bosquets,124,4,128
Bassignac,231,4,235
Beaulieu,94,4,98
Besse,126,3,129
Boisset,630,16,646
Bonnac,164,6,170
Brageac,76,0,76
Brezons,183,1,184
Carlat,352,10,362
Cassaniouze,528,17,545
Cayrols,294,7,301
Celoux,64,1,65
Cézens,218,4,222
Chaliers,160,8,168
Chalvignac,469,7,476
Champagnac,1095,24,1119
Champs-sur-Tarentaine-Marchal,1061,31,1092
Chanterelle,95,7,102
La Chapelle-d'Alagnon,249,6,255
La Chapelle-Laurent,261,3,264
Charmensac,85,2,87
Chaudes-Aigues,886,26,912
Chaussenac,219,3,222
Chazelles,33,0,33
Cheylade,225,6,231
Le Claux,181,2,183
Clavières,209,5,214
Collandres,152,12,164
Coltines,454,10,464
Condat,995,25,1020
Coren,434,12,446
Crandelles,845,22,867
Cros-de-Montvert,194,4,198
Cros-de-Ronesque,143,1,144
Cussac,127,7,134
Deux-Verges,50,2,52
Dienne,273,4,277
Drugeac,349,8,357
Escorailles,79,1,80
Espinasse,82,2,84
Le Falgoux,120,2,122
Le Fau,29,1,30
Ferrières-Saint-Mary,245,2,247
Fontanges,199,4,203
Freix-Anglards,218,6,224
Fridefont,103,2,105
Giou-de-Mamou,785,24,809
Girgols,76,4,80
Glénat,174,4,178
Gourdièges,60,0,60
Jabrun,155,2,157
Jaleyrac,370,9,379
Jou-sous-Monjou,102,2,104
Joursac,146,4,150
Junhac,301,11,312
Jussac,2019,72,2091
Labesserette,293,9,302
Labrousse,512,14,526
Lacapelle-Barrès,57,2,59
Lacapelle-del-Fraisse,344,10,354
Lacapelle-Viescamp,515,13,528
Ladinhac,458,8,466
Lafeuillade-en-Vézie,595,17,612
Landeyrat,89,5,94
Lanobre,1419,42,1461
Lapeyrugue,103,3,106
Laroquebrou,880,18,898
Laroquevieille,353,4,357
Lascelle,299,6,305
Lastic,122,4,126
Laurie,91,1,92
Laveissenet,130,3,133
Laveissière,524,14,538
Lavigerie,107,0,107
Leucamp,234,6,240
Leynhac,343,9,352
Leyvaux,37,3,40
Lieutadès,162,3,165
Lorcières,173,3,176
Lugarde,145,6,151
Madic,207,10,217
Malbo,97,5,102
Mandailles-Saint-Julien,187,3,190
Marcenat,515,7,522
Marchastel,154,11,165
Marcolès,595,60,655
Marmanhac,730,31,761
Massiac,1745,73,1818
Mauriac,3603,241,3844
Maurines,109,0,109
Maurs,2144,75,2219
Méallet,170,2,172
Menet,555,24,579
Mentières,127,3,130
Molèdes,92,2,94
Molompize,287,3,290
La Monselie,111,3,114
Montboudif,190,7,197
Montchamp,136,4,140
Le Monteil,285,12,297
Montgreleix,44,0,44
Montmurat,134,1,135
Montsalvy,817,12,829
Montvert,118,3,121
Moussages,273,7,280
Murat,1878,98,1976
Narnhac,72,0,72
Naucelles,2024,56,2080
Neussargues en Pinatelle,1818,30,1848
Neuvéglise-sur-Truyère,1746,43,1789
Nieudan,106,1,107
Omps,342,10,352
Pailherols,127,5,132
Parlan,437,14,451
Paulhac,414,11,425
Paulhenc,252,2,254
Peyrusse,153,0,153
Pierrefort,897,22,919
Pleaux,1489,35,1524
Polminhac,1163,28,1191
Pradiers,89,2,91
Prunet,677,15,692
Puycapel,783,14,797
Quézac,339,43,382
Rageade,100,2,102
Raulhac,272,7,279
Reilhac,1105,33,1138
Rézentières,110,2,112
Riom-ès-Montagnes,2513,63,2576
Roannes-Saint-Mary,1088,31,1119
Roffiac,615,18,633
Rouffiac,205,5,210
Le Rouget-Pers,1250,26,1276
Roumégoux,313,10,323
Rouziers,121,4,125
Ruynes-en-Margeride,707,24,731
Saignes,835,15,850
Saint-Amandin,231,4,235
Saint-Antoine,106,1,107
Saint-Bonnet-de-Condat,116,3,119
Saint-Bonnet-de-Salers,273,6,279
Saint-Cernin,1072,28,1100
Saint-Chamant,239,9,248
Saint-Cirgues-de-Jordanne,137,7,144
Saint-Cirgues-de-Malbert,249,4,253
Saint-Clément,75,1,76
Saint-Constant-Fournoulès,605,12,617
Saint-Étienne-Cantalès,132,3,135
Saint-Étienne-de-Carlat,132,2,134
Saint-Étienne-de-Chomeil,230,11,241
Saint-Étienne-de-Maurs,784,19,803
Saint-Flour,6435,512,6947
Saint-Georges,1177,30,1207
Saint-Gérons,217,7,224
Saint-Hippolyte,117,4,121
Saint-Illide,656,10,666
Saint-Jacques-des-Blats,330,5,335
Saint-Julien-de-Toursac,113,5,118
Saint-Mamet-la-Salvetat,1550,45,1595
Saint-Martial,81,1,82
Saint-Martin-Cantalès,146,3,149
Saint-Martin-sous-Vigouroux,236,5,241
Saint-Martin-Valmeroux,734,18,752
Saint-Mary-le-Plain,159,5,164
Saint-Paul-de-Salers,105,4,109
Saint-Paul-des-Landes,1534,47,1581
Saint-Pierre,134,2,136
Saint-Poncy,355,12,367
Saint-Projet-de-Salers,138,1,139
Saint-Rémy-de-Chaudes-Aigues,119,5,124
Saint-Santin-Cantalès,307,8,315
Saint-Santin-de-Maurs,356,15,371
Saint-Saturnin,205,4,209
Saint-Saury,185,5,190
Saint-Simon,1140,38,1178
Saint-Urcize,417,11,428
Saint-Victor,107,3,110
Saint-Vincent-de-Salers,66,2,68
Sainte-Eulalie,219,3,222
Sainte-Marie,108,1,109
Salers,329,5,334
Salins,147,2,149
Sansac-de-Marmiesse,1360,34,1394
Sansac-Veinazès,216,10,226
Sauvat,214,6,220
La Ségalassière,125,12,137
Ségur-les-Villas,202,5,207
Sénezergues,194,3,197
Siran,476,11,487
Soulages,80,3,83
Sourniac,201,9,210
Talizat,581,15,596
Tanavelle,234,8,242
Teissières-de-Cornet,293,5,298
Teissières-lès-Bouliès,329,6,335
Les Ternes,584,15,599
Thiézac,604,19,623
Tiviers,172,6,178
Tournemire,126,3,129
Trémouille,175,7,182
La Trinitat,48,4,52
Le Trioulou,103,3,106
Trizac,513,9,522
Ussel,479,9,488
Vabres,250,4,254
Val d'Arcomie,987,22,1009
Valette,228,8,236
Valjouze,24,0,24
Valuéjols,565,11,576
Le Vaulmier,71,4,75
Vebret,506,9,515
Védrines-Saint-Loup,141,7,148
Velzic,430,15,445
Vernols,65,1,66
Veyrières,112,3,115
Vézac,1205,36,1241
Vèze,56,5,61
Vezels-Roussy,130,3,133
Vic-sur-Cère,1828,33,1861
Vieillespesse,248,2,250
Vieillevie,111,4,115
Le Vigean,820,21,841
Villedieu,556,11,567
Virargues,133,6,139
Vitrac,265,6,271
Ydes,1699,30,1729
Yolet,550,10,560
Ytrac,4293,103,4396
Abzac,484,1,485
Les Adjots,525,8,533
Agris,857,10,867
Aigre,1591,39,1630
Alloue,468,11,479
Ambérac,319,2,321
Ambernac,368,6,374
Ambleville,180,4,184
Anais,581,21,602
Angeac-Champagne,509,9,518
Angeac-Charente,329,8,337
Angeduc,127,0,127
Angoulême,41740,1673,43413
Ansac-sur-Vienne,829,23,852
Ars,723,18,741
Asnières-sur-Nouère,1224,22,1246
Aubeterre-sur-Dronne,386,1,387
Aunac-sur-Charente,621,7,628
Aussac-Vadalle,513,8,521
Baignes-Sainte-Radegonde,1257,29,1286
Balzac,1337,33,1370
Barbezières,125,3,128
Barbezieux-Saint-Hilaire,4672,223,4895
Bardenac,228,9,237
Barret,1027,21,1048
Barro,413,11,424
Bassac,524,7,531
Bazac,143,5,148
Beaulieu-sur-Sonnette,207,3,210
Bécheresse,290,9,299
Bellevigne,1329,25,1354
Bellon,156,6,162
Benest,315,9,324
Bernac,489,9,498
Berneuil,316,6,322
Bessac,107,1,108
Bessé,121,7,128
Bioussac,227,7,234
Birac,361,5,366
Blanzaguet-Saint-Cybard,296,5,301
Boisbreteau,136,0,136
Boisné-La Tude,693,12,705
Bonnes,406,9,415
Bonneuil,260,1,261
Bors (Canton de Charente-Sud),116,1,117
Bors (Canton de Tude-et-Lavalette),268,4,272
Le Bouchage,166,1,167
Bouëx,892,12,904
Bourg-Charente,904,13,917
Bouteville,322,6,328
Boutiers-Saint-Trojan,1430,51,1481
Brettes,175,4,179
Bréville,466,13,479
Brie,4221,83,4304
Brie-sous-Barbezieux,130,1,131
Brie-sous-Chalais,154,0,154
Brigueuil,1096,17,1113
Brillac,639,6,645
Brossac,486,10,496
Bunzac,463,10,473
Cellefrouin,572,6,578
Cellettes,402,3,405
Chabanais,1651,33,1684
Chabrac,570,16,586
Chadurie,508,9,517
Chalais,1759,33,1792
Challignac,324,7,331
Champagne-Mouton,874,16,890
Champagne-Vigny,247,4,251
Champmillon,501,9,510
Champniers,5151,116,5267
Chantillac,332,3,335
La Chapelle,214,5,219
Charmé,355,6,361
Charras,337,3,340
Chasseneuil-sur-Bonnieure,3046,269,3315
Chassenon,880,20,900
Chassiecq,143,2,145
Chassors,1102,37,1139
Châteaubernard,3714,63,3777
Châteauneuf-sur-Charente,3536,62,3598
Châtignac,176,3,179
Chazelles,1558,25,1583
Chenon,135,5,140
Cherves-Châtelars,413,3,416
Cherves-Richemont,2344,101,2445
La Chèvrerie,140,2,142
Chillac,220,3,223
Chirac,751,17,768
Claix,1029,6,1035
Cognac,18825,450,19275
Combiers,124,5,129
Condac,477,9,486
Condéon,607,7,614
Confolens,2670,155,2825
Coteaux-du-Blanzacais,1033,18,1051
Coulgens,537,6,543
Coulonges,133,1,134
Courbillac,733,7,740
Courcôme,792,20,812
Courgeac,189,3,192
Courlac,54,2,56
La Couronne,7732,255,7987
Couture,159,3,162
Criteuil-la-Magdeleine,404,9,413
Curac,125,2,127
Deviat,143,0,143
Dignac,1322,15,1337
Dirac,1518,21,1539
Douzat,469,14,483
Ébréon,143,4,147
Échallat,497,4,501
Écuras,582,10,592
Édon,252,6,258
Empuré,100,3,103
Épenède,185,6,191
Les Essards,193,7,200
Esse,498,7,505
Étagnac,991,9,1000
Étriac,201,3,204
Exideuil-sur-Vienne,1014,27,1041
Eymouthiers,302,4,306
La Faye,596,11,607
Feuillade,310,6,316
Fléac,3742,103,3845
Fleurac,242,2,244
Fontclaireau,436,15,451
Fontenille,322,11,333
La Forêt-de-Tessé,189,6,195
Fouquebrune,682,13,695
Fouqueure,402,6,408
Foussignac,635,20,655
Garat,2055,34,2089
Gardes-le-Pontaroux,275,7,282
Genac-Bignac,997,13,1010
Gensac-la-Pallue,1549,41,1590
Genté,884,20,904
Gimeux,716,20,736
Gond-Pontouvre,6010,114,6124
Les Gours,108,1,109
Le Grand-Madieu,173,3,176
Grassac,323,5,328
Graves-Saint-Amant,334,10,344
Guimps,477,8,485
Guizengeard,170,2,172
Gurat,180,2,182
Hiersac,1101,20,1121
Hiesse,243,2,245
Houlette,368,4,372
L' Isle-d'Espagnac,5604,153,5757
Jarnac,4403,133,4536
Jauldes,801,8,809
Javrezac,583,8,591
Juignac,408,1,409
Juillac-le-Coq,649,12,661
Juillé,184,4,188
Julienne,508,11,519
Lachaise,319,6,325
Ladiville,120,2,122
Lagarde-sur-le-Né,184,5,189
Laprade,247,5,252
Lésignac-Durand,187,2,189
Lessac,535,11,546
Lesterps,479,15,494
Lichères,87,0,87
Ligné,159,2,161
Lignières-Sonneville,585,19,604
Linars,2078,48,2126
Le Lindois,345,4,349
Londigny,251,6,257
Longré,187,5,192
Lonnes,178,1,179
Louzac-Saint-André,995,18,1013
Lupsault,99,1,100
Lussac,290,7,297
Luxé,723,7,730
La Magdeleine,114,7,121
Magnac-Lavalette-Villars,440,5,445
Magnac-sur-Touvre,3139,68,3207
Maine-de-Boixe,484,3,487
Mainxe-Gondeville,1159,24,1183
Mainzac,110,0,110
Manot,550,5,555
Mansle,1671,17,1688
Marcillac-Lanville,511,10,521
Mareuil,405,4,409
Marillac-le-Franc,824,9,833
Marsac,827,11,838
Marthon,559,7,566
Massignac,390,6,396
Mazerolles,305,5,310
Médillac,158,5,163
Mérignac,839,14,853
Merpins,1104,40,1144
Mesnac,405,22,427
Les Métairies,727,15,742
Mons,247,4,251
Montboyer,350,7,357
Montbron,2028,23,2051
Montembœuf,653,29,682
Montignac-Charente,728,10,738
Montignac-le-Coq,138,2,140
Montjean,236,4,240
Montmérac,722,17,739
Montmoreau,2575,102,2677
Montrollet,312,2,314
Mornac,2172,51,2223
Mosnac,451,5,456
Moulidars,725,8,733
Moulins-sur-Tardoire,777,15,792
Mouthiers-sur-Boëme,2436,59,2495
Mouton,224,3,227
Moutonneau,115,0,115
Mouzon,131,2,133
Nabinaud,100,0,100
Nanclars,204,5,209
Nanteuil-en-Vallée,1359,25,1384
Nercillac,1081,22,1103
Nersac,2416,53,2469
Nieuil,932,22,954
Nonac,281,7,288
Oradour,164,1,165
Oradour-Fanais,396,3,399
Orgedeuil,229,1,230
Oriolles,255,6,261
Orival,154,3,157
Paizay-Naudouin-Embourie,368,3,371
Palluaud,228,6,234
Parzac,140,5,145
Passirac,240,11,251
Pérignac,462,10,472
Pillac,266,5,271
Les Pins,462,15,477
Plassac-Rouffiac,401,6,407
Pleuville,342,6,348
Poullignac,87,1,88
Poursac,204,2,206
Pranzac,903,10,913
Pressignac,349,5,354
Puymoyen,2377,145,2522
Puyréaux,533,9,542
Raix,141,7,148
Ranville-Breuillaud,176,2,178
Reignac,747,16,763
Réparsac,601,11,612
Rioux-Martin,233,3,236
Rivières,1999,31,2030
La Rochefoucauld-en-Angoumois,3981,155,4136
La Rochette,533,11,544
Ronsenac,571,7,578
Rouffiac,122,0,122
Rougnac,407,5,412
Rouillac,2976,50,3026
Roullet-Saint-Estèphe,4262,67,4329
Roussines,283,2,285
Rouzède,241,4,245
Ruelle-sur-Touvre,7201,205,7406
Ruffec,3410,161,3571
Saint-Adjutory,481,7,488
Saint-Amant-de-Boixe,1370,23,1393
Saint-Amant-de-Nouère,404,3,407
Saint-Aulais-la-Chapelle,233,3,236
Saint-Avit,199,2,201
Saint-Bonnet,407,6,413
Saint-Brice,965,34,999
Saint-Christophe,332,8,340
Saint-Ciers-sur-Bonnieure,334,14,348
Saint-Claud,1057,24,1081
Saint-Coutant,220,2,222
Saint-Cybardeaux,829,12,841
Saint-Félix,111,1,112
Saint-Fort-sur-le-Né,372,6,378
Saint-Fraigne,442,5,447
Saint-Front,369,1,370
Saint-Genis-d'Hiersac,907,18,925
Saint-Georges,54,0,54
Saint-Germain-de-Montbron,477,11,488
Saint-Gourson,140,1,141
Saint-Groux,137,0,137
Saint-Laurent-de-Céris,778,15,793
Saint-Laurent-de-Cognac,829,27,856
Saint-Laurent-des-Combes,92,2,94
Saint-Martial,131,3,134
Saint-Martin-du-Clocher,123,3,126
Saint-Mary,348,3,351
Saint-Maurice-des-Lions,881,24,905
Saint-Médard,326,4,330
Saint-Même-les-Carrières,1068,29,1097
Saint-Michel,3227,39,3266
Saint-Palais-du-Né,289,6,295
Saint-Preuil,292,10,302
Saint-Quentin-de-Chalais,255,8,263
Saint-Quentin-sur-Charente,215,2,217
Saint-Romain,529,14,543
Saint-Saturnin,1292,31,1323
Saint-Séverin,774,6,780
Saint-Simeux,594,13,607
Saint-Simon,203,3,206
Saint-Sornin,801,16,817
Saint-Sulpice-de-Cognac,1216,16,1232
Saint-Sulpice-de-Ruffec,31,0,31
Saint-Vallier,136,1,137
Saint-Yrieix-sur-Charente,7274,223,7497
Sainte-Sévère,524,11,535
Sainte-Souline,118,4,122
Salles-d'Angles,1026,28,1054
Salles-de-Barbezieux,427,92,519
Salles-de-Villefagnan,323,6,329
Salles-Lavalette,352,13,365
Saulgond,522,10,532
Sauvagnac,62,2,64
Sauvignac,104,1,105
Segonzac,2089,79,2168
Sers,871,20,891
Sigogne,992,20,1012
Sireuil,1158,42,1200
Souffrignac,134,2,136
Souvigné,208,6,214
Soyaux,9351,308,9659
Suaux,390,5,395
La Tâche,115,0,115
Taizé-Aizie,577,16,593
Taponnat-Fleurignac,1504,27,1531
Le Tâtre,394,6,400
Terres-de-Haute-Charente,3953,105,4058
Theil-Rabier,171,2,173
Torsac,749,32,781
Tourriers,758,9,767
Touvérac,626,6,632
Touvre,1191,26,1217
Triac-Lautrait,453,62,515
Trois-Palis,955,21,976
Turgon,86,3,89
Tusson,221,7,228
Val-d'Auge,811,19,830
Val-de-Bonnieure,1301,17,1318
Val des Vignes,1428,24,1452
Valence,197,4,201
Vars,2081,31,2112
Vaux-Lavalette,93,2,95
Vaux-Rouillac,297,3,300
Ventouse,126,0,126
Verdille,353,7,360
Verneuil,98,5,103
Verrières,352,9,361
Verteuil-sur-Charente,658,5,663
Vervant,146,2,148
Vibrac,287,5,292
Le Vieux-Cérier,131,3,134
Vieux-Ruffec,106,2,108
Vignolles,168,10,178
Villebois-Lavalette,744,20,764
Villefagnan,999,11,1010
Villejoubert,332,1,333
Villiers-le-Roux,137,2,139
Villognon,321,5,326
Vindelle,1075,18,1093
Vitrac-Saint-Vincent,521,10,531
Vouharte,329,2,331
Voulgézac,248,4,252
Vouthon,419,6,425
Vouzan,780,8,788
Vœuil-et-Giget,1509,27,1536
Xambes,293,4,297
Yviers,510,4,514
Yvrac-et-Malleyrand,547,10,557
Agudelle,134,4,138
Aigrefeuille-d'Aunis,4037,71,4108
Allas-Bocage,195,1,196
Allas-Champagne,264,4,268
Anais,320,7,327
Andilly,2235,33,2268
Angliers,1060,8,1068
Angoulins,3940,99,4039
Annepont,377,5,382
Annezay,162,5,167
Antezant-la-Chapelle,349,7,356
Arces,753,8,761
Archiac,772,12,784
Archingeay,671,13,684
Ardillières,849,13,862
Ars-en-Ré,1307,23,1330
Arthenac,345,4,349
Arvert,3448,78,3526
Asnières-la-Giraud,1050,31,1081
Aujac,369,6,375
Aulnay,1369,25,1394
Aumagne,707,11,718
Authon-Ébéon,390,5,395
Avy,476,7,483
Aytré,8725,160,8885
Bagnizeau,207,1,208
Balanzac,549,6,555
Ballans,197,2,199
Ballon,795,7,802
La Barde,497,6,503
Barzan,470,7,477
Bazauges,117,3,120
Beaugeay,779,20,799
Beauvais-sur-Matha,635,9,644
Bedenac,686,6,692
Belluire,208,1,209
Benon,1625,15,1640
Bercloux,439,9,448
Bernay-Saint-Martin,767,12,779
Berneuil,1146,21,1167
Beurlay,1034,18,1052
Bignay,411,13,424
Biron,230,1,231
Blanzac-lès-Matha,328,4,332
Blanzay-sur-Boutonne,82,5,87
Bois,530,132,662
Le Bois-Plage-en-Ré,2248,31,2279
Boisredon,702,9,711
Bords,1347,29,1376
Boresse-et-Martron,210,11,221
Boscamnant,387,2,389
Bougneau,605,14,619
Bouhet,903,16,919
Bourcefranc-le-Chapus,3454,119,3573
Bourgneuf,1275,23,1298
Boutenac-Touvent,224,5,229
Bran,130,2,132
La Brée-les-Bains,695,5,700
Bresdon,223,4,227
Breuil-la-Réorte,457,7,464
Breuil-Magné,1685,48,1733
Breuillet,2917,58,2975
Brie-sous-Archiac,241,5,246
Brie-sous-Matha,179,4,183
Brie-sous-Mortagne,236,3,239
Brives-sur-Charente,233,6,239
Brizambourg,905,15,920
La Brousse,509,9,518
Burie,1279,26,1305
Bussac-Forêt,1034,16,1050
Bussac-sur-Charente,1266,39,1305
Cabariot,1341,24,1365
Celles,323,3,326
Cercoux,1171,14,1185
Chadenac,498,7,505
Chaillevette,1565,33,1598
Chambon,928,12,940
Chamouillac,374,7,381
Champagnac,529,8,537
Champagne,611,12,623
Champagnolles,648,8,656
Champdolent,400,7,407
Chaniers,3590,90,3680
Chantemerle-sur-la-Soie,185,3,188
La Chapelle-des-Pots,1002,23,1025
Charron,1989,23,2012
Chartuzac,151,2,153
Le Château-d'Oléron,4184,66,4250
Châtelaillon-Plage,5846,91,5937
Chatenet,222,7,229
Chaunac,78,2,80
Le Chay,767,15,782
Chenac-Saint-Seurin-d'Uzet,594,13,607
Chepniers,646,11,657
Chérac,1104,16,1120
Cherbonnières,338,2,340
Chermignac,1247,34,1281
Chevanceaux,1044,113,1157
Chives,331,1,332
Cierzac,307,5,312
Ciré-d'Aunis,1361,23,1384
Clam,418,15,433
Clavette,1380,19,1399
Clérac,977,16,993
Clion,813,12,825
La Clisse,691,15,706
La Clotte,708,7,715
Coivert,213,2,215
Colombiers,313,7,320
Consac,211,8,219
Contré,145,2,147
Corignac,360,10,370
Corme-Écluse,1113,22,1135
Corme-Royal,1839,38,1877
La Couarde-sur-Mer,1206,20,1226
Coulonges,241,4,245
Courant,414,5,419
Courcelles,471,10,481
Courcerac,296,6,302
Courcoury,690,12,702
Courpignac,412,6,418
Courçon,1740,28,1768
Coux,456,13,469
Cozes,2142,43,2185
Cramchaban,655,13,668
Cravans,872,75,947
Crazannes,440,10,450
Cressé,240,3,243
Croix-Chapeau,1245,27,1272
La Croix-Comtesse,223,3,226
Dampierre-sur-Boutonne,282,3,285
La Devise,1121,17,1138
Dolus-d'Oléron,3229,67,3296
Dompierre-sur-Charente,458,9,467
Dompierre-sur-Mer,5482,139,5621
Le Douhet,713,13,726
Dœuil-sur-le-Mignon,338,7,345
Échebrune,485,8,493
Échillais,3545,60,3605
Écoyeux,1354,23,1377
Écurat,471,15,486
Les Éduts,62,1,63
Les Églises-d'Argenteuil,519,7,526
L' Éguille,872,21,893
Épargnes,843,7,850
Esnandes,2069,24,2093
Les Essards,698,8,706
Essouvert,1163,76,1239
Étaules,2475,42,2517
Expiremont,127,3,130
Fenioux,160,2,162
Ferrières,922,7,929
Fléac-sur-Seugne,373,7,380
Floirac,371,4,375
La Flotte,2762,42,2804
Fontaine-Chalendray,201,0,201
Fontaines-d'Ozillac,520,12,532
Fontcouverte,2354,55,2409
Fontenet,396,13,409
Forges,1301,14,1315
Le Fouilloux,774,14,788
Fouras,4006,76,4082
Geay,747,20,767
Gémozac,2851,29,2880
La Genétouze,230,8,238
Genouillé,895,9,904
Germignac,651,7,658
Gibourne,112,0,112
Le Gicq,125,0,125
Givrezac,68,1,69
Les Gonds,1726,70,1796
Gourvillette,89,3,92
Le Grand-Village-Plage,1051,14,1065
Grandjean,300,6,306
La Grève-sur-Mignon,563,11,574
Grézac,929,19,948
La Gripperie-Saint-Symphorien,593,5,598
Le Gua,2097,33,2130
Le Gué-d'Alleré,928,11,939
Guitinières,542,6,548
Haimps,464,9,473
L' Houmeau,2853,56,2909
Île-d'Aix,224,5,229
La Jard,422,3,425
Jarnac-Champagne,786,20,806
La Jarne,2490,42,2532
La Jarrie,3265,68,3333
La Jarrie-Audouin,265,15,280
Jazennes,532,7,539
Jonzac,3432,224,3656
Juicq,294,0,294
Jussas,150,2,152
Lagord,7048,151,7199
La Laigne,474,5,479
Landes,611,17,628
Landrais,736,9,745
Léoville,312,8,320
Loire-les-Marais,393,9,402
Loiré-sur-Nie,284,4,288
Loix,729,17,746
Longèves,975,15,990
Lonzac,271,4,275
Lorignac,493,4,497
Loulay,766,9,775
Louzignac,160,1,161
Lozay,136,4,140
Luchat,525,11,536
Lussac,52,0,52
Lussant,1002,14,1016
Macqueville,290,8,298
Marans,4497,64,4561
Marennes-Hiers-Brouage,6252,104,6356
Marignac,422,17,439
Marsais,922,21,943
Marsilly,3045,88,3133
Massac,175,2,177
Matha,2166,80,2246
Les Mathes,1974,29,2003
Mazeray,959,14,973
Mazerolles,228,3,231
Médis,2881,68,2949
Mérignac,224,3,227
Meschers-sur-Gironde,3110,64,3174
Messac,105,6,111
Meursac,1489,21,1510
Meux,316,7,323
Migré,331,6,337
Migron,724,15,739
Mirambeau,1492,31,1523
Moëze,564,4,568
Mons,438,8,446
Montendre,3242,55,3297
Montguyon,1576,23,1599
Montils,853,12,865
Montlieu-la-Garde,1264,10,1274
Montpellier-de-Médillan,682,8,690
Montroy,893,13,906
Moragne,507,7,514
Mornac-sur-Seudre,841,12,853
Mortagne-sur-Gironde,904,11,915
Mortiers,186,1,187
Mosnac,466,5,471
Le Mung,305,8,313
Muron,1344,17,1361
Nachamps,194,4,198
Nancras,786,12,798
Nantillé,326,12,338
Néré,734,8,742
Neuillac,302,11,313
Neulles,148,2,150
Neuvicq,452,5,457
Neuvicq-le-Château,321,5,326
Nieul-le-Virouil,578,18,596
Nieul-lès-Saintes,1252,22,1274
Nieul-sur-Mer,5759,144,5903
Nieulle-sur-Seudre,1227,20,1247
Les Nouillers,698,8,706
Nuaillé-d'Aunis,1139,15,1154
Nuaillé-sur-Boutonne,198,7,205
Orignolles,676,7,683
Ozillac,626,14,640
Paillé,315,6,321
Pérignac,1017,13,1030
Périgny,8428,184,8612
Pessines,745,29,774
Le Pin,80,1,81
Pisany,738,10,748
Plassac,597,5,602
Plassay,721,18,739
Polignac,170,3,173
Pommiers-Moulons,207,2,209
Pons,4182,249,4431
Pont-l'Abbé-d'Arnoult,1807,235,2042
Port-d'Envaux,1154,28,1182
Port-des-Barques,1777,17,1794
Les Portes-en-Ré,606,12,618
Pouillac,249,0,249
Poursay-Garnaud,315,6,321
Préguillac,450,18,468
Prignac,297,9,306
Puilboreau,6182,117,6299
Puy-du-Lac,487,5,492
Puyravault,673,10,683
Puyrolland,201,1,202
Réaux sur Trèfle,821,15,836
Rétaud,1069,19,1088
Rioux,960,18,978
Rivedoux-Plage,2280,45,2325
Rochefort,24151,694,24845
La Rochelle,75735,2120,77855
Romazières,71,1,72
Romegoux,603,8,611
La Ronde,1050,32,1082
Rouffiac,459,5,464
Rouffignac,422,9,431
Royan,18398,551,18949
Sablonceaux,1397,31,1428
Saint-Agnant,2682,61,2743
Saint-Aigulin,1911,40,1951
Saint-André-de-Lidon,1105,14,1119
Saint-Augustin,1351,24,1375
Saint-Bonnet-sur-Gironde,825,14,839
Saint-Bris-des-Bois,389,9,398
Saint-Césaire,875,17,892
Saint-Christophe,1357,27,1384
Saint-Ciers-Champagne,416,13,429
Saint-Ciers-du-Taillon,550,8,558
Saint-Clément-des-Baleines,644,10,654
Saint-Coutant-le-Grand,421,1,422
Saint-Crépin,347,3,350
Saint-Cyr-du-Doret,656,4,660
Saint-Denis-d'Oléron,1320,22,1342
Saint-Dizant-du-Bois,111,1,112
Saint-Dizant-du-Gua,533,3,536
Saint-Eugène,276,5,281
Saint-Félix,299,3,302
Saint-Fort-sur-Gironde,909,10,919
Saint-Froult,335,7,342
Saint-Genis-de-Saintonge,1244,51,1295
Saint-Georges-Antignac,379,6,385
Saint-Georges-d'Oléron,3719,56,3775
Saint-Georges-de-Didonne,5360,111,5471
Saint-Georges-de-Longuepierre,230,4,234
Saint-Georges-des-Agoûts,288,3,291
Saint-Georges-des-Coteaux,2692,58,2750
Saint-Georges-du-Bois,1774,32,1806
Saint-Germain-de-Lusignan,1303,125,1428
Saint-Germain-de-Vibrac,190,2,192
Saint-Germain-du-Seudre,433,8,441
Saint-Grégoire-d'Ardennes,151,3,154
Saint-Hilaire-de-Villefranche,1321,15,1336
Saint-Hilaire-du-Bois,332,6,338
Saint-Hippolyte,1416,15,1431
Saint-Jean-d'Angély,6976,441,7417
Saint-Jean-d'Angle,693,7,700
Saint-Jean-de-Liversay,2891,41,2932
Saint-Julien-de-l'Escap,891,20,911
Saint-Just-Luzac,1993,36,2029
Saint-Laurent-de-la-Prée,2114,39,2153
Saint-Léger,632,12,644
Saint-Loup,303,4,307
Saint-Maigrin,531,10,541
Saint-Mandé-sur-Brédoire,309,6,315
Saint-Mard,1198,18,1216
Saint-Martial,116,2,118
Saint-Martial-de-Mirambeau,270,6,276
Saint-Martial-de-Vitaterne,548,14,562
Saint-Martial-sur-Né,452,10,462
Saint-Martin-d'Ary,473,12,485
Saint-Martin-de-Coux,461,4,465
Saint-Martin-de-Juillers,158,3,161
Saint-Martin-de-Ré,2231,20,2251
Saint-Médard,75,1,76
Saint-Médard-d'Aunis,2255,43,2298
Saint-Nazaire-sur-Charente,1186,25,1211
Saint-Ouen-d'Aunis,1730,28,1758
Saint-Ouen-la-Thène,114,6,120
Saint-Palais-de-Négrignac,438,6,444
Saint-Palais-de-Phiolin,208,3,211
Saint-Palais-sur-Mer,3897,91,3988
Saint-Pardoult,241,4,245
Saint-Pierre-d'Amilly,529,5,534
Saint-Pierre-d'Oléron,6743,137,6880
Saint-Pierre-de-Juillers,363,3,366
Saint-Pierre-de-l'Isle,264,4,268
Saint-Pierre-du-Palais,366,8,374
Saint-Pierre-La-Noue,1575,60,1635
Saint-Porchaire,1862,32,1894
Saint-Quantin-de-Rançanne,268,7,275
Saint-Rogatien,2206,50,2256
Saint-Romain-de-Benet,1712,27,1739
Saint-Saturnin-du-Bois,891,18,909
Saint-Sauvant,485,9,494
Saint-Sauveur-d'Aunis,1704,28,1732
Saint-Savinien,2433,106,2539
Saint-Seurin-de-Palenne,165,7,172
Saint-Sever-de-Saintonge,614,15,629
Saint-Séverin-sur-Boutonne,99,7,106
Saint-Sigismond-de-Clermont,159,3,162
Saint-Simon-de-Bordes,734,13,747
Saint-Simon-de-Pellouaille,654,7,661
Saint-Sorlin-de-Conac,198,2,200
Saint-Sornin,389,3,392
Saint-Sulpice-d'Arnoult,865,10,875
Saint-Sulpice-de-Royan,3204,60,3264
Saint-Thomas-de-Conac,559,9,568
Saint-Trojan-les-Bains,1262,23,1285
Saint-Vaize,651,8,659
Saint-Vivien,1307,19,1326
Saint-Xandre,4848,158,5006
Sainte-Colombe,109,1,110
Sainte-Gemme,1320,15,1335
Sainte-Lheurine,512,10,522
Sainte-Marie-de-Ré,3366,107,3473
Sainte-Même,244,2,246
Sainte-Radegonde,580,11,591
Sainte-Ramée,121,4,125
Sainte-Soulle,4533,90,4623
Saintes,25470,1343,26813
Saleignes,62,0,62
Salignac-de-Mirambeau,164,1,165
Salignac-sur-Charente,599,16,615
Salles-sur-Mer,2153,58,2211
Saujon,7165,114,7279
Seigné,77,0,77
Semillac,72,1,73
Semoussac,364,3,367
Semussac,2333,46,2379
Le Seure,255,4,259
Siecq,215,5,220
Sonnac,505,10,515
Soubise,2998,29,3027
Soubran,380,6,386
Soulignonne,701,6,707
Souméras,363,6,369
Sousmoulins,219,7,226
Surgères,6807,186,6993
Taillant,182,1,183
Taillebourg,731,22,753
Talmont-sur-Gironde,100,1,101
Tanzac,312,3,315
Taugon,791,13,804
Ternant,379,8,387
Tesson,1075,23,1098
Thaims,384,3,387
Thairé,1691,42,1733
Thénac,1677,276,1953
Thézac,321,5,326
Thors,460,6,466
Le Thou,1900,31,1931
Tonnay-Boutonne,1151,11,1162
Tonnay-Charente,8010,134,8144
Torxé,202,8,210
Les Touches-de-Périgny,568,10,578
La Tremblade,4336,63,4399
Trizay,1476,33,1509
Tugéras-Saint-Maurice,376,6,382
La Vallée,677,11,688
Vanzac,148,1,149
Varaize,560,10,570
Varzay,816,14,830
Vaux-sur-Mer,3798,75,3873
Vénérand,761,16,777
Vergeroux,1208,22,1230
La Vergne,585,8,593
Vergné,138,3,141
Vérines,2245,31,2276
Vervant,238,2,240
Vibrac,152,3,155
Villars-en-Pons,566,12,578
Villars-les-Bois,246,9,255
La Villedieu,209,2,211
Villedoux,2237,17,2254
Villemorin,97,0,97
Villeneuve-la-Comtesse,741,15,756
Villexavier,272,3,275
Villiers-Couture,116,1,117
Vinax,61,1,62
Virollet,275,4,279
Virson,760,10,770
Voissay,156,3,159
Vouhé,656,11,667
Yves,1477,24,1501
Achères,380,7,387
Ainay-le-Vieil,186,4,190
Les Aix-d'Angillon,1916,28,1944
Allogny,1017,22,1039
Allouis,1071,21,1092
Annoix,233,2,235
Apremont-sur-Allier,71,3,74
Arcomps,306,12,318
Ardenais,200,8,208
Argent-sur-Sauldre,2102,40,2142
Argenvières,461,6,467
Arpheuilles,297,5,302
Arçay,510,10,520
Assigny,152,7,159
Aubigny-sur-Nère,5488,130,5618
Aubinges,394,3,397
Augy-sur-Aubois,290,2,292
Avord,2613,32,2645
Azy,445,7,452
Bannay,907,14,921
Bannegon,274,4,278
Barlieu,359,8,367
Baugy,1721,29,1750
Beddes,93,3,96
Beffes,641,12,653
Belleville-sur-Loire,1058,28,1086
Bengy-sur-Craon,663,65,728
Berry-Bouy,1189,37,1226
Bessais-le-Fromental,312,4,316
Blancafort,1038,33,1071
Blet,575,6,581
Boulleret,1436,33,1469
Bourges,64551,2038,66589
Bouzais,313,8,321
Brécy,1013,24,1037
Brinay,522,7,529
Brinon-sur-Sauldre,982,14,996
Bruère-Allichamps,564,10,574
Bué,313,8,321
Bussy,380,6,386
La Celette,181,2,183
La Celle,348,2,350
La Celle-Condé,202,0,202
Cerbois,435,9,444
Chalivoy-Milon,431,8,439
Chambon,173,3,176
La Chapelle-d'Angillon,629,9,638
La Chapelle-Hugon,387,5,392
La Chapelle-Montlinard,471,9,480
La Chapelle-Saint-Ursin,3542,79,3621
La Chapelotte,151,2,153
Charenton-du-Cher,1045,21,1066
Charentonnay,289,8,297
Charly,249,3,252
Chârost,980,13,993
Chassy,241,5,246
Châteaumeillant,1780,20,1800
Châteauneuf-sur-Cher,1454,19,1473
Le Châtelet,994,13,1007
Chaumont,54,0,54
Chaumoux-Marcilly,95,1,96
Le Chautay,293,2,295
Chavannes,173,5,178
Chéry,214,9,223
Chezal-Benoît,829,13,842
Civray,920,14,934
Clémont,719,8,727
Cogny,35,2,37
Colombiers,408,16,424
Concressault,204,2,206
Contres,32,0,32
Cornusse,268,4,272
Corquoy,209,8,217
Couargues,205,5,210
Cours-les-Barres,1034,25,1059
Coust,445,8,453
Couy,355,10,365
Crézancy-en-Sancerre,486,8,494
Crézançay-sur-Cher,56,1,57
Croisy,163,1,164
Crosses,391,3,394
Cuffy,1075,31,1106
Culan,715,6,721
Dampierre-en-Crot,204,4,208
Dampierre-en-Graçay,248,6,254
Drevant,543,16,559
Dun-sur-Auron,3844,77,3921
Ennordres,210,7,217
Épineuil-le-Fleuriel,443,9,452
Étréchy,456,8,464
Farges-Allichamps,241,2,243
Farges-en-Septaine,1009,23,1032
Faverdines,142,3,145
Feux,343,8,351
Flavigny,205,2,207
Foëcy,2085,23,2108
Fussy,1982,32,2014
Gardefort,142,5,147
Garigny,236,3,239
Genouilly,680,16,696
Germigny-l'Exempt,307,4,311
Givardon,298,4,302
Graçay,1447,13,1460
Groises,131,2,133
Gron,469,9,478
Grossouvre,274,4,278
La Groutte,127,8,135
La Guerche-sur-l'Aubois,3274,37,3311
Henrichemont,1760,21,1781
Herry,988,25,1013
Humbligny,190,0,190
Ids-Saint-Roch,299,1,300
Ignol,180,3,183
Ineuil,238,4,242
Ivoy-le-Pré,803,8,811
Jalognes,292,3,295
Jars,507,5,512
Jouet-sur-l'Aubois,1348,36,1384
Jussy-Champagne,194,5,199
Jussy-le-Chaudrier,607,14,621
Lantan,91,2,93
Lapan,207,2,209
Lazenay,342,5,347
Léré,1098,22,1120
Levet,1392,34,1426
Lignières,1355,28,1383
Limeux,162,0,162
Lissay-Lochy,224,5,229
Loye-sur-Arnon,305,6,311
Lugny-Bourbonnais,35,0,35
Lugny-Champagne,142,1,143
Lunery,1570,17,1587
Lury-sur-Arnon,668,15,683
Maisonnais,239,5,244
Mareuil-sur-Arnon,532,10,542
Marmagne,1960,58,2018
Marseilles-lès-Aubigny,657,9,666
Marçais,282,5,287
Massay,1390,27,1417
Mehun-sur-Yèvre,6562,125,6687
Meillant,686,17,703
Menetou-Couture,365,8,373
Menetou-Râtel,484,10,494
Menetou-Salon,1617,32,1649
Ménétréol-sous-Sancerre,315,13,328
Ménétréol-sur-Sauldre,212,4,216
Méreau,2610,63,2673
Méry-ès-Bois,577,14,591
Méry-sur-Cher,678,16,694
Montigny,387,7,394
Montlouis,109,0,109
Morlac,329,3,332
Mornay-Berry,183,4,187
Mornay-sur-Allier,431,9,440
Morogues,438,9,447
Morthomiers,761,24,785
Moulins-sur-Yèvre,852,17,869
Nançay,832,30,862
Nérondes,1481,35,1516
Neuilly-en-Dun,224,2,226
Neuilly-en-Sancerre,253,1,254
Neuvy-Deux-Clochers,280,5,285
Neuvy-le-Barrois,139,2,141
Neuvy-sur-Barangeon,1156,33,1189
Nohant-en-Goût,600,9,609
Nohant-en-Graçay,306,2,308
Le Noyer,219,3,222
Nozières,215,7,222
Oizon,675,15,690
Orcenais,253,4,257
Orval,1814,44,1858
Osmery,263,2,265
Osmoy,269,3,272
Ourouer-les-Bourdelins,615,3,618
Parassy,414,5,419
Parnay,64,0,64
La Perche,205,3,208
Pigny,962,19,981
Plaimpied-Givaudins,1999,65,2064
Plou,529,8,537
Poisieux,223,4,227
Le Pondy,144,3,147
Précy,345,1,346
Presly,248,11,259
Preuilly,441,8,449
Préveranges,525,10,535
Primelles,247,6,253
Quantilly,470,4,474
Quincy,868,19,887
Raymond,199,2,201
Reigny,256,3,259
Rezay,213,5,218
Rians,973,19,992
Sagonne,190,6,196
Saint-Aignan-des-Noyers,94,0,94
Saint-Amand-Montrond,9437,277,9714
Saint-Ambroix,364,9,373
Saint-Baudel,250,4,254
Saint-Bouize,312,14,326
Saint-Caprais,767,15,782
Saint-Céols,14,0,14
Saint-Christophe-le-Chaudry,104,1,105
Saint-Denis-de-Palin,302,8,310
Saint-Doulchard,9505,247,9752
Saint-Éloy-de-Gy,1541,52,1593
Saint-Florent-sur-Cher,6537,102,6639
Saint-Georges-de-Poisieux,456,9,465
Saint-Georges-sur-la-Prée,611,11,622
Saint-Georges-sur-Moulon,696,12,708
Saint-Germain-des-Bois,628,15,643
Saint-Germain-du-Puy,5085,114,5199
Saint-Hilaire-de-Court,595,13,608
Saint-Hilaire-de-Gondilly,179,5,184
Saint-Hilaire-en-Lignières,491,14,505
Saint-Jeanvrin,152,4,156
Saint-Just,643,4,647
Saint-Laurent,502,10,512
Saint-Léger-le-Petit,355,5,360
Saint-Loup-des-Chaumes,299,2,301
Saint-Martin-d'Auxigny,2397,38,2435
Saint-Martin-des-Champs,304,9,313
Saint-Maur,295,4,299
Saint-Michel-de-Volangis,468,16,484
Saint-Outrille,220,3,223
Saint-Palais,619,19,638
Saint-Pierre-les-Bois,287,11,298
Saint-Pierre-les-Étieux,711,17,728
Saint-Priest-la-Marche,229,3,232
Saint-Satur,1426,50,1476
Saint-Saturnin,422,8,430
Saint-Symphorien,134,1,135
Saint-Vitte,131,3,134
Sainte-Gemme-en-Sancerrois,427,7,434
Sainte-Montaine,181,4,185
Sainte-Solange,1135,19,1154
Sainte-Thorette,480,3,483
Sancergues,649,10,659
Sancerre,1393,39,1432
Sancoins,3080,44,3124
Santranges,410,8,418
Saugy,79,0,79
Saulzais-le-Potier,497,9,506
Savigny-en-Sancerre,1030,21,1051
Savigny-en-Septaine,712,14,726
Senneçay,472,6,478
Sens-Beaujeu,399,14,413
Serruelles,74,2,76
Sévry,62,2,64
Sidiailles,303,5,308
Soulangis,497,8,505
Soye-en-Septaine,583,15,598
Le Subdray,932,205,1137
Subligny,341,7,348
Sury-en-Vaux,703,17,720
Sury-ès-Bois,270,2,272
Sury-près-Léré,711,14,725
Tendron,93,2,95
Thaumiers,417,7,424
Thauvenay,332,8,340
Thénioux,664,9,673
Thou,76,2,78
Torteron,795,16,811
Touchay,262,10,272
Trouy,3959,116,4075
Uzay-le-Venon,401,9,410
Vailly-sur-Sauldre,654,21,675
Vallenay,741,12,753
Vasselay,1447,27,1474
Veaugues,633,22,655
Venesmes,821,16,837
Verdigny,309,3,312
Vereaux,140,7,147
Vernais,193,1,194
Verneuil,34,0,34
Vesdun,564,10,574
Vierzon,25903,538,26441
Vignoux-sous-les-Aix,719,22,741
Vignoux-sur-Barangeon,2119,37,2156
Villabon,577,10,587
Villecelin,94,0,94
Villegenon,218,7,225
Villeneuve-sur-Cher,444,6,450
Villequiers,479,9,488
Vinon,297,9,306
Vorly,232,7,239
Vornay,593,14,607
Vouzeron,566,10,576
Affieux,359,13,372
Aix,392,6,398
Albignac,254,2,256
Albussac,731,9,740
Allassac,3903,103,4006
Alleyrat,98,0,98
Altillac,861,31,892
Ambrugeat,205,4,209
Les Angles-sur-Corrèze,112,1,113
Argentat-sur-Dordogne,3016,120,3136
Arnac-Pompadour,1133,14,1147
Astaillac,232,6,238
Aubazines,914,16,930
Auriac,229,6,235
Ayen,714,7,721
Bar,308,8,316
Bassignac-le-Bas,91,1,92
Bassignac-le-Haut,179,5,184
Beaulieu-sur-Dordogne,1299,22,1321
Beaumont,114,7,121
Bellechassagne,89,4,93
Benayes,228,5,233
Beynat,1258,20,1278
Beyssac,615,24,639
Beyssenac,368,4,372
Bilhac,246,4,250
Bonnefond,113,0,113
Bort-les-Orgues,2677,103,2780
Branceilles,279,5,284
Brignac-la-Plaine,980,17,997
Brive-la-Gaillarde,46916,1286,48202
Bugeat,803,10,813
Camps-Saint-Mathurin-Léobazel,237,6,243
Chabrignac,572,20,592
Chamberet,1372,13,1385
Chamboulive,1209,31,1240
Chameyrat,1535,51,1586
Champagnac-la-Noaille,233,5,238
Champagnac-la-Prune,163,6,169
Chanac-les-Mines,485,20,505
Chanteix,610,13,623
La Chapelle-aux-Brocs,427,9,436
La Chapelle-aux-Saints,266,10,276
La Chapelle-Saint-Géraud,198,9,207
Chapelle-Spinasse,115,1,116
Chartrier-Ferrière,369,4,373
Le Chastang,365,11,376
Chasteaux,762,21,783
Chauffour-sur-Vell,419,9,428
Chaumeil,158,4,162
Chavanac,51,1,52
Chaveroche,233,4,237
Chenailler-Mascheix,208,6,214
Chirac-Bellevue,294,11,305
Clergoux,412,11,423
Collonges-la-Rouge,486,19,505
Combressol,346,16,362
Concèze,413,9,422
Condat-sur-Ganaveix,672,12,684
Confolent-Port-Dieu,40,0,40
Cornil,1340,12,1352
Corrèze,1128,46,1174
Cosnac,2981,78,3059
Couffy-sur-Sarsonne,76,2,78
Courteix,66,0,66
Cublac,1695,34,1729
Curemonte,209,10,219
Dampniat,727,6,733
Darazac,138,3,141
Darnets,361,8,369
Davignac,208,3,211
Donzenac,2651,64,2715
Égletons,4298,788,5086
L' Église-aux-Bois,55,0,55
Espagnac,377,8,385
Espartignac,441,7,448
Estivals,127,2,129
Estivaux,434,1,435
Eyburie,497,8,505
Eygurande,685,11,696
Eyrein,500,13,513
Favars,1072,23,1095
Feyt,132,2,134
Forgès,286,12,298
Gimel-les-Cascades,794,7,801
Goulles,332,6,338
Gourdon-Murat,108,4,112
Grandsaigne,52,1,53
Gros-Chastang,181,3,184
Gumond,95,6,101
Hautefage,313,13,326
Le Jardin,81,1,82
Jugeals-Nazareth,972,24,996
Juillac,1126,25,1151
Lacelle,137,1,138
Ladignac-sur-Rondelles,406,9,415
Lafage-sur-Sombre,124,1,125
Lagarde-Marc-la-Tour,978,18,996
Lagleygeolle,220,10,230
Lagraulière,1100,19,1119
Laguenne-sur-Avalouze,1548,38,1586
Lamazière-Basse,299,3,302
Lamazière-Haute,67,1,68
Lamongerie,117,2,119
Lanteuil,507,14,521
Lapleau,381,2,383
Larche,1583,44,1627
Laroche-près-Feyt,63,2,65
Lascaux,218,7,225
Latronche,134,0,134
Laval-sur-Luzège,99,0,99
Lestards,106,0,106
Liginiac,606,43,649
Lignareix,164,10,174
Ligneyrac,299,8,307
Liourdres,248,5,253
Lissac-sur-Couze,730,21,751
Le Lonzac,805,13,818
Lostanges,139,1,140
Louignac,236,1,237
Lubersac,2230,41,2271
Madranges,193,11,204
Malemort,7985,166,8151
Mansac,1427,23,1450
Marcillac-la-Croisille,794,16,810
Marcillac-la-Croze,178,1,179
Margerides,305,6,311
Masseret,676,9,685
Maussac,439,9,448
Meilhards,517,23,540
Ménoire,118,1,119
Mercœur,245,1,246
Merlines,718,20,738
Mestes,355,4,359
Meymac,2366,196,2562
Meyrignac-l'Église,62,0,62
Meyssac,1275,53,1328
Millevaches,81,1,82
Monceaux-sur-Dordogne,636,19,655
Monestier-Merlines,299,6,305
Monestier-Port-Dieu,103,2,105
Montaignac-Saint-Hippolyte,581,11,592
Montgibaud,239,5,244
Moustier-Ventadour,451,75,526
Naves,2320,230,2550
Nespouls,635,14,649
Neuvic,1648,254,1902
Neuville,189,5,194
Noailhac,378,6,384
Noailles,910,18,928
Nonards,447,8,455
Objat,3640,95,3735
Orgnac-sur-Vézère,313,5,318
Orliac-de-Bar,283,4,287
Palazinges,153,2,155
Palisse,225,2,227
Pandrignes,166,4,170
Péret-Bel-Air,91,2,93
Pérols-sur-Vézère,185,2,187
Perpezac-le-Blanc,468,6,474
Perpezac-le-Noir,1166,19,1185
Le Pescher,288,7,295
Peyrelevade,850,11,861
Peyrissac,127,3,130
Pierrefitte,91,0,91
Pradines,91,3,94
Puy-d'Arnac,288,4,292
Queyssac-les-Vignes,203,8,211
Reygade,189,4,193
Rilhac-Treignac,110,7,117
Rilhac-Xaintrie,300,6,306
La Roche-Canillac,142,4,146
Roche-le-Peyroux,96,0,96
Rosiers-d'Égletons,1070,39,1109
Rosiers-de-Juillac,181,4,185
Sadroc,937,16,953
Saillac,205,6,211
Saint-Angel,709,14,723
Saint-Augustin,423,7,430
Saint-Aulaire,779,23,802
Saint-Bazile-de-Meyssac,130,4,134
Saint-Bonnet-Elvert,207,5,212
Saint-Bonnet-l'Enfantier,400,5,405
Saint-Bonnet-la-Rivière,387,5,392
Saint-Bonnet-les-Tours-de-Merle,48,1,49
Saint-Bonnet-près-Bort,192,4,196
Saint-Cernin-de-Larche,648,12,660
Saint-Chamant,486,6,492
Saint-Cirgues-la-Loutre,176,5,181
Saint-Clément,1323,35,1358
Saint-Cyprien,384,6,390
Saint-Cyr-la-Roche,505,8,513
Saint-Éloy-les-Tuileries,102,0,102
Saint-Étienne-aux-Clos,229,3,232
Saint-Étienne-la-Geneste,93,7,100
Saint-Exupéry-les-Roches,596,12,608
Saint-Fréjoux,291,6,297
Saint-Geniez-ô-Merle,90,2,92
Saint-Germain-Lavolps,87,1,88
Saint-Germain-les-Vergnes,1114,31,1145
Saint-Hilaire-Foissac,188,3,191
Saint-Hilaire-les-Courbes,158,2,160
Saint-Hilaire-Luc,70,0,70
Saint-Hilaire-Peyroux,978,20,998
Saint-Hilaire-Taurieux,103,6,109
Saint-Jal,629,17,646
Saint-Julien-aux-Bois,466,8,474
Saint-Julien-le-Pèlerin,129,3,132
Saint-Julien-le-Vendômois,249,3,252
Saint-Julien-Maumont,157,4,161
Saint-Martial-de-Gimel,487,7,494
Saint-Martial-Entraygues,84,2,86
Saint-Martin-la-Méanne,340,12,352
Saint-Martin-Sepert,274,2,276
Saint-Merd-de-Lapleau,174,2,176
Saint-Merd-les-Oussines,129,3,132
Saint-Mexant,1307,33,1340
Saint-Pantaléon-de-Lapleau,67,1,68
Saint-Pantaléon-de-Larche,4777,91,4868
Saint-Pardoux-Corbier,418,3,421
Saint-Pardoux-l'Ortigier,480,7,487
Saint-Pardoux-la-Croisille,177,2,179
Saint-Pardoux-le-Neuf,76,3,79
Saint-Pardoux-le-Vieux,297,12,309
Saint-Paul,221,6,227
Saint-Priest-de-Gimel,495,4,499
Saint-Privat,1075,21,1096
Saint-Rémy,227,6,233
Saint-Robert,301,8,309
Saint-Salvadour,300,12,312
Saint-Setiers,285,5,290
Saint-Solve,460,17,477
Saint-Sornin-Lavolps,858,17,875
Saint-Sulpice-les-Bois,84,0,84
Saint-Sylvain,135,5,140
Saint-Viance,1853,42,1895
Saint-Victour,186,9,195
Saint-Ybard,685,13,698
Saint-Yrieix-le-Déjalat,344,8,352
Sainte-Féréole,1941,40,1981
Sainte-Fortunade,1784,91,1875
Sainte-Marie-Lapanouze,59,1,60
Salon-la-Tour,658,5,663
Sarran,275,7,282
Sarroux - Saint Julien,851,17,868
Segonzac,222,2,224
Ségur-le-Château,174,4,178
Seilhac,1737,32,1769
Sérandon,349,5,354
Sérilhac,268,7,275
Servières-le-Château,613,9,622
Sexcles,234,5,239
Sioniac,220,6,226
Sornac,759,15,774
Soudaine-Lavinadière,176,18,194
Soudeilles,301,11,312
Soursac,505,3,508
Tarnac,339,8,347
Thalamy,97,4,101
Toy-Viam,37,0,37
Treignac,1361,67,1428
Troche,557,8,565
Tudeils,245,3,248
Tulle,14836,628,15464
Turenne,838,21,859
Ussac,4178,116,4294
Ussel,9736,388,10124
Uzerche,2806,64,2870
Valiergues,144,5,149
Varetz,2425,42,2467
Vars-sur-Roseix,374,6,380
Végennes,181,4,185
Veix,67,8,75
Veyrières,73,1,74
Viam,93,3,96
Vigeois,1195,27,1222
Vignols,550,9,559
Vitrac-sur-Montane,267,6,273
Voutezac,1259,151,1410
Yssandon,682,7,689
Afa,3133,65,3198
Ajaccio,70659,849,71508
Alata,3244,85,3329
Albitreccia,1705,25,1730
Altagène,49,2,51
Ambiegna,68,1,69
Appietto,1825,40,1865
Arbellara,156,2,158
Arbori,54,0,54
Argiusta-Moriccio,76,2,78
Arro,83,1,84
Aullène,187,2,189
Azilone-Ampaza,184,3,187
Azzana,54,0,54
Balogna,137,5,142
Bastelica,533,7,540
Bastelicaccia,3983,108,4091
Belvédère-Campomoro,165,2,167
Bilia,46,5,51
Bocognano,396,6,402
Bonifacio,3118,55,3173
Calcatoggio,523,3,526
Campo,110,4,114
Cannelle,65,1,66
Carbini,103,2,105
Carbuccia,393,10,403
Cardo-Torgia,32,2,34
Cargèse,1325,25,1350
Cargiaca,55,0,55
Casaglione,398,7,405
Casalabriva,213,3,216
Cauro,1444,37,1481
Ciamannacce,133,2,135
Coggia,695,16,711
Cognocoli-Monticchi,169,0,169
Conca,1100,21,1121
Corrano,72,3,75
Coti-Chiavari,728,8,736
Cozzano,273,0,273
Cristinacce,63,0,63
Cuttoli-Corticchiato,2009,34,2043
Eccica-Suarella,1179,45,1224
Évisa,219,7,226
Figari,1446,29,1475
Foce,152,7,159
Forciolo,81,0,81
Fozzano,209,5,214
Frasseto,122,4,126
Giuncheto,86,2,88
Granace,90,0,90
Grossa,43,1,44
Grosseto-Prugna,3124,53,3177
Guagno,165,1,166
Guargualé,145,1,146
Guitera-les-Bains,148,5,153
Lecci,1735,11,1746
Letia,121,1,122
Levie,687,14,701
Lopigna,103,2,105
Loreto-di-Tallano,53,0,53
Marignana,110,3,113
Mela,29,1,30
Moca-Croce,252,4,256
Monacia-d'Aullène,528,8,536
Murzo,97,3,100
Ocana,605,16,621
Olivese,226,1,227
Olmeto,1216,29,1245
Olmiccia,122,3,125
Orto,55,1,56
Osani,97,1,98
Ota,528,11,539
Palneca,161,2,163
Partinello,102,1,103
Pastricciola,97,1,98
Peri,1999,35,2034
Petreto-Bicchisano,564,17,581
Piana,482,4,486
Pianottoli-Caldarello,912,7,919
Pietrosella,1685,16,1701
Pila-Canale,284,4,288
Poggiolo,111,2,113
Porto-Vecchio,12042,229,12271
Propriano,3747,40,3787
Quasquara,51,0,51
Quenza,190,5,195
Renno,59,3,62
Rezza,54,1,55
Rosazia,49,3,52
Sainte-Lucie-de-Tallano,424,10,434
Salice,91,4,95
Sampolo,80,0,80
San-Gavino-di-Carbini,1110,21,1131
Sant'Andréa-d'Orcino,110,0,110
Santa-Maria-Figaniella,100,0,100
Santa-Maria-Siché,439,9,448
Sari-d'Orcino,329,5,334
Sari-Solenzara,1345,30,1375
Sarrola-Carcopino,3267,62,3329
Sartène,3259,132,3391
Serra-di-Ferro,482,11,493
Serra-di-Scopamène,89,2,91
Serriera,127,0,127
Soccia,146,4,150
Sollacaro,363,5,368
Sorbollano,78,0,78
Sotta,1371,23,1394
Tasso,110,0,110
Tavaco,369,8,377
Tavera,401,5,406
Tolla,125,0,125
Ucciani,501,4,505
Urbalacone,65,0,65
Valle-di-Mezzana,444,9,453
Vero,579,3,582
Vico,912,14,926
Viggianello,814,17,831
Villanova,362,10,372
Zérubia,43,3,46
Zévaco,59,2,61
Zicavo,229,2,231
Zigliara,130,7,137
Zonza,2722,35,2757
Zoza,54,0,54
Aghione,241,4,245
Aiti,30,0,30
Alando,35,2,37
Albertacce,200,1,201
Aléria,2162,25,2187
Algajola,358,7,365
Altiani,48,0,48
Alzi,26,0,26
Ampriani,24,0,24
Antisanti,546,0,546
Aregno,598,16,614
Asco,119,2,121
Avapessa,82,3,85
Barbaggio,303,3,306
Barrettali,133,4,137
Bastia,45715,719,46434
Belgodère,623,9,632
Bigorno,90,0,90
Biguglia,7923,127,8050
Bisinchi,220,2,222
Borgo,8760,140,8900
Brando,1630,40,1670
Bustanico,64,1,65
Cagnano,169,3,172
Calacuccia,280,6,286
Calenzana,2342,30,2372
Calvi,5559,79,5638
Cambia,80,0,80
Campana,18,0,18
Campi,20,2,22
Campile,195,2,197
Campitello,119,1,120
Canale-di-Verde,321,10,331
Canari,312,1,313
Canavaggia,103,1,104
Carcheto-Brustico,31,1,32
Carpineto,33,0,33
Carticasi,27,0,27
Casabianca,84,2,86
Casalta,53,0,53
Casamaccioli,106,0,106
Casanova,391,6,397
Casevecchie,67,2,69
Castellare-di-Casinca,666,6,672
Castellare-di-Mercurio,31,1,32
Castello-di-Rostino,471,5,476
Castifao,152,1,153
Castiglione,42,0,42
Castineta,41,1,42
Castirla,168,2,170
Cateri,215,6,221
Centuri,210,1,211
Cervione,2189,26,2215
Chiatra,222,5,227
Chisa,100,2,102
Corbara,907,32,939
Corscia,129,3,132
Corte,7446,117,7563
Costa,62,1,63
Croce,75,3,78
Crocicchia,70,0,70
Erbajolo,110,0,110
Érone,11,0,11
Ersa,154,1,155
Farinole,228,1,229
Favalello,76,3,79
Felce,51,0,51
Feliceto,225,4,229
Ficaja,53,1,54
Focicchia,26,1,27
Furiani,5628,126,5754
Galéria,338,9,347
Gavignano,53,0,53
Ghisonaccia,4225,66,4291
Ghisoni,212,6,218
Giocatojo,49,0,49
Giuncaggio,62,0,62
L' Île-Rousse,3043,78,3121
Isolaccio-di-Fiumorbo,311,2,313
Lama,151,2,153
Lano,25,0,25
Lavatoggio,150,3,153
Lento,103,0,103
Linguizzetta,1107,9,1116
Loreto-di-Casinca,212,6,218
Lozzi,118,2,120
Lucciana,5780,49,5829
Lugo-di-Nazza,78,3,81
Lumio,1180,35,1215
Luri,835,9,844
Manso,114,2,116
Matra,44,0,44
Mausoléo,17,0,17
Mazzola,28,0,28
Meria,98,1,99
Moïta,75,0,75
Moltifao,682,11,693
Monacia-d'Orezza,25,0,25
Moncale,321,8,329
Monte,607,5,612
Montegrosso,426,5,431
Monticello,1923,46,1969
Morosaglia,1043,9,1052
Morsiglia,119,2,121
Muracciole,34,1,35
Murato,600,15,615
Muro,238,4,242
Nessa,109,2,111
Nocario,66,3,69
Noceta,62,2,64
Nonza,74,2,76
Novale,62,0,62
Novella,83,2,85
Occhiatana,246,1,247
Ogliastro,99,2,101
Olcani,82,1,83
Oletta,1696,13,1709
Olmeta-di-Capocorso,142,1,143
Olmeta-di-Tuda,488,9,497
Olmi-Cappella,180,7,187
Olmo,160,1,161
Omessa,587,4,591
Ortale,25,1,26
Ortiporio,127,1,128
Palasca,170,4,174
Pancheraccia,187,3,190
Parata,24,0,24
Patrimonio,807,11,818
Penta-Acquatella,34,0,34
Penta-di-Casinca,3396,40,3436
Perelli,110,0,110
Pero-Casevecchie,123,1,124
Pianello,70,0,70
Piano,28,1,29
Piazzali,17,0,17
Piazzole,41,3,44
Pie-d'Orezza,37,0,37
Piedicorte-di-Gaggio,97,3,100
Piedicroce,100,1,101
Piedigriggio,138,2,140
Piedipartino,17,0,17
Pietra-di-Verde,102,6,108
Pietracorbara,652,11,663
Pietralba,504,3,507
Pietraserena,72,1,73
Pietricaggio,35,1,36
Pietroso,289,0,289
Piève,109,5,114
Pigna,95,6,101
Pino,164,2,166
Piobetta,20,0,20
Pioggiola,88,2,90
Poggio-d'Oletta,213,6,219
Poggio-di-Nazza,176,2,178
Poggio-di-Venaco,214,2,216
Poggio-Marinaccio,30,1,31
Poggio-Mezzana,680,13,693
Polveroso,42,0,42
Popolasca,45,1,46
Porri,43,1,44
La Porta,193,1,194
Prato-di-Giovellina,42,1,43
Prunelli-di-Casacconi,150,0,150
Prunelli-di-Fiumorbo,3660,40,3700
Pruno,175,2,177
Quercitello,44,0,44
Rapaggio,25,0,25
Rapale,151,0,151
Riventosa,157,3,160
Rogliano,563,11,574
Rospigliani,71,5,76
Rusio,71,1,72
Rutali,377,6,383
Saint-Florent,1655,36,1691
Saliceto,50,3,53
San-Damiano,58,0,58
San-Gavino-d'Ampugnani,107,1,108
San-Gavino-di-Fiumorbo,121,2,123
San-Gavino-di-Tenda,66,1,67
San-Giovanni-di-Moriani,94,2,96
San-Giuliano,726,6,732
San-Lorenzo,143,0,143
San-Martino-di-Lota,2901,42,2943
San-Nicolao,1987,22,2009
Sant'Andréa-di-Bozio,72,2,74
Sant'Andréa-di-Cotone,229,2,231
Sant'Antonino,127,5,132
Santa-Lucia-di-Mercurio,111,0,111
Santa-Lucia-di-Moriani,1428,14,1442
Santa-Maria-di-Lota,1722,53,1775
Santa-Maria-Poggio,743,11,754
Santa-Reparata-di-Balagna,1012,20,1032
Santa-Reparata-di-Moriani,54,0,54
Santo-Pietro-di-Tenda,361,4,365
Santo-Pietro-di-Venaco,277,5,282
Scata,46,5,51
Scolca,101,1,102
Sermano,63,2,65
Serra-di-Fiumorbo,335,3,338
Silvareccio,131,0,131
Sisco,1169,9,1178
Solaro,706,13,719
Sorbo-Ocagnano,832,8,840
Sorio,142,0,142
Soveria,117,0,117
Speloncato,276,4,280
Stazzona,39,1,40
Taglio-Isolaccio,572,12,584
Talasani,772,7,779
Tallone,315,2,317
Tarrano,16,0,16
Tomino,208,3,211
Tox,96,0,96
Tralonca,110,1,111
Urtaca,230,3,233
Valle-d'Alesani,109,1,110
Valle-d'Orezza,43,0,43
Valle-di-Campoloro,344,7,351
Valle-di-Rostino,132,0,132
Vallecalle,137,3,140
Vallica,26,0,26
Velone-Orneto,117,0,117
Venaco,711,17,728
Ventiseri,2481,46,2527
Venzolasca,1796,14,1810
Verdèse,37,2,39
Vescovato,2836,31,2867
Vezzani,265,1,266
Vignale,160,1,161
Ville-di-Paraso,213,4,217
Ville-di-Pietrabugno,3323,85,3408
Vivario,432,4,436
Volpajola,390,7,397
Zalana,141,1,142
Zilia,286,5,291
Zuani,30,0,30
Agencourt,460,53,513
Agey,278,3,281
Ahuy,1210,24,1234
Aignay-le-Duc,282,7,289
Aiserey,1400,13,1413
Aisey-sur-Seine,176,1,177
Aisy-sous-Thil,224,30,254
Alise-Sainte-Reine,579,7,586
Allerey,170,2,172
Aloxe-Corton,134,5,139
Ampilly-le-Sec,348,12,360
Ampilly-les-Bordes,84,0,84
Ancey,442,7,449
Antheuil,60,2,62
Antigny-la-Ville,102,0,102
Arc-sur-Tille,2670,59,2729
Arceau,897,17,914
Arcenant,507,19,526
Arcey,53,1,54
Arconcey,222,8,230
Argilly,513,12,525
Arnay-le-Duc,1425,39,1464
Arnay-sous-Vitteaux,111,0,111
Arrans,73,2,75
Asnières-en-Montagne,191,9,200
Asnières-lès-Dijon,1184,25,1209
Athée,781,10,791
Athie,75,1,76
Aubaine,95,3,98
Aubigny-en-Plaine,507,5,512
Aubigny-la-Ronce,167,4,171
Aubigny-lès-Sombernon,150,5,155
Autricourt,127,2,129
Auvillars-sur-Saône,331,5,336
Auxant,74,4,78
Auxey-Duresses,304,13,317
Auxonne,7622,86,7708
Avelanges,35,0,35
Avosnes,89,5,94
Avot,187,2,189
Bagnot,161,4,165
Baigneux-les-Juifs,242,46,288
Balot,90,1,91
Barbirey-sur-Ouche,216,9,225
Bard-le-Régulier,72,2,74
Bard-lès-Époisses,70,2,72
Barges,621,10,631
Barjon,41,2,43
Baubigny,202,6,208
Baulme-la-Roche,90,3,93
Beaulieu,27,4,31
Beaumont-sur-Vingeanne,199,4,203
Beaune,21031,716,21747
Beaunotte,19,0,19
Beire-le-Châtel,860,10,870
Beire-le-Fort,346,5,351
Belan-sur-Ource,252,5,257
Bellefond,866,17,883
Belleneuve,1618,17,1635
Bellenod-sur-Seine,76,2,78
Bellenot-sous-Pouilly,224,9,233
Beneuvre,91,5,96
Benoisey,109,0,109
Bessey-en-Chaume,145,5,150
Bessey-la-Cour,57,1,58
Bessey-lès-Cîteaux,696,7,703
Beurey-Bauguay,110,7,117
Beurizot,121,1,122
Bévy,139,4,143
Bèze,714,21,735
Bézouotte,202,3,205
Billey,264,4,268
Billy-lès-Chanceaux,61,1,62
Binges,790,11,801
Bissey-la-Côte,124,2,126
Bissey-la-Pierre,74,2,76
Blagny-sur-Vingeanne,132,0,132
Blaisy-Bas,669,11,680
Blaisy-Haut,131,1,132
Blancey,75,0,75
Blanot,127,1,128
Bligny-le-Sec,148,3,151
Bligny-lès-Beaune,1238,30,1268
Bligny-sur-Ouche,831,11,842
Boncourt-le-Bois,283,7,290
Bonnencontre,445,6,451
Boudreville,66,3,69
Bouhey,38,1,39
Bouilland,210,9,219
Bouix,156,4,160
Bourberain,394,4,398
Bousselange,51,2,53
Boussenois,118,1,119
Boussey,35,2,37
Boux-sous-Salmaise,125,4,129
Bouze-lès-Beaune,314,7,321
Brain,35,0,35
Braux,168,4,172
Brazey-en-Morvan,139,3,142
Brazey-en-Plaine,2379,43,2422
Brémur-et-Vaurois,49,3,52
Bressey-sur-Tille,1113,8,1121
Bretenière,913,13,926
Bretigny,904,24,928
Brianny,121,1,122
Brion-sur-Ource,238,7,245
Brochon,645,131,776
Brognon,307,3,310
Broin,429,10,439
Broindon,207,2,209
Buffon,176,1,177
Buncey,378,7,385
Bure-les-Templiers,134,0,134
Busseaut,48,2,50
Busserotte-et-Montenaille,24,4,28
La Bussière-sur-Ouche,159,2,161
Bussières,41,0,41
Bussy-la-Pesle,77,1,78
Bussy-le-Grand,316,8,324
Buxerolles,31,5,36
Censerey,171,2,173
Cérilly,231,8,239
Cessey-sur-Tille,622,7,629
Chaignay,517,8,525
Chailly-sur-Armançon,244,11,255
Chambain,27,0,27
Chambeire,386,4,390
Chamblanc,459,69,528
Chambolle-Musigny,295,7,302
Chambœuf,382,6,388
Chamesson,268,10,278
Champ-d'Oiseau,90,1,91
Champagne-sur-Vingeanne,315,1,316
Champagny,27,0,27
Champdôtre,606,8,614
Champeau-en-Morvan,228,5,233
Champignolles,76,1,77
Champrenault,34,1,35
Chanceaux,218,4,222
Channay,64,3,67
Charencey,33,0,33
Charigny,34,1,35
Charmes,135,3,138
Charny,34,0,34
Charrey-sur-Saône,351,1,352
Charrey-sur-Seine,145,8,153
Chassagne-Montrachet,305,11,316
Chassey,88,5,93
Châteauneuf,85,3,88
Châtellenot,151,6,157
Châtillon-sur-Seine,5373,349,5722
Chaudenay-la-Ville,44,7,51
Chaudenay-le-Château,49,0,49
Chaugey,17,0,17
La Chaume,102,2,104
Chaume-et-Courchamp,180,5,185
Chaume-lès-Baigneux,93,1,94
Chaumont-le-Bois,81,5,86
Chaux,485,9,494
Chazeuil,197,5,202
Chazilly,139,3,142
Chemin-d'Aisey,71,4,75
Chenôve,13910,196,14106
Cheuge,126,4,130
Chevannay,45,1,46
Chevannes,160,4,164
Chevigny-en-Valière,358,4,362
Chevigny-Saint-Sauveur,11326,213,11539
Chivres,299,5,304
Chorey-les-Beaune,633,17,650
Cirey-lès-Pontailler,206,2,208
Civry-en-Montagne,129,2,131
Clamerey,184,1,185
Clénay,855,10,865
Cléry,142,3,145
Clomot,137,2,139
Collonges-lès-Bévy,94,1,95
Collonges-lès-Premières,896,19,915
Colombier,64,0,64
Combertault,553,21,574
Comblanchien,637,17,654
Commarin,123,4,127
Corberon,449,7,456
Corcelles-les-Arts,462,18,480
Corcelles-lès-Cîteaux,811,14,825
Corcelles-les-Monts,640,10,650
Corgengoux,368,16,384
Corgoloin,906,12,918
Cormot-Vauchignon,210,4,214
Corpeau,968,15,983
Corpoyer-la-Chapelle,29,0,29
Corrombles,246,3,249
Corsaint,160,2,162
Couchey,1130,24,1154
Coulmier-le-Sec,260,6,266
Courban,168,1,169
Courcelles-Frémoy,124,2,126
Courcelles-lès-Montbard,80,1,81
Courcelles-lès-Semur,245,6,251
Courlon,81,4,85
Courtivron,168,3,171
Couternon,1889,39,1928
Créancey,528,6,534
Crécey-sur-Tille,142,2,144
Crépand,324,4,328
Crimolois,807,11,818
Crugey,175,5,180
Cuiserey,182,1,183
Culètre,99,2,101
Curley,135,4,139
Curtil-Saint-Seine,117,0,117
Curtil-Vergy,136,0,136
Cussey-les-Forges,138,3,141
Cussy-la-Colonne,42,2,44
Cussy-le-Châtel,109,3,112
Daix,1471,34,1505
Dampierre-en-Montagne,73,4,77
Dampierre-et-Flée,135,2,137
Darcey,338,11,349
Darois,493,7,500
Détain-et-Bruant,141,0,141
Diancey,84,4,88
Diénay,376,4,380
Dijon,156920,3284,160204
Dompierre-en-Morvan,211,5,216
Drambon,186,1,187
Drée,59,3,62
Duesme,53,1,54
Ébaty,256,8,264
Échalot,95,3,98
Échannay,128,2,130
Échenon,775,11,786
Échevannes,299,2,301
Échevronne,284,13,297
Échigey,288,3,291
Écutigny,79,5,84
Éguilly,62,0,62
Épagny,313,3,316
Épernay-sous-Gevrey,183,3,186
Époisses,796,14,810
Éringes,68,0,68
Esbarres,690,20,710
Essarois,91,2,93
Essey,275,27,302
Étais,85,2,87
Étalante,156,5,161
L' Étang-Vergy,213,12,225
Étaules,300,3,303
Étevaux,315,7,322
Étormay,67,5,72
Étrochey,226,3,229
Fain-lès-Montbard,300,6,306
Fain-lès-Moutiers,155,0,155
Fauverney,625,27,652
Faverolles-lès-Lucey,31,0,31
Fénay,1616,43,1659
Le Fête,48,0,48
Fixin,754,21,775
Flacey,185,1,186
Flagey-Echézeaux,473,13,486
Flagey-lès-Auxonne,194,3,197
Flammerans,428,9,437
Flavignerot,184,6,190
Flavigny-sur-Ozerain,302,7,309
Fleurey-sur-Ouche,1326,24,1350
Foissy,165,3,168
Foncegrive,135,3,138
Fontaine-Française,893,19,912
Fontaine-lès-Dijon,8888,184,9072
Fontaines-en-Duesmois,120,4,124
Fontaines-les-Sèches,26,1,27
Fontangy,139,6,145
Fontenelle,165,2,167
Forléans,103,2,105
Fraignot-et-Vesvrotte,62,1,63
Francheville,285,4,289
Franxault,476,6,482
Frénois,85,2,87
Fresnes,168,5,173
Frôlois,167,1,168
Fussey,118,7,125
Gemeaux,872,11,883
Genay,374,10,384
Genlis,5315,71,5386
Gergueil,117,0,117
Gerland,431,5,436
Gevrey-Chambertin,3087,40,3127
Gevrolles,178,1,179
Gilly-lès-Cîteaux,705,6,711
Gissey-le-Vieil,113,3,116
Gissey-sous-Flavigny,88,1,89
Gissey-sur-Ouche,354,9,363
Glanon,248,2,250
Gomméville,133,2,135
Les Goulles,12,0,12
Grancey-le-Château-Neuvelle,252,9,261
Grancey-sur-Ource,200,1,201
Grenant-lès-Sombernon,212,3,215
Grésigny-Sainte-Reine,142,2,144
Grignon,207,12,219
Griselles,89,3,92
Grosbois-en-Montagne,108,2,110
Grosbois-lès-Tichey,77,1,78
Gurgy-la-Ville,33,4,37
Gurgy-le-Château,44,0,44
Hauteroche,80,2,82
Hauteville-lès-Dijon,1219,16,1235
Heuilley-sur-Saône,333,5,338
Is-sur-Tille,4402,56,4458
Izeure,869,14,883
Izier,794,14,808
Jailly-les-Moulins,82,2,84
Jallanges,323,14,337
Jancigny,141,3,144
Jeux-lès-Bard,52,1,53
Jouey,185,2,187
Jours-lès-Baigneux,76,4,80
Juillenay,43,3,46
Juilly,47,3,50
Labergement-Foigney,368,12,380
Labergement-lès-Auxonne,328,3,331
Labergement-lès-Seurre,995,22,1017
Labruyère,227,5,232
Lacanche,561,10,571
Lacour-d'Arcenay,122,3,125
Ladoix-Serrigny,1834,31,1865
Laignes,692,20,712
Lamarche-sur-Saône,1341,13,1354
Lamargelle,158,3,161
Lantenay,510,16,526
Lanthes,264,4,268
Lantilly,109,3,112
Laperrière-sur-Saône,436,9,445
Larrey,92,2,94
Lechâtelet,225,5,230
Léry,196,3,199
Leuglay,306,3,309
Levernois,327,18,345
Licey-sur-Vingeanne,104,1,105
Liernais,514,27,541
Lignerolles,50,1,51
Longchamp,1168,121,1289
Longeault-Pluvault,1126,17,1143
Longecourt-en-Plaine,1228,25,1253
Longecourt-lès-Culêtre,50,2,52
Longvic,8604,135,8739
Losne,1606,36,1642
Louesme,106,3,109
Lucenay-le-Duc,187,3,190
Lucey,60,1,61
Lusigny-sur-Ouche,111,0,111
Lux,524,11,535
Maconge,132,3,135
Magnien,315,6,321
Magny-la-Ville,80,0,80
Magny-Lambert,86,6,92
Magny-lès-Aubigny,207,3,210
Magny-lès-Villers,243,12,255
Magny-Montarlot,265,2,267
Magny-Saint-Médard,311,4,315
Magny-sur-Tille,868,17,885
Les Maillys,820,19,839
Maisey-le-Duc,85,5,90
Mâlain,747,15,762
Maligny,212,7,219
Manlay,170,3,173
Marandeuil,113,1,114
Marcellois,49,0,49
Marcenay,98,2,100
Marcheseuil,156,1,157
Marcigny-sous-Thil,61,2,63
Marcilly-et-Dracy,99,4,103
Marcilly-Ogny,195,3,198
Marcilly-sur-Tille,1666,20,1686
Marey-lès-Fussey,56,5,61
Marey-sur-Tille,323,13,336
Marigny-le-Cahouët,319,12,331
Marigny-lès-Reullée,216,5,221
Marliens,595,3,598
Marmagne,212,1,213
Marsannay-la-Côte,5348,77,5425
Marsannay-le-Bois,840,10,850
Martrois,62,1,63
Massingy,152,9,161
Massingy-lès-Semur,163,4,167
Massingy-lès-Vitteaux,96,1,97
Mauvilly,68,2,70
Mavilly-Mandelot,178,3,181
Maxilly-sur-Saône,348,8,356
Meilly-sur-Rouvres,197,2,199
Le Meix,50,0,50
Meloisey,326,6,332
Menesble,10,0,10
Ménessaire,86,1,87
Ménétreux-le-Pitois,427,16,443
Merceuil,812,22,834
Mesmont,247,2,249
Messanges,236,11,247
Messigny-et-Vantoux,1660,30,1690
Meuilley,465,13,478
Meulson,33,0,33
Meursanges,557,20,577
Meursault,1425,47,1472
Millery,386,15,401
Mimeure,309,10,319
Minot,180,5,185
Mirebeau-sur-Bèze,2083,29,2112
Missery,105,0,105
Moitron,62,4,66
Molesme,265,4,269
Molinot,158,4,162
Moloy,233,3,236
Molphey,130,6,136
Mont-Saint-Jean,241,7,248
Montagny-lès-Beaune,682,18,700
Montagny-lès-Seurre,104,2,106
Montbard,5160,122,5282
Montberthault,211,3,214
Montceau-et-Écharnant,180,4,184
Monthelie,162,5,167
Montigny-Montfort,300,6,306
Montigny-Mornay-Villeneuve-sur-Vingeanne,394,4,398
Montigny-Saint-Barthélemy,86,2,88
Montigny-sur-Armançon,152,5,157
Montigny-sur-Aube,264,4,268
Montlay-en-Auxois,185,1,186
Montliot-et-Courcelles,303,6,309
Montmain,152,3,155
Montmançon,248,5,253
Montmoyen,78,3,81
Montoillot,80,0,80
Montot,197,6,203
Morey-Saint-Denis,666,12,678
Mosson,72,0,72
La Motte-Ternant,148,2,150
Moutiers-Saint-Jean,256,5,261
Musigny,83,0,83
Mussy-la-Fosse,86,1,87
Nan-sous-Thil,185,3,188
Nantoux,167,5,172
Nesle-et-Massoult,75,3,78
Neuilly-lès-Dijon,1857,17,1874
Nicey,110,0,110
Nod-sur-Seine,210,10,220
Nogent-lès-Montbard,155,8,163
Noidan,74,5,79
Noiron-sous-Gevrey,1106,13,1119
Noiron-sur-Bèze,238,5,243
Noiron-sur-Seine,72,1,73
Nolay,1465,21,1486
Norges-la-Ville,949,17,966
Normier,47,1,48
Nuits-Saint-Georges,5481,96,5577
Obtrée,76,3,79
Oigny,36,2,38
Oisilly,129,4,133
Orain,94,1,95
Orgeux,465,14,479
Origny,51,3,54
Orret,16,0,16
Orville,171,1,172
Ouges,1523,10,1533
Pagny-la-Ville,411,10,421
Pagny-le-Château,514,9,523
Painblanc,161,5,166
Panges,88,2,90
Pasques,289,5,294
Pellerey,105,0,105
Pernand-Vergelesses,244,9,253
Perrigny-lès-Dijon,1915,30,1945
Perrigny-sur-l'Ognon,646,13,659
Pichanges,293,5,298
Planay,67,5,72
Plombières-lès-Dijon,2556,46,2602
Pluvet,412,4,416
Poinçon-lès-Larrey,194,3,197
Poiseul-la-Grange,58,4,62
Poiseul-la-Ville-et-Laperrière,160,6,166
Poiseul-lès-Saulx,67,1,68
Pommard,500,13,513
Poncey-lès-Athée,581,7,588
Poncey-sur-l'Ignon,78,0,78
Pont,141,1,142
Pont-et-Massène,175,15,190
Pontailler-sur-Saône,1308,22,1330
Posanges,58,2,60
Pothières,207,4,211
Pouillenay,555,9,564
Pouilly-en-Auxois,1481,120,1601
Pouilly-sur-Saône,615,7,622
Pouilly-sur-Vingeanne,121,4,125
Prâlon,89,3,92
Précy-sous-Thil,714,10,724
Premeaux-Prissey,393,5,398
Premières,141,1,142
Prenois,419,8,427
Prusly-sur-Ource,159,1,160
Puits,122,5,127
Puligny-Montrachet,389,11,400
Quemigny-sur-Seine,98,3,101
Quetigny,9557,378,9935
Quincerot,76,4,80
Quincey,512,11,523
Quincy-le-Vicomte,211,5,216
Recey-sur-Ource,363,9,372
Remilly-en-Montagne,149,0,149
Remilly-sur-Tille,878,14,892
Renève,438,5,443
Reulle-Vergy,134,4,138
Riel-les-Eaux,94,2,96
La Roche-en-Brenil,869,11,880
La Roche-Vanneau,146,2,148
Rochefort-sur-Brévon,39,1,40
La Rochepot,291,8,299
Roilly,49,1,50
Rougemont,156,1,157
Rouvray,492,6,498
Rouvres-en-Plaine,1128,10,1138
Rouvres-sous-Meilly,89,3,92
Ruffey-lès-Beaune,714,49,763
Ruffey-lès-Echirey,1309,10,1319
Sacquenay,286,11,297
Saffres,115,2,117
Saint-Andeux,131,4,135
Saint-Anthot,59,1,60
Saint-Apollinaire,7463,104,7567
Saint-Aubin,223,8,231
Saint-Bernard,453,0,453
Saint-Broing-les-Moines,195,8,203
Saint-Didier,207,4,211
Saint-Euphrône,178,9,187
Saint-Germain-de-Modéon,172,3,175
Saint-Germain-le-Rocheux,80,4,84
Saint-Germain-lès-Senailly,125,5,130
Saint-Hélier,35,1,36
Saint-Jean-de-Bœuf,112,3,115
Saint-Jean-de-Losne,1092,6,1098
Saint-Julien,1477,20,1497
Saint-Léger-Triey,252,3,255
Saint-Marc-sur-Seine,107,3,110
Saint-Martin-de-la-Mer,296,2,298
Saint-Martin-du-Mont,435,9,444
Saint-Maurice-sur-Vingeanne,213,6,219
Saint-Mesmin,128,1,129
Saint-Nicolas-lès-Cîteaux,427,14,441
Saint-Philibert,473,8,481
Saint-Pierre-en-Vaux,148,2,150
Saint-Prix-lès-Arnay,227,6,233
Saint-Rémy,702,11,713
Saint-Romain,220,5,225
Saint-Sauveur,251,2,253
Saint-Seine-en-Bâche,408,6,414
Saint-Seine-l'Abbaye,375,3,378
Saint-Seine-sur-Vingeanne,393,14,407
Saint-Symphorien-sur-Saône,350,5,355
Saint-Thibault,164,1,165
Saint-Usage,1345,25,1370
Saint-Victor-sur-Ouche,303,4,307
Sainte-Colombe-en-Auxois,57,5,62
Sainte-Colombe-sur-Seine,943,15,958
Sainte-Marie-la-Blanche,882,31,913
Sainte-Marie-sur-Ouche,693,11,704
Sainte-Sabine,174,15,189
Salives,206,6,212
Salmaise,137,2,139
Samerey,155,2,157
Santenay,892,12,904
Santosse,51,2,53
Saulieu,2413,105,2518
Saulon-la-Chapelle,968,15,983
Saulon-la-Rue,703,10,713
Saulx-le-Duc,239,6,245
Saussey,72,2,74
Saussy,103,1,104
Savigny-le-Sec,844,14,858
Savigny-lès-Beaune,1305,41,1346
Savigny-sous-Mâlain,223,7,230
Savilly,80,3,83
Savoisy,200,3,203
Savolles,161,4,165
Savouges,376,6,382
Segrois,46,1,47
Seigny,172,2,174
Selongey,2403,33,2436
Semarey,122,1,123
Semezanges,92,4,96
Semond,23,0,23
Semur-en-Auxois,4139,353,4492
Senailly,139,4,143
Sennecey-lès-Dijon,2041,53,2094
Seurre,2353,23,2376
Sincey-lès-Rouvray,101,4,105
Soirans,485,7,492
Soissons-sur-Nacey,360,7,367
Sombernon,926,12,938
Souhey,91,0,91
Source-Seine,63,4,67
Soussey-sur-Brionne,153,8,161
Spoy,392,4,396
Sussey,248,8,256
Tailly,177,8,185
Talant,11689,235,11924
Talmay,576,6,582
Tanay,228,4,232
Tarsul,150,5,155
Tart,1588,32,1620
Tart-le-Bas,248,4,252
Tellecey,141,1,142
Ternant,83,5,88
Terrefondrée,62,2,64
Thenissey,105,10,115
Thoires,64,0,64
Thoisy-la-Berchère,309,5,314
Thoisy-le-Désert,207,1,208
Thomirey,50,0,50
Thorey-en-Plaine,1051,29,1080
Thorey-sous-Charny,179,1,180
Thorey-sur-Ouche,144,0,144
Thoste,108,6,114
Thury,275,8,283
Tichey,212,3,215
Til-Châtel,1110,7,1117
Tillenay,762,16,778
Torcy-et-Pouligny,204,5,209
Touillon,466,12,478
Toutry,442,8,450
Tréclun,470,3,473
Trochères,169,4,173
Trouhans,606,15,621
Trouhaut,117,3,120
Trugny,125,1,126
Turcey,183,1,184
Uncey-le-Franc,54,0,54
Urcy,153,1,154
Le Val-Larrey,264,4,268
Val-Mont,258,6,264
Val-Suzon,207,4,211
Valforêt,320,10,330
Vandenesse-en-Auxois,302,8,310
Vannaire,54,2,56
Vanvey,233,4,237
Varanges,716,11,727
Varois-et-Chaignot,1913,48,1961
Vaux-Saules,168,10,178
Veilly,41,0,41
Velars-sur-Ouche,1698,29,1727
Velogny,35,0,35
Venarey-les-Laumes,2884,37,2921
Verdonnet,83,4,87
Vernois-lès-Vesvres,175,0,175
Vernot,85,3,88
Véronnes,396,7,403
Verrey-sous-Drée,74,0,74
Verrey-sous-Salmaise,289,4,293
Vertault,56,1,57
Vesvres,27,2,29
Veuvey-sur-Ouche,209,2,211
Veuxhaulles-sur-Aube,207,3,210
Vianges,40,3,43
Vic-de-Chassenay,222,2,224
Vic-des-Prés,117,1,118
Vic-sous-Thil,189,3,192
Vieilmoulin,124,2,126
Vielverge,496,8,504
Vieux-Château,85,1,86
Viévigne,259,1,260
Viévy,357,4,361
Vignoles,977,30,1007
Villaines-en-Duesmois,252,6,258
Villaines-les-Prévôtes,141,2,143
Villargoix,143,5,148
Villars-et-Villenotte,174,7,181
Villars-Fontaine,118,4,122
Villeberny,91,2,93
Villebichot,393,6,399
Villecomte,253,4,257
Villedieu,69,2,71
Villeferry,30,0,30
La Villeneuve-les-Convers,52,1,53
Villeneuve-sous-Charigny,94,2,96
Villers-la-Faye,392,7,399
Villers-les-Pots,1134,13,1147
Villers-Patras,97,3,100
Villers-Rotin,128,5,133
Villey-sur-Tille,267,7,274
Villiers-en-Morvan,47,0,47
Villiers-le-Duc,87,0,87
Villotte-Saint-Seine,76,1,77
Villotte-sur-Ource,113,1,114
Villy-en-Auxois,218,4,222
Villy-le-Moutier,339,13,352
Viserny,178,2,180
Vitteaux,1074,18,1092
Vix,107,5,112
Volnay,241,9,250
Vonges,342,4,346
Vosne-Romanée,346,9,355
Voudenay,190,1,191
Vougeot,177,5,182
Voulaines-les-Templiers,288,10,298
Allineuc,604,8,612
Andel,1124,35,1159
Aucaleuc,943,80,1023
Beaussais-sur-Mer,3556,62,3618
Bégard,4808,78,4886
Belle-Isle-en-Terre,1031,19,1050
Berhet,257,8,265
Binic-Étables-sur-Mer,7068,158,7226
Bobital,1100,24,1124
Le Bodéo,162,0,162
Bon Repos sur Blavet,1271,39,1310
Boqueho,1078,20,1098
La Bouillie,860,18,878
Bourbriac,2271,50,2321
Bourseul,1141,29,1170
Bréhand,1647,37,1684
Brélidy,297,5,302
Bringolo,470,13,483
Broons,2886,49,2935
Brusvily,1196,13,1209
Bulat-Pestivien,432,9,441
Calanhel,217,1,218
Callac,2213,34,2247
Calorguen,728,9,737
Le Cambout,434,13,447
Camlez,888,26,914
Canihuel,355,13,368
Caouënnec-Lanvézéac,873,21,894
Carnoët,661,9,670
Caulnes,2488,152,2640
Caurel,360,11,371
Cavan,1564,27,1591
Les Champs-Géraux,1036,19,1055
La Chapelle-Blanche,206,7,213
La Chapelle-Neuve,388,4,392
Châtelaudren-Plouagat,3868,55,3923
La Chèze,563,28,591
Coadout,580,9,589
Coatascorn,262,3,265
Coatréven,495,15,510
Coëtlogon,213,5,218
Coëtmieux,1772,49,1821
Cohiniac,357,7,364
Corlay,957,15,972
Corseul,2184,47,2231
Créhen,1640,42,1682
Dinan,14166,575,14741
Duault,362,7,369
Éréac,682,8,690
Erquy,3910,94,4004
Évran,1712,35,1747
Le Faouët,396,9,405
Fréhel,1567,26,1593
Le Fœil,1429,39,1468
Gausson,616,21,637
Glomel,1380,42,1422
Gomené,546,11,557
Gommenec'h,558,15,573
Gouarec,925,32,957
Goudelin,1746,36,1782
Grâce-Uzel,432,9,441
Grâces,2528,58,2586
Guenroc,220,2,222
Guerlédan,2444,64,2508
Guingamp,6895,566,7461
Guitté,706,9,715
Gurunhuel,421,9,430
La Harmoye,377,14,391
Le Haut-Corlay,659,19,678
Hémonstoir,715,7,722
Hénanbihen,1314,36,1350
Hénansal,1173,15,1188
Hénon,2242,45,2287
Hillion,4137,98,4235
Le Hinglé,903,20,923
Île-de-Bréhat,361,7,368
Illifaut,690,16,706
Jugon-les-Lacs - Commune nouvelle,2493,51,2544
Kerbors,305,7,312
Kerfot,695,13,708
Kergrist-Moëlou,657,26,683
Kerien,254,4,258
Kermaria-Sulard,1049,20,1069
Kermoroc'h,456,10,466
Kerpert,270,10,280
Lamballe-Armor,16578,459,17037
Lancieux,1510,54,1564
Landebaëron,189,0,189
Landébia,481,3,484
La Landec,723,19,742
Landéhen,1415,36,1451
Lanfains,1091,18,1109
Langoat,1154,25,1179
Langrolay-sur-Rance,925,24,949
Languédias,515,29,544
Languenan,1155,23,1178
Langueux,7692,260,7952
Lanleff,121,5,126
Lanloup,222,5,227
Lanmérin,599,12,611
Lanmodez,417,7,424
Lannebert,443,5,448
Lannion,19880,972,20852
Lanrelas,837,16,853
Lanrivain,456,18,474
Lanrodec,1327,13,1340
Lantic,1672,33,1705
Lanvallay,4187,99,4286
Lanvellec,596,11,607
Lanvollon,1778,30,1808
Laurenan,736,14,750
Lescouët-Gouarec,223,3,226
Le Leslay,158,1,159
Lézardrieux,1474,38,1512
Loc-Envel,69,3,72
Locarn,407,16,423
Loguivy-Plougras,890,14,904
Lohuec,256,4,260
Loscouët-sur-Meu,629,16,645
Louannec,3068,115,3183
Louargat,2343,46,2389
Loudéac,9571,381,9952
Maël-Carhaix,1499,31,1530
Maël-Pestivien,378,5,383
Magoar,86,1,87
La Malhoure,594,15,609
Mantallot,230,6,236
Matignon,1662,23,1685
La Méaugon,1292,32,1324
Mégrit,818,11,829
Mellionnec,399,18,417
Le Mené,6417,122,6539
Merdrignac,2930,235,3165
Mérillac,233,4,237
Merléac,434,18,452
Le Merzer,959,27,986
Minihy-Tréguier,1267,38,1305
Moncontour,867,9,876
La Motte,2131,35,2166
Moustéru,660,15,675
Le Moustoir,666,17,683
Noyal,908,17,925
Pabu,2760,112,2872
Paimpol,7172,336,7508
Paule,707,24,731
Pédernec,1851,30,1881
Penguily,609,14,623
Penvénan,2538,65,2603
Perros-Guirec,7139,196,7335
Peumerit-Quintin,172,1,173
Plaine-Haute,1604,30,1634
Plaintel,4344,88,4432
Plancoët,3013,54,3067
Pléboulle,862,5,867
Plédéliac,1439,18,1457
Plédran,6666,111,6777
Pléguien,1325,28,1353
Pléhédel,1313,32,1345
Plélan-le-Petit,1910,29,1939
Plélauff,634,26,660
Plélo,3289,76,3365
Plémet,3649,128,3777
Plémy,1572,39,1611
Plénée-Jugon,2410,77,2487
Pléneuf-Val-André,4073,129,4202
Plérin,14062,483,14545
Plerneuf,1053,13,1066
Plésidy,613,13,626
Pleslin-Trigavou,3627,74,3701
Plestan,1598,26,1624
Plestin-les-Grèves,3591,89,3680
Pleubian,2322,42,2364
Pleudaniel,928,21,949
Pleudihen-sur-Rance,2909,77,2986
Pleumeur-Bodou,3925,166,4091
Pleumeur-Gautier,1217,20,1237
Pléven,582,6,588
Plévenon,781,14,795
Plévin,751,16,767
Ploëzal,1250,18,1268
Plorec-sur-Arguenon,414,2,416
Plouaret,2139,46,2185
Plouasne,1714,35,1749
Ploubazlanec,3014,125,3139
Ploubezre,3600,118,3718
Plouëc-du-Trieux,1134,28,1162
Plouër-sur-Rance,3531,107,3638
Plouézec,3182,57,3239
Ploufragan,11546,352,11898
Plougonver,733,11,744
Plougras,413,13,426
Plougrescant,1184,38,1222
Plouguenast-Langast,2487,84,2571
Plouguernével,1709,58,1767
Plouguiel,1760,38,1798
Plouha,4503,88,4591
Plouisy,1980,207,2187
Ploulec'h,1636,59,1695
Ploumagoar,5434,120,5554
Ploumilliau,2481,53,2534
Plounérin,747,11,758
Plounévez-Moëdec,1458,25,1483
Plounévez-Quintin,1091,25,1116
Plourac'h,319,4,323
Plourhan,1996,39,2035
Plourivo,2275,54,2329
Plouvara,1147,23,1170
Plouzélambre,234,4,238
Pludual,729,7,736
Pluduno,2193,65,2258
Plufur,534,12,546
Plumaudan,1288,39,1327
Plumaugat,1084,22,1106
Plumieux,1015,22,1037
Plurien,1519,22,1541
Plusquellec,527,15,542
Plussulien,487,23,510
Pluzunet,984,15,999
Plœuc-L'Hermitage,4062,77,4139
Pommeret,2075,34,2109
Pommerit-le-Vicomte,1760,50,1810
Pont-Melvez,603,19,622
Pontrieux,1028,25,1053
Pordic,7167,202,7369
Prat,1118,25,1143
La Prénessaye,887,21,908
Quemper-Guézennec,1094,26,1120
Quemperven,379,8,387
Quessoy,3786,233,4019
Quévert,3749,107,3856
Le Quillio,555,7,562
Quintenic,367,12,379
Quintin,2838,200,3038
Le Quiou,305,4,309
La Roche-Jaudy,2688,570,3258
Rospez,1758,54,1812
Rostrenen,3060,345,3405
Rouillac,395,2,397
Ruca,609,10,619
Runan,240,6,246
Saint-Adrien,353,8,361
Saint-Agathon,2273,53,2326
Saint-Alban,2154,31,2185
Saint-André-des-Eaux,339,9,348
Saint-Barnabé,1249,26,1275
Saint-Bihy,262,0,262
Saint-Brandan,2368,51,2419
Saint-Brieuc,44372,1634,46006
Saint-Caradec,1116,38,1154
Saint-Carné,998,28,1026
Saint-Carreuc,1509,28,1537
Saint-Cast-le-Guildo,3315,77,3392
Saint-Clet,875,23,898
Saint-Connan,297,6,303
Saint-Connec,255,7,262
Saint-Denoual,464,14,478
Saint-Donan,1457,35,1492
Saint-Étienne-du-Gué-de-l'Isle,356,6,362
Saint-Fiacre,212,3,215
Saint-Gildas,269,9,278
Saint-Gilles-les-Bois,432,5,437
Saint-Gilles-Pligeaux,295,6,301
Saint-Gilles-Vieux-Marché,354,8,362
Saint-Glen,621,11,632
Saint-Hélen,1481,37,1518
Saint-Hervé,400,9,409
Saint-Igeaux,135,5,140
Saint-Jacut-de-la-Mer,906,19,925
Saint-Jean-Kerdaniel,637,8,645
Saint-Jouan-de-l'Isle,496,5,501
Saint-Judoce,565,13,578
Saint-Julien,2050,50,2100
Saint-Juvat,653,20,673
Saint-Launeuc,200,4,204
Saint-Laurent,487,17,504
Saint-Lormel,860,17,877
Saint-Maden,231,9,240
Saint-Martin-des-Prés,315,10,325
Saint-Maudan,400,7,407
Saint-Maudez,284,11,295
Saint-Mayeux,470,15,485
Saint-Méloir-des-Bois,258,2,260
Saint-Michel-de-Plélan,321,8,329
Saint-Michel-en-Grève,456,13,469
Saint-Nicodème,168,3,171
Saint-Nicolas-du-Pélem,1666,43,1709
Saint-Péver,402,8,410
Saint-Pôtan,807,13,820
Saint-Quay-Perros,1303,56,1359
Saint-Quay-Portrieux,2997,220,3217
Saint-Rieul,550,5,555
Saint-Samson-sur-Rance,1607,26,1633
Saint-Servais,405,6,411
Saint-Thélo,420,6,426
Saint-Trimoël,544,6,550
Saint-Vran,759,30,789
Sainte-Tréphine,186,6,192
Senven-Léhart,234,0,234
Sévignac,1088,29,1117
Squiffiec,762,26,788
Taden,2467,76,2543
Tonquédec,1180,26,1206
Tramain,694,10,704
Trébédan,428,9,437
Trébeurden,3637,125,3762
Trébrivan,741,18,759
Trébry,798,19,817
Trédaniel,926,29,955
Trédarzec,1075,19,1094
Trédias,486,9,495
Trédrez-Locquémeau,1444,39,1483
Tréduder,195,4,199
Treffrin,548,13,561
Tréfumel,273,3,276
Trégastel,2465,71,2536
Tréglamus,1034,23,1057
Trégomeur,938,24,962
Trégonneau,576,7,583
Trégrom,426,4,430
Trégueux,8432,163,8595
Tréguidel,615,11,626
Tréguier,2419,276,2695
Trélévern,1249,32,1281
Trélivan,2782,73,2855
Trémargat,186,15,201
Trémel,411,6,417
Tréméreuc,744,28,772
Trémeur,764,19,783
Tréméven,341,8,349
Trémorel,1152,26,1178
Trémuson,2069,39,2108
Tréogan,100,4,104
Tressignaux,682,11,693
Trévé,1657,30,1687
Tréveneuc,794,25,819
Trévérec,214,7,221
Trévou-Tréguignec,1387,40,1427
Trévron,686,14,700
Trézény,356,8,364
Troguéry,249,6,255
Uzel,1046,25,1071
La Vicomté-sur-Rance,1057,14,1071
Le Vieux-Bourg,781,21,802
Le Vieux-Marché,1314,27,1341
Vildé-Guingalan,1241,21,1262
Yffiniac,5010,107,5117
Yvias,765,17,782
Yvignac-la-Tour,1166,19,1185
Ahun,1432,172,1604
Ajain,1138,26,1164
Alleyrat,143,0,143
Anzême,578,8,586
Arfeuille-Châtain,192,4,196
Arrènes,218,0,218
Ars,244,10,254
Aubusson,3366,185,3551
Auge,98,0,98
Augères,116,1,117
Aulon,154,2,156
Auriat,111,2,113
Auzances,1214,25,1239
Azat-Châtenet,115,3,118
Azerables,815,16,831
Banize,187,2,189
Basville,159,4,163
Bazelat,256,11,267
Beissat,25,0,25
Bellegarde-en-Marche,409,7,416
Bénévent-l'Abbaye,776,10,786
Bétête,365,8,373
Blaudeix,99,1,100
Blessac,533,12,545
Bonnat,1315,22,1337
Bord-Saint-Georges,353,11,364
Bosmoreau-les-Mines,244,7,251
Bosroger,110,2,112
Le Bourg-d'Hem,213,2,215
Bourganeuf,2572,215,2787
Boussac,1257,18,1275
Boussac-Bourg,717,12,729
La Brionne,440,7,447
Brousse,27,0,27
Budelière,717,10,727
Bussière-Dunoise,1038,15,1053
Bussière-Nouvelle,85,3,88
Bussière-Saint-Georges,256,3,259
La Celle-Dunoise,542,24,566
La Celle-sous-Gouzon,151,0,151
La Cellette,254,4,258
Ceyroux,127,1,128
Chamberaud,101,0,101
Chambon-Sainte-Croix,75,2,77
Chambon-sur-Voueize,892,12,904
Chambonchard,82,4,86
Chamborand,243,1,244
Champagnat,467,9,476
Champsanglard,248,6,254
La Chapelle-Baloue,135,1,136
La Chapelle-Saint-Martial,90,1,91
La Chapelle-Taillefert,424,12,436
Chard,211,2,213
Charron,232,10,242
Châtelard,32,0,32
Châtelus-le-Marcheix,314,8,322
Châtelus-Malvaleix,557,13,570
Le Chauchet,109,2,111
La Chaussade,107,6,113
Chavanat,143,3,146
Chénérailles,760,13,773
Chéniers,572,7,579
Clairavaux,156,1,157
Clugnat,645,6,651
Colondannes,265,8,273
Le Compas,212,12,224
La Courtine,769,8,777
Cressat,553,7,560
Crocq,411,6,417
Crozant,447,17,464
Croze,196,6,202
Domeyrot,225,3,228
Dontreix,415,8,423
Le Donzeil,188,4,192
Dun-le-Palestel,1116,21,1137
Évaux-les-Bains,1390,47,1437
Faux-la-Montagne,421,9,430
Faux-Mazuras,182,6,188
Felletin,1593,213,1806
Féniers,94,0,94
Flayat,309,5,314
Fleurat,309,6,315
Fontanières,249,1,250
La Forêt-du-Temple,143,1,144
Fransèches,242,4,246
Fresselines,498,13,511
Fursac,1511,23,1534
Gartempe,123,0,123
Genouillac,735,10,745
Gentioux-Pigerolles,405,3,408
Gioux,164,3,167
Glénic,666,12,678
Gouzon,1580,20,1600
Le Grand-Bourg,1220,44,1264
Guéret,13161,603,13764
Issoudun-Létrieix,299,3,302
Jalesches,90,4,94
Janaillat,330,5,335
Jarnages,452,11,463
Jouillat,401,12,413
Ladapeyre,346,3,349
Lafat,350,16,366
Lavaufranche,245,1,246
Lavaveix-les-Mines,666,5,671
Lépaud,363,4,367
Lépinas,139,5,144
Leyrat,146,1,147
Linard-Malval,210,5,215
Lioux-les-Monges,57,1,58
Lizières,268,4,272
Lourdoueix-Saint-Pierre,773,13,786
Lupersat,302,6,308
Lussat,426,7,433
Magnat-l'Étrange,242,2,244
Mainsat,564,13,577
Maison-Feyne,304,7,311
Maisonnisses,190,7,197
Malleret,44,0,44
Malleret-Boussac,193,4,197
Mansat-la-Courrière,83,2,85
Les Mars,195,2,197
Marsac,676,8,684
Le Mas-d'Artige,99,1,100
Mautes,210,6,216
Mazeirat,130,7,137
La Mazière-aux-Bons-Hommes,65,1,66
Méasnes,544,6,550
Mérinchal,720,11,731
Montaigut-le-Blanc,408,7,415
Montboucher,349,10,359
Le Monteil-au-Vicomte,201,48,249
Mortroux,285,9,294
Mourioux-Vieilleville,514,8,522
Moutier-d'Ahun,184,2,186
Moutier-Malcard,536,5,541
Moutier-Rozeille,427,9,436
Naillat,639,17,656
Néoux,287,3,290
Noth,499,11,510
La Nouaille,249,3,252
Nouhant,283,7,290
Nouzerines,248,5,253
Nouzerolles,99,2,101
Nouziers,240,1,241
Parsac-Rimondeix,701,14,715
Peyrabout,153,2,155
Peyrat-la-Nonière,426,9,435
Pierrefitte,70,0,70
Pionnat,758,11,769
Pontarion,365,8,373
Pontcharraud,79,1,80
La Pouge,90,0,90
Poussanges,155,0,155
Puy-Malsignat,159,3,162
Reterre,291,5,296
Roches,363,2,365
Rougnat,494,15,509
Royère-de-Vassivière,575,4,579
Sagnat,192,8,200
Saint-Agnant-de-Versillat,1094,29,1123
Saint-Agnant-près-Crocq,184,0,184
Saint-Alpinien,273,3,276
Saint-Amand,493,3,496
Saint-Amand-Jartoudeix,168,1,169
Saint-Avit-de-Tardes,173,2,175
Saint-Avit-le-Pauvre,78,2,80
Saint-Bard,103,3,106
Saint-Chabrais,294,4,298
Saint-Christophe,155,11,166
Saint-Dizier-la-Tour,212,3,215
Saint-Dizier-les-Domaines,195,4,199
Saint-Dizier-Masbaraud,1126,22,1148
Saint-Domet,176,4,180
Saint-Éloi,225,2,227
Saint-Fiel,1036,25,1061
Saint-Frion,254,4,258
Saint-Georges-la-Pouge,370,3,373
Saint-Georges-Nigremont,129,1,130
Saint-Germain-Beaupré,436,5,441
Saint-Goussaud,162,3,165
Saint-Hilaire-la-Plaine,210,4,214
Saint-Hilaire-le-Château,233,7,240
Saint-Julien-la-Genête,223,7,230
Saint-Julien-le-Châtel,143,3,146
Saint-Junien-la-Bregère,140,1,141
Saint-Laurent,691,13,704
Saint-Léger-Bridereix,198,3,201
Saint-Léger-le-Guérétois,429,10,439
Saint-Loup,182,1,183
Saint-Maixant,243,2,245
Saint-Marc-à-Frongier,425,9,434
Saint-Marc-à-Loubaud,136,2,138
Saint-Marien,185,1,186
Saint-Martial-le-Mont,261,5,266
Saint-Martial-le-Vieux,136,3,139
Saint-Martin-Château,144,6,150
Saint-Martin-Sainte-Catherine,343,5,348
Saint-Maurice-la-Souterraine,1223,29,1252
Saint-Maurice-près-Crocq,100,1,101
Saint-Médard-la-Rochette,583,12,595
Saint-Merd-la-Breuille,191,5,196
Saint-Michel-de-Veisse,162,4,166
Saint-Moreil,219,0,219
Saint-Oradoux-de-Chirouze,68,0,68
Saint-Oradoux-près-Crocq,97,4,101
Saint-Pardoux-d'Arnet,173,6,179
Saint-Pardoux-le-Neuf,192,5,197
Saint-Pardoux-les-Cards,287,3,290
Saint-Pardoux-Morterolles,206,5,211
Saint-Pierre-Bellevue,210,0,210
Saint-Pierre-Chérignat,168,4,172
Saint-Pierre-le-Bost,129,7,136
Saint-Priest,165,1,166
Saint-Priest-la-Feuille,771,12,783
Saint-Priest-la-Plaine,260,6,266
Saint-Priest-Palus,55,0,55
Saint-Quentin-la-Chabanne,404,10,414
Saint-Sébastien,647,13,660
Saint-Silvain-Bas-le-Roc,400,13,413
Saint-Silvain-Bellegarde,211,3,214
Saint-Silvain-Montaigut,213,2,215
Saint-Silvain-sous-Toulx,165,1,166
Saint-Sulpice-le-Dunois,607,12,619
Saint-Sulpice-le-Guérétois,1949,53,2002
Saint-Sulpice-les-Champs,355,6,361
Saint-Vaury,1753,118,1871
Saint-Victor-en-Marche,376,7,383
Saint-Yrieix-la-Montagne,224,8,232
Saint-Yrieix-les-Bois,286,5,291
Sainte-Feyre,2472,54,2526
Sainte-Feyre-la-Montagne,130,3,133
Sannat,344,8,352
Sardent,788,11,799
La Saunière,607,7,614
Savennes,214,9,223
Sermur,133,2,135
La Serre-Bussière-Vieille,122,1,123
Soubrebost,136,3,139
Soumans,601,7,608
Sous-Parsat,115,1,116
La Souterraine,5207,241,5448
Tardes,138,2,140
Tercillat,158,3,161
Thauron,174,7,181
Toulx-Sainte-Croix,263,3,266
Trois-Fonds,121,0,121
Vallière,723,20,743
Vareilles,311,9,320
Verneiges,114,1,115
Vidaillat,157,2,159
Viersat,303,2,305
Vigeville,164,2,166
Villard,366,6,372
La Villedieu,48,0,48
La Villeneuve,64,0,64
La Villetelle,169,1,170
Abjat-sur-Bandiat,620,7,627
Agonac,1761,23,1784
Ajat,317,3,320
Allas-les-Mines,204,10,214
Allemans,513,14,527
Alles-sur-Dordogne,385,9,394
Angoisse,588,10,598
Anlhiac,275,5,280
Annesse-et-Beaulieu,1436,49,1485
Antonne-et-Trigonant,1283,18,1301
Archignac,363,9,372
Aubas,609,19,628
Audrix,278,4,282
Augignac,814,18,832
Auriac-du-Périgord,383,10,393
Azerat,442,7,449
La Bachellerie,899,20,919
Badefols-d'Ans,404,9,413
Badefols-sur-Dordogne,212,5,217
Baneuil,347,12,359
Bardou,45,0,45
Bars,243,7,250
Bassillac et Auberoche,4498,82,4580
Bayac,351,1,352
Beaumontois en Périgord,1846,44,1890
Beaupouyet,492,7,499
Beauregard-de-Terrasson,703,16,719
Beauregard-et-Bassac,262,5,267
Beauronne,372,1,373
Beleymas,274,7,281
Berbiguières,182,4,186
Bergerac,26833,734,27567
Bertric-Burée,440,12,452
Besse,156,4,160
Beynac-et-Cazenac,547,9,556
Biras,664,7,671
Biron,162,10,172
Boisse,246,5,251
Boisseuilh,120,2,122
Bonneville-et-Saint-Avit-de-Fumadières,323,7,330
Borrèze,342,11,353
Bosset,215,6,221
Bouillac,122,2,124
Boulazac Isle Manoire,10635,297,10932
Bouniagues,587,19,606
Bourdeilles,743,15,758
Le Bourdeix,226,4,230
Bourg-des-Maisons,68,0,68
Bourg-du-Bost,225,3,228
Bourgnac,343,6,349
Bourniquel,69,1,70
Bourrou,128,7,135
Bouteilles-Saint-Sébastien,174,2,176
Bouzic,151,3,154
Brantôme en Périgord,3702,57,3759
Brouchaud,218,5,223
Le Bugue,2587,41,2628
Le Buisson-de-Cadouin,1954,58,2012
Bussac,397,2,399
Busserolles,503,9,512
Bussière-Badil,391,2,393
Calès,386,11,397
Calviac-en-Périgord,510,20,530
Campagnac-lès-Quercy,304,8,312
Campagne,380,10,390
Campsegret,389,7,396
Capdrot,502,4,506
Carlux,629,10,639
Carsac-Aillac,1578,29,1607
Carsac-de-Gurson,190,4,194
Carves,104,4,108
La Cassagne,151,1,152
Castelnaud-la-Chapelle,457,7,464
Castels et Bézenac,809,18,827
Cause-de-Clérans,345,7,352
Cazoulès,456,13,469
Celles,587,11,598
Cénac-et-Saint-Julien,1206,33,1239
Chalagnac,435,9,444
Chalais,404,9,413
Champagnac-de-Belair,752,14,766
Champagne-et-Fontaine,387,11,398
Champcevinel,2880,86,2966
Champniers-et-Reilhac,455,4,459
Champs-Romain,286,8,294
Chancelade,4262,82,4344
Chantérac,616,7,623
Chapdeuil,130,3,133
La Chapelle-Aubareil,541,13,554
La Chapelle-Faucher,414,6,420
La Chapelle-Gonaguet,1069,16,1085
La Chapelle-Grésignac,108,4,112
La Chapelle-Montabourlet,62,4,66
La Chapelle-Montmoreau,68,2,70
La Chapelle-Saint-Jean,91,1,92
Chassaignes,68,2,70
Château-l'Évêque,2170,36,2206
Châtres,194,1,195
Cherval,274,8,282
Cherveix-Cubas,569,12,581
Chourgnac,60,2,62
Cladech,105,1,106
Clermont-d'Excideuil,232,5,237
Clermont-de-Beauregard,105,1,106
Colombier,257,12,269
Coly-Saint-Amand,592,20,612
Comberanche-et-Épeluche,168,3,171
Condat-sur-Trincou,480,8,488
Condat-sur-Vézère,882,16,898
Conne-de-Labarde,246,4,250
Connezac,74,0,74
La Coquille,1324,17,1341
Corgnac-sur-l'Isle,835,13,848
Cornille,676,13,689
Les Coteaux Périgourdins,590,9,599
Coubjours,128,1,129
Coulaures,733,88,821
Coulounieix-Chamiers,7703,305,8008
Cours-de-Pile,1578,33,1611
Coursac,2149,44,2193
Coutures,185,1,186
Coux et Bigaroque-Mouzens,1220,40,1260
Couze-et-Saint-Front,716,10,726
Creyssac,99,0,99
Creysse,1740,32,1772
Creyssensac-et-Pissot,262,9,271
Cubjac-Auvézère-Val d'Ans,1083,9,1092
Cunèges,290,5,295
Daglan,538,19,557
Doissat,105,5,110
Domme,911,22,933
La Dornac,397,11,408
Douchapt,359,9,368
Douville,451,10,461
La Douze,1150,16,1166
Douzillac,795,12,807
Dussac,404,4,408
Échourgnac,392,7,399
Église-Neuve-d'Issac,140,3,143
Église-Neuve-de-Vergt,552,2,554
Escoire,418,9,427
Étouars,155,1,156
Excideuil,1177,41,1218
Eygurande-et-Gardedeuil,403,7,410
Eymet,2630,44,2674
Eyraud-Crempse-Maurens,1595,30,1625
Eyzerac,560,9,569
Les Eyzies,1100,16,1116
Fanlac,139,1,140
Les Farges,319,17,336
Faurilles,36,0,36
Faux,630,10,640
La Feuillade,732,21,753
Firbeix,307,9,316
Le Fleix,1485,52,1537
Fleurac,244,11,255
Florimont-Gaumier,142,2,144
Fonroque,326,2,328
La Force,2674,124,2798
Fossemagne,537,13,550
Fougueyrolles,479,17,496
Fouleix,248,8,256
Fraisse,172,1,173
Gabillou,94,3,97
Gageac-et-Rouillac,465,9,474
Gardonne,1592,25,1617
Gaugeac,112,1,113
Génis,478,4,482
Ginestet,729,14,743
Gout-Rossignol,379,7,386
Grand-Brassac,535,11,546
Granges-d'Ans,152,4,156
Grignols,672,10,682
Grives,120,4,124
Groléjac,654,16,670
Grun-Bordas,227,4,231
Hautefaye,136,1,137
Hautefort,928,16,944
Issac,445,5,450
Issigeac,757,10,767
Jaure,170,2,172
Javerlhac-et-la-Chapelle-Saint-Robert,846,10,856
Jayac,175,3,178
La Jemaye-Ponteyraud,154,3,157
Journiac,437,8,445
Jumilhac-le-Grand,1237,52,1289
Lacropte,651,13,664
Lalinde,2794,37,2831
Lamonzie-Montastruc,709,13,722
Lamonzie-Saint-Martin,2532,35,2567
Lamothe-Montravel,1330,21,1351
Lanouaille,1017,12,1029
Lanquais,496,14,510
Le Lardin-Saint-Lazare,1753,38,1791
Larzac,144,1,145
Lavalade,81,2,83
Lavaur,70,2,72
Les Lèches,368,2,370
Léguillac-de-l'Auche,994,14,1008
Lembras,1142,36,1178
Lempzours,134,5,139
Limeuil,336,12,348
Limeyrat,445,10,455
Liorac-sur-Louyre,245,1,246
Lisle,859,11,870
Lolme,197,2,199
Loubejac,264,3,267
Lunas,386,5,391
Lusignac,180,1,181
Lussas-et-Nontronneau,300,7,307
Manzac-sur-Vern,593,13,606
Marcillac-Saint-Quentin,792,19,811
Mareuil en Périgord,2342,48,2390
Marnac,188,1,189
Marquay,577,9,586
Marsac-sur-l'Isle,3104,74,3178
Marsalès,234,3,237
Mauzac-et-Grand-Castang,864,9,873
Mauzens-et-Miremont,301,11,312
Mayac,342,7,349
Mazeyrolles,305,11,316
Ménesplet,1817,15,1832
Mensignac,1521,26,1547
Mescoules,176,1,177
Meyrals,641,13,654
Mialet,613,9,622
Milhac-de-Nontron,505,13,518
Minzac,458,5,463
Molières,330,10,340
Monbazillac,829,90,919
Monestier,390,4,394
Monfaucon,294,4,298
Monmadalès,82,1,83
Monmarvès,64,0,64
Monpazier,473,6,479
Monplaisant,296,4,300
Monsac,192,7,199
Monsaguel,152,7,159
Montagnac-d'Auberoche,146,5,151
Montagnac-la-Crempse,392,13,405
Montagrier,516,10,526
Montaut,130,2,132
Montazeau,296,4,300
Montcaret,1455,20,1475
Montferrand-du-Périgord,157,4,161
Montignac,2770,53,2823
Montpeyroux,442,7,449
Montpon-Ménestérol,5498,80,5578
Montrem,1250,28,1278
Mouleydier,1132,18,1150
Moulin-Neuf,926,14,940
Mussidan,2710,54,2764
Nabirat,370,10,380
Nadaillac,376,4,380
Nailhac,333,2,335
Nanteuil-Auriac-de-Bourzac,224,3,227
Nantheuil,966,22,988
Nanthiat,239,2,241
Nastringues,117,4,121
Naussannes,253,5,258
Négrondes,815,10,825
Neuvic,3589,66,3655
Nontron,3050,110,3160
Orliac,60,2,62
Orliaguet,106,9,115
Parcoul-Chenaud,775,17,792
Paulin,259,4,263
Paunat,308,6,314
Paussac-et-Saint-Vivien,468,7,475
Pays de Belvès,1419,34,1453
Payzac,980,18,998
Pazayac,880,13,893
Périgueux,29966,1586,31552
Petit-Bersac,181,4,185
Peyrignac,580,9,589
Peyrillac-et-Millac,223,3,226
Peyzac-le-Moustier,174,3,177
Pezuls,122,3,125
Piégut-Pluviers,1166,34,1200
Le Pizou,1317,16,1333
Plaisance,423,12,435
Plazac,691,27,718
Pomport,739,23,762
Pontours,191,5,196
Port-Sainte-Foy-et-Ponchapt,2498,46,2544
Prats-de-Carlux,547,20,567
Prats-du-Périgord,147,2,149
Pressignac-Vicq,432,11,443
Preyssac-d'Excideuil,161,0,161
Prigonrieux,4157,78,4235
Proissans,1022,20,1042
Queyssac,466,14,480
Quinsac,362,8,370
Rampieux,150,0,150
Razac-d'Eymet,289,4,293
Razac-de-Saussignac,332,17,349
Razac-sur-l'Isle,2395,41,2436
Ribagnac,308,6,314
Ribérac,3861,147,4008
La Roche-Chalais,2999,53,3052
La Rochebeaucourt-et-Argentine,322,9,331
La Roque-Gageac,440,4,444
Rouffignac-de-Sigoulès,311,6,317
Rouffignac-Saint-Cernin-de-Reilhac,1603,35,1638
Rudeau-Ladosse,160,2,162
Sadillac,119,0,119
Sagelat,313,6,319
Saint-Agne,441,7,448
Saint-Amand-de-Vergt,243,8,251
Saint-André-d'Allas,833,19,852
Saint-André-de-Double,173,2,175
Saint-Antoine-de-Breuilh,1877,40,1917
Saint-Aquilin,479,3,482
Saint-Astier,5492,98,5590
Saint-Aubin-de-Cadelech,336,4,340
Saint-Aubin-de-Lanquais,343,4,347
Saint-Aubin-de-Nabirat,143,3,146
Saint Aulaye-Puymangou,1434,17,1451
Saint-Avit-de-Vialard,160,7,167
Saint-Avit-Rivière,78,4,82
Saint-Avit-Sénieur,439,4,443
Saint-Barthélemy-de-Bellegarde,505,2,507
Saint-Barthélemy-de-Bussière,214,8,222
Saint-Capraise-d'Eymet,156,2,158
Saint-Capraise-de-Lalinde,531,11,542
Saint-Cassien,34,2,36
Saint-Cernin-de-l'Herm,234,4,238
Saint-Cernin-de-Labarde,211,2,213
Saint-Chamassy,514,16,530
Saint-Crépin-d'Auberoche,356,5,361
Saint-Crépin-et-Carlucet,520,10,530
Saint-Cybranet,385,6,391
Saint-Cyprien,1561,34,1595
Saint-Cyr-les-Champagnes,244,7,251
Saint-Estèphe,613,19,632
Saint-Étienne-de-Puycorbier,106,4,110
Saint-Félix-de-Bourdeilles,62,0,62
Saint-Félix-de-Reillac-et-Mortemart,184,5,189
Saint-Félix-de-Villadeix,327,9,336
Saint-Front-d'Alemps,262,4,266
Saint-Front-de-Pradoux,1160,15,1175
Saint-Front-la-Rivière,518,8,526
Saint-Front-sur-Nizonne,157,2,159
Saint-Geniès,939,26,965
Saint-Georges-Blancaneix,252,0,252
Saint-Georges-de-Montclard,291,5,296
Saint-Géraud-de-Corps,243,2,245
Saint-Germain-de-Belvès,176,9,185
Saint-Germain-des-Prés,498,8,506
Saint-Germain-du-Salembre,941,7,948
Saint-Germain-et-Mons,829,18,847
Saint-Géry,236,2,238
Saint-Geyrac,198,6,204
Saint-Hilaire-d'Estissac,112,2,114
Saint-Jean-d'Ataux,128,3,131
Saint-Jean-d'Estissac,177,0,177
Saint-Jean-de-Côle,365,6,371
Saint-Jory-de-Chalais,584,38,622
Saint-Jory-las-Bloux,236,8,244
Saint-Julien-de-Lampon,626,18,644
Saint-Julien-Innocence-Eulalie,301,3,304
Saint-Just,136,2,138
Saint-Laurent-des-Hommes,1018,18,1036
Saint-Laurent-des-Vignes,886,13,899
Saint-Laurent-la-Vallée,247,9,256
Saint-Léon-d'Issigeac,126,4,130
Saint-Léon-sur-l'Isle,2027,23,2050
Saint-Léon-sur-Vézère,425,12,437
Saint-Louis-en-l'Isle,303,5,308
Saint-Maime-de-Péreyrol,283,8,291
Saint-Marcel-du-Périgord,147,2,149
Saint-Marcory,50,3,53
Saint-Martial-d'Albarède,464,7,471
Saint-Martial-d'Artenset,955,7,962
Saint-Martial-de-Nabirat,584,4,588
Saint-Martial-de-Valette,789,14,803
Saint-Martial-Viveyrol,195,2,197
Saint-Martin-de-Fressengeas,359,6,365
Saint-Martin-de-Gurson,666,8,674
Saint-Martin-de-Ribérac,716,10,726
Saint-Martin-des-Combes,186,8,194
Saint-Martin-l'Astier,138,1,139
Saint-Martin-le-Pin,271,7,278
Saint-Méard-de-Drône,497,6,503
Saint-Méard-de-Gurçon,813,18,831
Saint-Médard-d'Excideuil,546,16,562
Saint-Médard-de-Mussidan,1713,24,1737
Saint-Mesmin,318,5,323
Saint-Michel-de-Double,240,6,246
Saint-Michel-de-Montaigne,337,5,342
Saint-Michel-de-Villadeix,309,6,315
Saint-Nexans,967,18,985
Saint-Pancrace,187,0,187
Saint-Pantaly-d'Excideuil,150,3,153
Saint-Pardoux-de-Drône,198,5,203
Saint-Pardoux-et-Vielvic,211,0,211
Saint-Pardoux-la-Rivière,1179,13,1192
Saint-Paul-de-Serre,280,8,288
Saint-Paul-la-Roche,525,0,525
Saint-Paul-Lizonne,273,3,276
Saint-Perdoux,137,0,137
Saint-Pierre-d'Eyraud,1795,16,1811
Saint-Pierre-de-Chignac,871,17,888
Saint-Pierre-de-Côle,430,2,432
Saint-Pierre-de-Frugie,398,3,401
Saint-Pompont,372,6,378
Saint-Priest-les-Fougères,381,5,386
Saint Privat en Périgord,1121,30,1151
Saint-Rabier,585,9,594
Saint-Raphaël,94,3,97
Saint-Rémy,516,1,517
Saint-Romain-de-Monpazier,110,4,114
Saint-Romain-et-Saint-Clément,328,4,332
Saint-Saud-Lacoussière,832,14,846
Saint-Sauveur,847,21,868
Saint-Sauveur-Lalande,156,1,157
Saint-Seurin-de-Prats,494,8,502
Saint-Séverin-d'Estissac,100,0,100
Saint-Sulpice-d'Excideuil,344,3,347
Saint-Sulpice-de-Roumagnac,279,1,280
Saint-Victor,203,0,203
Saint-Vincent-de-Connezac,662,12,674
Saint-Vincent-de-Cosse,364,12,376
Saint-Vincent-Jalmoutiers,250,3,253
Saint-Vincent-le-Paluel,276,10,286
Saint-Vincent-sur-l'Isle,306,3,309
Saint-Vivien,250,7,257
Sainte-Croix,87,0,87
Sainte-Croix-de-Mareuil,150,6,156
Sainte-Eulalie-d'Ans,288,3,291
Sainte-Foy-de-Belvès,139,2,141
Sainte-Foy-de-Longas,237,7,244
Sainte-Mondane,260,5,265
Sainte-Nathalène,595,12,607
Sainte-Orse,358,6,364
Sainte-Radegonde,62,1,63
Sainte-Trie,110,2,112
Salagnac,769,4,773
Salignac-Eyvigues,1159,54,1213
Salles-de-Belvès,71,2,73
Salon,277,4,281
Sanilhac,4548,103,4651
Sarlande,432,0,432
Sarlat-la-Canéda,8869,434,9303
Sarliac-sur-l'Isle,1020,20,1040
Sarrazac,381,5,386
Saussignac,428,13,441
Savignac-de-Miremont,177,5,182
Savignac-de-Nontron,191,2,193
Savignac-Lédrier,717,9,726
Savignac-les-Églises,972,17,989
Sceau-Saint-Angel,124,2,126
Segonzac,205,3,208
Sergeac,216,3,219
Serres-et-Montguyard,237,3,240
Servanches,86,4,90
Sigoulès-et-Flaugeac,1225,236,1461
Simeyrols,258,3,261
Singleyrac,269,1,270
Siorac-de-Ribérac,251,4,255
Siorac-en-Périgord,1053,11,1064
Sorges et Ligueux en Périgord,1565,27,1592
Soudat,92,0,92
Soulaures,92,1,93
Sourzac,1107,14,1121
Tamniès,384,10,394
Teillots,102,1,103
Temple-Laguyon,41,1,42
Terrasson-Lavilledieu,6202,106,6308
Teyjat,275,5,280
Thénac,488,10,498
Thenon,1263,16,1279
Thiviers,2877,156,3033
Thonac,252,4,256
Tocane-Saint-Apre,1691,36,1727
La Tour-Blanche-Cercles,595,13,608
Tourtoirac,644,5,649
Trélissac,6658,223,6881
Trémolat,652,3,655
Tursac,339,10,349
Urval,114,7,121
Val de Louyre et Caudeau,1588,26,1614
Vallereuil,288,12,300
Valojoulx,271,8,279
Vanxains,700,88,788
Varaignes,403,9,412
Varennes,467,4,471
Vaunac,273,3,276
Vélines,1102,10,1112
Vendoire,134,2,136
Verdon,47,2,49
Vergt,1672,15,1687
Vergt-de-Biron,194,7,201
Verteillac,672,17,689
Veyrignac,335,8,343
Veyrines-de-Domme,230,22,252
Veyrines-de-Vergt,256,11,267
Vézac,587,11,598
Villac,266,2,268
Villamblard,886,19,905
Villars,463,9,472
Villefranche-de-Lonchat,973,18,991
Villefranche-du-Périgord,693,12,705
Villetoureix,906,21,927
Vitrac,800,30,830
Abbans-Dessous,263,6,269
Abbans-Dessus,304,5,309
Abbenans,342,6,348
Abbévillers,1040,20,1060
Accolans,96,1,97
Adam-lès-Passavant,89,2,91
Adam-lès-Vercel,103,3,106
Aibre,473,4,477
Aïssey,169,3,172
Allenjoie,735,16,751
Les Alliés,158,5,163
Allondans,253,3,256
Amagney,856,11,867
Amancey,687,20,707
Amathay-Vésigneux,163,4,167
Amondans,87,3,90
Anteuil,652,24,676
Appenans,376,10,386
Arbouans,945,9,954
Arc-et-Senans,1624,30,1654
Arc-sous-Cicon,665,13,678
Arc-sous-Montenot,195,9,204
Arcey,1441,48,1489
Arçon,841,15,856
Aubonne,240,3,243
Audeux,433,11,444
Audincourt,13387,182,13569
Autechaux,420,10,430
Autechaux-Roide,523,10,533
Les Auxons,2544,45,2589
Avanne-Aveney,2255,31,2286
Avilley,163,3,166
Avoudrey,909,15,924
Badevel,817,12,829
Bannans,369,10,379
Le Barboux,238,8,246
Bart,1980,53,2033
Bartherans,55,0,55
Battenans-les-Mines,54,1,55
Battenans-Varin,76,2,78
Baume-les-Dames,5063,163,5226
Bavans,3640,60,3700
Belfays,138,5,143
Le Bélieu,450,5,455
Belleherbe,625,11,636
Belmont,67,0,67
Belvoir,104,7,111
Berche,495,12,507
Berthelange,330,8,338
Besançon,115934,3315,119249
Bethoncourt,5647,78,5725
Beure,1349,11,1360
Beutal,277,5,282
Bians-les-Usiers,679,22,701
Bief,114,1,115
Le Bizot,309,8,317
Blamont,1221,26,1247
Blarians,57,4,61
Blussangeaux,84,1,85
Blussans,194,4,198
Bolandoz,372,15,387
Bondeval,472,11,483
Bonnal,29,2,31
Bonnay,837,6,843
Bonnétage,917,20,937
Bonnevaux,385,12,397
La Bosse,74,0,74
Bouclans,1073,23,1096
Boujailles,428,9,437
Bourguignon,914,23,937
Bournois,192,1,193
Boussières,1123,17,1140
Bouverans,364,7,371
Braillans,205,2,207
Branne,175,3,178
Breconchaux,93,5,98
Bremondans,86,2,88
Brères,62,0,62
Les Bréseux,477,8,485
La Bretenière,71,1,72
Bretigney,73,0,73
Bretigney-Notre-Dame,110,2,112
Bretonvillers,276,3,279
Brey-et-Maison-du-Bois,102,3,105
Brognard,481,12,493
Buffard,169,4,173
Bugny,217,6,223
Bulle,433,8,441
Burgille,565,5,570
Burnevillers,45,2,47
Busy,630,13,643
By,78,1,79
Byans-sur-Doubs,560,6,566
Cademène,71,0,71
Cendrey,191,0,191
Cernay-l'Église,302,9,311
Cessey,333,10,343
Chaffois,985,18,1003
Chalèze,370,12,382
Chalezeule,1292,18,1310
Chamesey,136,3,139
Chamesol,378,5,383
Champagney,286,3,289
Champlive,248,5,253
Champoux,91,0,91
Champvans-les-Moulins,340,10,350
Chantrans,405,14,419
Chapelle-d'Huin,514,7,521
Chapelle-des-Bois,253,16,269
Charmauvillers,250,6,256
Charmoille,330,5,335
Charnay,474,8,482
Charquemont,2668,50,2718
Chassagne-Saint-Denis,114,3,117
Châteauvieux-les-Fossés,13,0,13
Châtelblanc,120,5,125
Châtillon-Guyotte,129,3,132
Châtillon-le-Duc,2054,41,2095
Châtillon-sur-Lison,9,0,9
Chaucenne,511,13,524
La Chaux,558,9,567
Chaux-lès-Passavant,133,7,140
Chaux-Neuve,318,3,321
Chay,213,16,229
Chazot,120,1,121
Chemaudin et Vaux,1937,42,1979
La Chenalotte,499,5,504
Chenecey-Buillon,515,11,526
Chevigney-lès-Vercel,128,5,133
Chevigney-sur-l'Ognon,292,3,295
La Chevillotte,147,0,147
Chevroz,131,0,131
Chouzelot,269,9,278
Cléron,309,13,322
La Cluse-et-Mijoux,1307,28,1335
Colombier-Fontaine,1267,26,1293
Les Combes,737,26,763
Consolation-Maisonnettes,33,5,38
Corcelle-Mieslot,109,1,110
Corcelles-Ferrières,200,4,204
Corcondray,144,2,146
Côtebrune,80,6,86
Cour-Saint-Maurice,156,1,157
Courcelles,106,2,108
Courcelles-lès-Montbéliard,1277,40,1317
Courchapon,218,3,221
Courtefontaine,246,3,249
Courtetain-et-Salans,84,1,85
Courvières,315,4,319
Crosey-le-Grand,152,5,157
Crosey-le-Petit,135,3,138
Le Crouzet,59,1,60
Crouzet-Migette,116,6,122
Cubrial,136,4,140
Cubry,88,0,88
Cusance,69,1,70
Cuse-et-Adrisans,284,12,296
Cussey-sur-l'Ognon,1045,11,1056
Cussey-sur-Lison,65,5,70
Dambelin,495,6,501
Dambenois,754,22,776
Dammartin-les-Templiers,197,6,203
Dampierre-les-Bois,1635,27,1662
Dampierre-sur-le-Doubs,457,10,467
Dampjoux,172,4,176
Damprichard,1903,39,1942
Dannemarie,113,0,113
Dannemarie-sur-Crète,1473,292,1765
Dasle,1417,35,1452
Deluz,615,5,620
Désandans,734,15,749
Déservillers,339,10,349
Devecey,1451,28,1479
Dommartin,710,14,724
Dompierre-les-Tilleuls,267,4,271
Domprel,180,4,184
Doubs,3021,89,3110
Dung,637,17,654
Durnes,177,4,181
Échay,129,4,133
Échenans,155,6,161
Échevannes,89,0,89
École-Valentin,2609,48,2657
Les Écorces,718,22,740
Écot,503,10,513
L' Écouvotte,92,0,92
Écurcey,268,10,278
Émagny,594,10,604
Épenouse,151,3,154
Épenoy,630,16,646
Épeugney,586,15,601
Esnans,68,0,68
Étalans,1550,36,1586
Éternoz,338,7,345
Étouvans,825,13,838
Étrabonne,191,1,192
Étrappe,213,4,217
Étray,261,0,261
Étupes,3727,64,3791
Évillers,366,4,370
Exincourt,3222,50,3272
Eysson,116,2,118
Faimbe,107,2,109
Fallerans,284,8,292
Ferrières-le-Lac,172,7,179
Ferrières-les-Bois,320,3,323
Fertans,256,10,266
Fesches-le-Châtel,2189,33,2222
Fessevillers,158,2,160
Feule,180,1,181
Les Fins,3100,147,3247
Flagey,161,1,162
Flagey-Rigney,112,1,113
Flangebouche,779,18,797
Fleurey,85,3,88
Fontain,1301,27,1328
Fontaine-lès-Clerval,299,5,304
Fontenelle-Montby,92,3,95
Les Fontenelles,568,133,701
Fontenotte,62,2,64
Fourbanne,173,8,181
Fourcatier-et-Maison-Neuve,112,0,112
Fourg,380,4,384
Les Fourgs,1381,32,1413
Fournet-Blancheroche,357,13,370
Fournets-Luisans,699,18,717
Frambouhans,904,14,918
Franey,272,5,277
Franois,2340,40,2380
Frasne,1936,37,1973
Froidevaux,75,1,76
Fuans,483,24,507
Gellin,242,6,248
Gémonval,85,0,85
Geneuille,1331,20,1351
Geney,119,2,121
Gennes,681,20,701
Germéfontaine,122,2,124
Germondans,60,1,61
Gevresin,118,6,124
Gilley,1656,37,1693
Glamondans,217,4,221
Glay,340,2,342
Glère,225,1,226
Gondenans-les-Moulins,72,0,72
Gondenans-Montby,175,2,177
Gonsans,567,13,580
Gouhelans,118,1,119
Goumois,162,5,167
Goux-lès-Dambelin,285,0,285
Goux-les-Usiers,727,9,736
Goux-sous-Landet,71,1,72
Grand-Charmont,5699,73,5772
Grand'Combe-Châteleu,1489,26,1515
Grand'Combe-des-Bois,133,5,138
Grandfontaine,1647,39,1686
Grandfontaine-sur-Creuse,72,3,75
La Grange,94,3,97
Granges-Narboz,1226,42,1268
Les Grangettes,278,14,292
Les Gras,797,28,825
Le Gratteris,186,0,186
Grosbois,238,9,247
Guillon-les-Bains,109,1,110
Guyans-Durnes,280,5,285
Guyans-Vennes,829,25,854
Hauterive-la-Fresse,225,6,231
Hérimoncourt,3632,61,3693
L' Hôpital-du-Grosbois,598,11,609
L' Hôpital-Saint-Lieffroy,114,5,119
Les Hôpitaux-Neufs,921,11,932
Les Hôpitaux-Vieux,450,6,456
Houtaud,1094,36,1130
Huanne-Montmartin,87,1,88
Hyémondans,201,4,205
Hyèvre-Magny,71,1,72
Hyèvre-Paroisse,191,3,194
Indevillers,262,2,264
L' Isle-sur-le-Doubs,2997,73,3070
Issans,238,12,250
Jallerange,260,6,266
Jougne,1858,35,1893
Labergement-Sainte-Marie,1198,33,1231
Laire,400,12,412
Laissey,439,9,448
Lanans,167,6,173
Landresse,233,6,239
Lantenne-Vertière,534,13,547
Lanthenans,68,0,68
Larnod,773,11,784
Laval-le-Prieuré,35,1,36
Lavans-Quingey,191,3,194
Lavans-Vuillafans,238,5,243
Lavernay,576,9,585
Laviron,334,8,342
Levier,2183,226,2409
Liebvillers,164,5,169
Liesle,533,14,547
Lizine,92,1,93
Lods,219,2,221
Lombard,190,4,194
Lomont-sur-Crête,171,6,177
Longechaux,78,3,81
Longemaison,154,3,157
Longevelle-lès-Russey,46,0,46
Longevelle-sur-Doubs,682,14,696
Longeville,173,3,176
La Longeville,806,20,826
Longevilles-Mont-d'Or,581,15,596
Loray,521,14,535
Lougres,765,23,788
Le Luhier,222,1,223
Luxiol,161,0,161
Magny-Châtelard,61,0,61
Maîche,4286,110,4396
Maisons-du-Bois-Lièvremont,807,8,815
Malans,173,5,178
Malbrans,160,4,164
Malbuisson,855,25,880
Malpas,281,9,290
Mamirolle,1775,18,1793
Mancenans,308,5,313
Mancenans-Lizerne,192,6,198
Mandeure,4819,150,4969
Marchaux-Chaudefontaine,1464,21,1485
Marvelise,165,2,167
Mathay,2158,37,2195
Mazerolles-le-Salin,200,4,204
Médière,284,12,296
Le Mémont,44,2,46
Mercey-le-Grand,542,16,558
Mérey-sous-Montrond,430,10,440
Mérey-Vieilley,147,5,152
Mésandans,222,6,228
Meslières,361,8,369
Mesmay,71,3,74
Métabief,1196,23,1219
Miserey-Salines,2502,36,2538
Moncey,579,6,585
Moncley,280,6,286
Mondon,96,1,97
Mont-de-Laval,177,6,183
Mont-de-Vougney,186,5,191
Montagney-Servigney,132,3,135
Montancy,141,3,144
Montandon,405,4,409
Montbéliard,25395,585,25980
Montbéliardot,114,4,118
Montbenoît,396,12,408
Montécheroux,557,7,564
Montenois,1501,43,1544
Montfaucon,1550,49,1599
Montferrand-le-Château,2161,45,2206
Montflovin,107,4,111
Montgesoye,465,9,474
Montivernage,28,0,28
Montjoie-le-Château,27,1,28
Montlebon,2081,68,2149
Montmahoux,93,2,95
Montperreux,840,32,872
Montrond-le-Château,561,14,575
Montussaint,58,1,59
Morre,1361,79,1440
Morteau,6935,309,7244
Mouthe,1098,35,1133
Le Moutherot,127,2,129
Mouthier-Haute-Pierre,335,5,340
Myon,183,4,187
Naisey-les-Granges,796,20,816
Nancray,1260,29,1289
Nans,100,4,104
Nans-sous-Sainte-Anne,156,4,160
Narbief,69,4,73
Neuchâtel-Urtière,195,0,195
Noël-Cerneux,433,15,448
Noirefontaine,359,6,365
Noironte,386,4,390
Nommay,1638,37,1675
Novillars,1501,41,1542
Ollans,39,0,39
Onans,349,13,362
Orchamps-Vennes,2129,61,2190
Orgeans-Blanchefontaine,44,1,45
Ornans,4413,104,4517
Orsans,163,4,167
Orve,61,2,63
Osse,323,3,326
Osselle-Routelle,949,11,960
Ougney-Douvot,253,5,258
Ouhans,376,7,383
Ouvans,60,2,62
Oye-et-Pallet,726,12,738
Palantine,72,1,73
Palise,141,4,145
Paroy,126,2,128
Passavant,217,12,229
Passonfontaine,325,5,330
Pays-de-Clerval,1229,29,1258
Pelousey,1527,28,1555
Péseux,127,1,128
Pessans,87,3,90
Petite-Chaux,143,3,146
Pierrefontaine-lès-Blamont,468,12,480
Pierrefontaine-les-Varans,1421,25,1446
Pirey,2066,40,2106
Placey,198,4,202
Plaimbois-du-Miroir,246,8,254
Plaimbois-Vennes,102,0,102
Les Plains-et-Grands-Essarts,219,5,224
La Planée,296,8,304
Pompierre-sur-Doubs,307,2,309
Pont-de-Roide-Vermondans,4185,75,4260
Pont-les-Moulins,195,2,197
Pontarlier,17197,836,18033
Les Pontets,135,4,139
Pouilley-Français,833,19,852
Pouilley-les-Vignes,1965,39,2004
Pouligney-Lusans,850,11,861
Les Premiers Sapins,1555,31,1586
Présentevillers,455,12,467
La Prétière,156,5,161
Provenchère,135,3,138
Puessans,31,3,34
Pugey,742,20,762
Le Puy,112,3,115
Quingey,1430,14,1444
Rahon,126,0,126
Rancenay,352,6,358
Randevillers,122,2,124
Rang,418,5,423
Raynans,337,5,342
Recologne,653,3,656
Reculfoz,41,3,44
Rémondans-Vaivre,234,4,238
Remoray-Boujeons,428,11,439
Renédale,40,3,43
Rennes-sur-Loue,104,5,109
Reugney,305,29,334
Rigney,390,19,409
Rignosot,116,3,119
Rillans,93,3,96
La Rivière-Drugeon,902,26,928
Roche-lès-Clerval,110,0,110
Roche-lez-Beaupré,2111,26,2137
Rochejean,672,6,678
Roches-lès-Blamont,632,14,646
Rognon,48,0,48
Romain,128,2,130
Ronchaux,87,1,88
Rondefontaine,34,1,35
Roset-Fluans,520,3,523
Rosières-sur-Barbèche,122,4,126
Rosureux,78,1,79
Rougemont,1124,32,1156
Rougemontot,95,1,96
Rouhe,79,2,81
Roulans,1127,24,1151
Ruffey-le-Château,364,8,372
Rurey,340,6,346
Le Russey,2342,81,2423
Saint-Antoine,339,17,356
Saint-Georges-Armont,120,6,126
Saint-Gorgon-Main,283,3,286
Saint-Hilaire,160,9,169
Saint-Hippolyte,898,13,911
Saint-Juan,172,3,175
Saint-Julien-lès-Montbéliard,165,5,170
Saint-Julien-lès-Russey,180,3,183
Saint-Maurice-Colombier,907,26,933
Saint-Point-Lac,281,8,289
Saint-Vit,4874,71,4945
Sainte-Anne,42,0,42
Sainte-Colombe,409,7,416
Sainte-Marie,685,15,700
Sainte-Suzanne,1510,41,1551
Samson,86,0,86
Sancey,1332,27,1359
Saône,3375,58,3433
Saraz,11,2,13
Sarrageois,194,4,198
Saules,226,6,232
Sauvagney,185,4,189
Scey-Maisières,291,9,300
Séchin,113,1,114
Seloncourt,5775,144,5919
Semondans,302,6,308
Septfontaines,368,7,375
Serre-les-Sapins,1639,28,1667
Servin,202,9,211
Silley-Amancey,140,2,142
Silley-Bléfond,56,1,57
Sochaux,3949,40,3989
Solemont,150,7,157
Sombacour,641,6,647
La Sommette,236,3,239
Soulce-Cernay,127,1,128
Sourans,118,2,120
Soye,390,9,399
Surmont,121,3,124
Taillecourt,1104,24,1128
Tallans,47,3,50
Tallenay,414,8,422
Tarcenay-Foucherans,1495,23,1518
Les Terres-de-Chaux,135,5,140
Thiébouhans,256,6,262
Thise,3044,45,3089
Thoraise,362,4,366
Thulay,218,5,223
Thurey-le-Mont,129,3,132
Torpes,1021,15,1036
Touillon-et-Loutelet,269,13,282
La Tour-de-Sçay,297,4,301
Tournans,127,3,130
Trépot,532,11,543
Tressandans,23,2,25
Trévillers,484,11,495
Trouvans,104,5,109
Urtière,11,0,11
Uzelle,172,1,173
Vaire,810,17,827
Le Val,245,29,274
Val-de-Roulans,195,3,198
Valdahon,5595,97,5692
Valentigney,10714,175,10889
Valleroy,156,2,158
Valonne,244,3,247
Valoreille,127,4,131
Vandoncourt,830,32,862
Vaucluse,120,30,150
Vauclusotte,87,1,88
Vaudrivillers,91,0,91
Vaufrey,158,0,158
Vaux-et-Chantegrue,585,13,598
Velesmes-Essarts,348,4,352
Vellerot-lès-Belvoir,96,0,96
Vellerot-lès-Vercel,67,1,68
Vellevans,234,6,240
Venise,513,7,520
Vennans,259,8,267
Vennes,182,4,186
Vercel-Villedieu-le-Camp,1591,83,1674
Vergranne,108,4,112
Verne,127,4,131
Vernierfontaine,462,11,473
Vernois-lès-Belvoir,60,1,61
Le Vernoy,168,3,171
Verrières-de-Joux,450,11,461
La Vèze,455,7,462
Vieilley,699,19,718
Viéthorey,94,2,96
Vieux-Charmont,2744,54,2798
Villars-lès-Blamont,441,6,447
Villars-Saint-Georges,273,2,275
Villars-sous-Dampjoux,356,9,365
Villars-sous-Écot,352,8,360
Ville-du-Pont,315,7,322
Les Villedieu,207,3,210
Villeneuve-d'Amont,235,37,272
Villers-Buzon,259,1,260
Villers-Chief,123,1,124
Villers-Grélot,152,3,155
Villers-la-Combe,51,1,52
Villers-le-Lac,4985,111,5096
Villers-Saint-Martin,212,5,217
Villers-sous-Chalamont,296,3,299
Villers-sous-Montrond,210,3,213
Voillans,208,6,214
Voires,92,0,92
Vorges-les-Pins,602,11,613
Voujeaucourt,3175,84,3259
Vuillafans,757,13,770
Vuillecin,641,23,664
Vyt-lès-Belvoir,188,3,191
Albon,1937,36,1973
Aleyrac,47,0,47
Alixan,2509,75,2584
Allan,1727,49,1776
Allex,2515,78,2593
Ambonil,113,7,120
Ancône,1341,29,1370
Andancette,1339,36,1375
Anneyron,3999,92,4091
Aouste-sur-Sye,2524,41,2565
Arnayon,24,3,27
Arpavon,77,3,80
Arthémonay,588,8,596
Aubenasson,72,5,77
Aubres,421,16,437
Aucelon,16,0,16
Aulan,11,1,12
Aurel,245,3,248
Autichamp,121,4,125
Ballons,83,3,86
Barbières,1059,18,1077
Barcelonne,349,10,359
Barnave,198,11,209
Barret-de-Lioure,74,0,74
Barsac,138,3,141
Bathernay,254,8,262
La Bâtie-des-Fonds,4,0,4
La Bâtie-Rolland,1029,27,1056
La Baume-Cornillane,443,9,452
La Baume-d'Hostun,571,9,580
La Baume-de-Transit,881,16,897
Beaufort-sur-Gervanne,471,8,479
Beaumont-en-Diois,104,4,108
Beaumont-lès-Valence,3649,85,3734
Beaumont-Monteux,1317,17,1334
Beauregard-Baret,854,13,867
Beaurières,67,2,69
Beausemblant,1432,26,1458
Beauvallon,1591,27,1618
Beauvoisin,145,4,149
La Bégude-de-Mazenc,1656,47,1703
Bellecombe-Tarendol,75,3,78
Bellegarde-en-Diois,85,0,85
Bénivay-Ollon,66,1,67
Bésayes,1221,35,1256
Bésignan,82,2,84
Bézaudun-sur-Bîne,68,2,70
Bonlieu-sur-Roubion,469,12,481
Bouchet,1512,23,1535
Boulc,134,2,136
Bourdeaux,653,17,670
Bourg-de-Péage,10205,179,10384
Bourg-lès-Valence,19975,579,20554
Bouvante,226,3,229
Bouvières,146,6,152
Bren,563,9,572
Brette,40,0,40
Buis-les-Baronnies,2302,96,2398
Chabeuil,6875,178,7053
Chabrillan,721,8,729
Le Chaffal,39,0,39
Chalancon,53,1,54
Le Chalon,211,6,217
Chamaloc,131,3,134
Chamaret,546,11,557
Chanos-Curson,1078,33,1111
Chantemerle-les-Blés,1282,22,1304
Chantemerle-lès-Grignan,251,3,254
La Chapelle-en-Vercors,713,132,845
La Charce,34,0,34
Charens,28,0,28
Charmes-sur-l'Herbasse,927,23,950
Charols,918,14,932
Charpey,1417,36,1453
Chastel-Arnaud,40,0,40
Châteaudouble,578,24,602
Châteauneuf-de-Bordette,96,5,101
Châteauneuf-de-Galaure,1808,578,2386
Châteauneuf-du-Rhône,2725,55,2780
Châteauneuf-sur-Isère,3875,139,4014
Châtillon-en-Diois,666,13,679
Châtillon-Saint-Jean,1359,35,1394
Chatuzange-le-Goubet,5516,125,5641
Chaudebonne,56,1,57
La Chaudière,28,0,28
Chauvac-Laux-Montaux,42,0,42
Chavannes,710,11,721
Clansayes,529,13,542
Claveyson,865,23,888
Cléon-d'Andran,836,35,871
Clérieux,2017,36,2053
Cliousclat,638,16,654
Cobonne,161,4,165
Colonzelle,549,12,561
Combovin,422,14,436
Comps,156,10,166
Condillac,139,6,145
Condorcet,486,4,490
Cornillac,83,2,85
Cornillon-sur-l'Oule,69,6,75
La Coucourde,1071,19,1090
Crépol,563,1,564
Crest,8505,268,8773
Crozes-Hermitage,670,10,680
Crupies,100,1,101
Curnier,181,8,189
Die,4621,242,4863
Dieulefit,3159,138,3297
Divajeu,640,69,709
Donzère,5833,94,5927
Échevis,51,4,55
Épinouze,1521,20,1541
Érôme,811,9,820
Espeluche,1064,39,1103
Espenel,172,2,174
Establet,27,0,27
Étoile-sur-Rhône,5478,125,5603
Eurre,1334,32,1366
Eygalayes,86,0,86
Eygaliers,104,3,107
Eygluy-Escoulin,67,0,67
Eymeux,1024,22,1046
Eyroles,28,0,28
Eyzahut,147,1,148
Fay-le-Clos,163,4,167
Félines-sur-Rimandoule,79,1,80
Ferrassières,127,2,129
Francillon-sur-Roubion,190,5,195
La Garde-Adhémar,1107,34,1141
Génissieux,2282,55,2337
Gervans,554,10,564
Geyssans,717,28,745
Gigors-et-Lozeron,193,5,198
Glandage,113,1,114
Le Grand-Serre,912,51,963
Grane,1913,52,1965
Les Granges-Gontardes,643,19,662
Granges-les-Beaumont,927,10,937
Grignan,1551,41,1592
Gumiane,20,1,21
Hauterives,1895,56,1951
Hostun,983,8,991
Izon-la-Bruisse,10,0,10
Jaillans,892,12,904
Jonchères,28,0,28
Laborel,102,1,103
Lachau,232,5,237
Lapeyrouse-Mornay,1219,18,1237
Larnage,1078,30,1108
La Laupie,756,18,774
Laval-d'Aix,118,2,120
Laveyron,1187,17,1204
Lemps,50,0,50
Lens-Lestang,882,29,911
Léoncel,51,0,51
Lesches-en-Diois,53,1,54
Livron-sur-Drôme,9104,136,9240
Loriol-sur-Drôme,6593,87,6680
Luc-en-Diois,527,2,529
Lus-la-Croix-Haute,549,6,555
Malataverne,2012,38,2050
Malissard,3201,96,3297
Manas,194,10,204
Manthes,670,10,680
Marches,836,20,856
Margès,1159,21,1180
Marignac-en-Diois,214,9,223
Marsanne,1343,38,1381
Marsaz,761,25,786
Menglon,517,8,525
Mercurol-Veaunes,2664,55,2719
Mérindol-les-Oliviers,236,5,241
Mévouillon,238,7,245
Mirabel-aux-Baronnies,1620,28,1648
Mirabel-et-Blacons,1095,28,1123
Mirmande,585,13,598
Miscon,55,1,56
Mollans-sur-Ouvèze,1061,24,1085
Montauban-sur-l'Ouvèze,110,0,110
Montaulieu,83,4,87
Montboucher-sur-Jabron,2285,57,2342
Montbrison-sur-Lez,281,11,292
Montbrun-les-Bains,441,9,450
Montchenu,579,16,595
Montclar-sur-Gervanne,186,3,189
Montéléger,1806,140,1946
Montélier,4140,114,4254
Montélimar,39097,1130,40227
Montferrand-la-Fare,29,0,29
Montfroc,75,1,76
Montguers,45,6,51
Montjoux,332,11,343
Montjoyer,286,8,294
Montlaur-en-Diois,146,5,151
Montmaur-en-Diois,83,0,83
Montmeyran,2916,95,3011
Montmiral,671,17,688
Montoison,1925,52,1977
Montréal-les-Sources,23,0,23
Montségur-sur-Lauzon,1312,27,1339
Montvendre,1185,29,1214
Moras-en-Valloire,667,15,682
Mornans,72,0,72
La Motte-Chalancon,426,19,445
La Motte-de-Galaure,795,15,810
La Motte-Fanjas,193,0,193
Mours-Saint-Eusèbe,3153,54,3207
Mureils,465,8,473
Nyons,6793,187,6980
Omblèze,72,1,73
Orcinas,38,0,38
Oriol-en-Royans,532,6,538
Ourches,251,6,257
Parnans,697,21,718
Le Pègue,364,6,370
Pelonne,24,0,24
La Penne-sur-l'Ouvèze,96,1,97
Pennes-le-Sec,36,0,36
Peyrins,2751,71,2822
Peyrus,606,8,614
Piégon,260,10,270
Piégros-la-Clastre,843,35,878
Pierrelatte,13496,256,13752
Pierrelongue,217,4,221
Les Pilles,246,2,248
Plaisians,199,4,203
Plan-de-Baix,147,3,150
Le Poët-Célard,127,2,129
Le Poët-en-Percip,17,0,17
Le Poët-Laval,933,41,974
Le Poët-Sigillat,121,1,122
Pommerol,11,0,11
Ponet-et-Saint-Auban,125,4,129
Ponsas,527,8,535
Pont-de-Barret,670,17,687
Pont-de-l'Isère,3503,53,3556
Pontaix,168,1,169
Portes-en-Valdaine,399,12,411
Portes-lès-Valence,10610,148,10758
Poyols,70,1,71
Pradelle,18,0,18
Les Prés,24,0,24
Propiac,131,2,133
Puy-Saint-Martin,886,29,915
Puygiron,433,21,454
Ratières,270,12,282
Réauville,387,11,398
Recoubeau-Jansac,269,7,276
Reilhanette,144,2,146
Rémuzat,343,7,350
La Répara-Auriples,235,6,241
Rimon-et-Savel,27,2,29
Rioms,26,1,27
La Roche-de-Glun,3272,75,3347
Roche-Saint-Secret-Béconne,452,14,466
La Roche-sur-Grane,170,4,174
La Roche-sur-le-Buis,288,10,298
Rochebaudin,121,0,121
Rochebrune,61,0,61
Rochechinard,120,2,122
Rochefort-en-Valdaine,355,9,364
Rochefort-Samson,1007,20,1027
Rochefourchat,1,0,1
Rochegude,1579,45,1624
La Rochette-du-Buis,72,2,74
Romans-sur-Isère,33160,672,33832
Romeyer,197,8,205
Rottier,21,2,23
Roussas,365,9,374
Rousset-les-Vignes,289,9,298
Roussieux,23,1,24
Roynac,486,18,504
Sahune,313,6,319
Saillans,1278,19,1297
Saint-Agnan-en-Vercors,376,10,386
Saint-Andéol,83,1,84
Saint-Auban-sur-l'Ouvèze,213,4,217
Saint-Avit,306,8,314
Saint-Bardoux,622,19,641
Saint-Barthélemy-de-Vals,1869,31,1900
Saint-Benoit-en-Diois,27,1,28
Saint-Christophe-et-le-Laris,416,5,421
Saint-Dizier-en-Diois,48,0,48
Saint-Donat-sur-l'Herbasse,4195,91,4286
Saint-Ferréol-Trente-Pas,258,5,263
Saint-Gervais-sur-Roubion,1035,21,1056
Saint-Jean-en-Royans,2868,67,2935
Saint-Julien-en-Quint,153,1,154
Saint-Julien-en-Vercors,238,5,243
Saint-Laurent-d'Onay,154,4,158
Saint-Laurent-en-Royans,1419,49,1468
Saint-Marcel-lès-Sauzet,1244,44,1288
Saint-Marcel-lès-Valence,6236,127,6363
Saint-Martin-d'Août,383,16,399
Saint-Martin-en-Vercors,361,14,375
Saint-Martin-le-Colonel,192,6,198
Saint-Maurice-sur-Eygues,781,14,795
Saint-May,39,1,40
Saint-Michel-sur-Savasse,583,10,593
Saint-Nazaire-en-Royans,804,10,814
Saint-Nazaire-le-Désert,193,8,201
Saint-Pantaléon-les-Vignes,441,16,457
Saint-Paul-lès-Romans,1822,47,1869
Saint-Paul-Trois-Châteaux,8937,457,9394
Saint-Rambert-d'Albon,6530,65,6595
Saint-Restitut,1387,45,1432
Saint-Roman,201,3,204
Saint-Sauveur-en-Diois,55,1,56
Saint-Sauveur-Gouvernet,182,6,188
Saint-Sorlin-en-Valloire,2268,31,2299
Saint-Thomas-en-Royans,596,14,610
Saint-Uze,2046,22,2068
Saint-Vallier,3915,152,4067
Saint-Vincent-la-Commanderie,541,7,548
Sainte-Croix,106,3,109
Sainte-Eulalie-en-Royans,544,13,557
Sainte-Euphémie-sur-Ouvèze,70,3,73
Sainte-Jalle,308,6,314
Salettes,145,2,147
Salles-sous-Bois,191,3,194
Saou,571,23,594
Saulce-sur-Rhône,1855,32,1887
Sauzet,1840,57,1897
Savasse,1444,41,1485
Séderon,264,4,268
Serves-sur-Rhône,729,13,742
Solaure en Diois,444,8,452
Solérieux,335,7,342
Souspierre,97,2,99
Soyans,388,6,394
Suze,234,5,239
Suze-la-Rousse,2104,53,2157
Tain-l'Hermitage,6162,204,6366
Taulignan,1677,29,1706
Tersanne,357,5,362
Teyssières,88,0,88
Les Tonils,25,0,25
La Touche,253,7,260
Les Tourrettes,1030,13,1043
Triors,567,8,575
Truinas,119,4,123
Tulette,1989,39,2028
Upie,1520,45,1565
Vachères-en-Quint,32,0,32
Val-Maravel,55,0,55
Valaurie,593,16,609
Valdrôme,146,1,147
Valence,63714,1314,65028
Valherbasse,1010,23,1033
Valouse,36,0,36
Vassieux-en-Vercors,313,4,317
Vaunaveys-la-Rochette,584,11,595
Venterol,699,20,719
Vercheny,461,6,467
Verclause,59,1,60
Vercoiran,141,6,147
Véronne,46,2,48
Vers-sur-Méouge,42,1,43
Vesc,260,8,268
Villebois-les-Pins,16,0,16
Villefranche-le-Château,20,1,21
Villeperdrix,118,0,118
Vinsobres,1115,25,1140
Volvent,33,0,33
Aclou,324,9,333
Acon,468,8,476
Acquigny,1586,34,1620
Aigleville,409,8,417
Ailly,1159,17,1176
Aizier,137,2,139
Alizay,1544,17,1561
Ambenay,566,8,574
Amécourt,162,1,163
Amfreville-les-Champs,453,16,469
Amfreville-Saint-Amand,1204,14,1218
Amfreville-sous-les-Monts,494,11,505
Amfreville-sur-Iton,830,22,852
Andé,1288,31,1319
Les Andelys,8056,143,8199
Angerville-la-Campagne,1391,36,1427
Appeville-Annebault,1013,11,1024
Armentières-sur-Avre,170,7,177
Arnières-sur-Iton,1682,43,1725
Asnières,320,9,329
Aulnay-sur-Iton,709,21,730
Autheuil-Authouillet,958,19,977
Authevernes,400,8,408
Les Authieux,294,7,301
Authou,338,4,342
Aviron,1100,59,1159
Bacquepuis,313,7,320
Bacqueville,628,9,637
Bailleul-la-Vallée,114,1,115
Bâlines,567,8,575
Barc,1225,17,1242
Les Barils,269,6,275
Barneville-sur-Seine,511,38,549
La Baronnie,718,15,733
Barquet,449,6,455
Barville,71,0,71
Les Baux-de-Breteuil,664,20,684
Les Baux-Sainte-Croix,840,38,878
Bazincourt-sur-Epte,757,12,769
Bazoques,161,1,162
Beaubray,318,6,324
Beauficel-en-Lyons,188,3,191
Beaumont-le-Roger,2879,37,2916
Beaumontel,657,15,672
Le Bec-Hellouin,396,3,399
Le Bec-Thomas,219,5,224
Bémécourt,576,7,583
Bérengeville-la-Campagne,324,6,330
Bernay,10085,358,10443
Bernienville,288,6,294
Bernouville,303,3,306
Berthouville,312,5,317
Berville-la-Campagne,245,1,246
Berville-sur-Mer,709,9,718
Beuzeville,4608,59,4667
Bézu-la-Forêt,320,6,326
Bézu-Saint-Éloi,1505,28,1533
Bois-Anzeray,176,2,178
Bois-Arnault,700,16,716
Le Bois-Hellain,226,2,228
Bois-Jérôme-Saint-Ouen,749,23,772
Bois-le-Roi,1185,18,1203
Bois-Normand-près-Lyre,340,4,344
Boisney,283,8,291
Boisset-les-Prévanches,468,9,477
Boissey-le-Châtel,880,10,890
La Boissière,273,4,277
Boissy-Lamberville,350,5,355
Boncourt,186,6,192
Bonneville-Aptot,257,4,261
La Bonneville-sur-Iton,2131,50,2181
Le Bosc du Theil,1344,13,1357
Bosgouet,707,5,712
Bosquentin,123,1,124
Bosrobert,664,5,669
Bosroumois,3588,67,3655
Les Bottereaux,349,12,361
Bouafles,653,12,665
Bouchevilliers,81,3,84
Le Boulay-Morin,777,10,787
Boulleville,1148,21,1169
Bouquelon,512,9,521
Bouquetot,1060,22,1082
Bourg-Achard,3947,49,3996
Bourg-Beaudouin,708,10,718
Bournainville-Faverolles,483,5,488
Bourneville-Sainte-Croix,1291,24,1315
Bourth,1255,34,1289
Bray,398,4,402
Brestot,596,6,602
Bretagnolles,201,5,206
Breteuil,4424,120,4544
Brétigny,134,6,140
Breuilpont,1222,21,1243
Breux-sur-Avre,346,7,353
Brionne,4278,152,4430
Broglie,1057,21,1078
Brosville,633,10,643
Bueil,1621,29,1650
Burey,400,5,405
Caillouet-Orgeville,477,12,489
Cailly-sur-Eure,219,1,220
Calleville,669,11,680
Campigny,1201,10,1211
Canappeville,678,20,698
Caorches-Saint-Nicolas,592,15,607
Capelle-les-Grands,428,11,439
Caugé,866,24,890
Caumont,1058,10,1068
Cauverville-en-Roumois,226,0,226
Cesseville,489,5,494
Chaignes,277,12,289
Chaise-Dieu-du-Theil,216,5,221
Chamblac,391,13,404
Chambois,1376,31,1407
Chambord,163,6,169
Chambray,423,11,434
Champ-Dolent,66,0,66
Champenard,270,7,277
Champigny-la-Futelaye,289,3,292
La Chapelle-Bayvel,386,5,391
La Chapelle-du-Bois-des-Faulx,653,10,663
La Chapelle-Gauthier,398,6,404
La Chapelle-Hareng,100,3,103
La Chapelle-Longueville,3371,105,3476
Charleval,1789,21,1810
Château-sur-Epte,569,9,578
Chauvincourt-Provemont,365,6,371
Chavigny-Bailleul,593,16,609
Chennebrun,109,1,110
Chéronvilliers,505,17,522
Cierrey,743,27,770
Claville,1082,21,1103
Clef Vallée d'Eure,2533,47,2580
Collandres-Quincarnon,233,5,238
Colletot,202,1,203
Combon,813,8,821
Conches-en-Ouche,5030,65,5095
Condé-sur-Risle,639,6,645
Connelles,189,7,196
Conteville,999,10,1009
Cormeilles,1161,21,1182
Le Cormier,408,12,420
Corneville-la-Fouquetière,121,3,124
Corneville-sur-Risle,1357,25,1382
Coudray,218,5,223
Coudres,552,12,564
Courbépine,727,16,743
Courcelles-sur-Seine,2040,34,2074
Courdemanche,597,12,609
Courteilles,148,1,149
La Couture-Boussey,2314,45,2359
Crasville,126,3,129
Crestot,565,6,571
Criquebeuf-la-Campagne,310,4,314
Criquebeuf-sur-Seine,1449,15,1464
La Croisille,440,7,447
Croisy-sur-Eure,188,10,198
Crosville-la-Vieille,603,11,614
Croth,1348,16,1364
Cuverville,248,2,250
Les Damps,1389,8,1397
Dangu,573,12,585
Dardez,152,7,159
Daubeuf-la-Campagne,233,6,239
Daubeuf-près-Vatteville,468,8,476
Douains,513,14,527
Doudeauville-en-Vexin,302,9,311
Douville-sur-Andelle,446,3,449
Droisy,439,3,442
Drucourt,606,8,614
Duranville,153,3,156
Écaquelon,613,11,624
Écardenville-la-Campagne,473,12,485
Écauville,111,2,113
Écouis,816,14,830
Ecquetot,374,9,383
Émalleville,522,26,548
Émanville,572,9,581
Épaignes,1617,16,1633
Épégard,574,8,582
Épieds,354,3,357
Épreville-en-Lieuvin,195,3,198
Épreville-près-le-Neubourg,471,10,481
Étrépagny,3764,80,3844
Étréville,676,11,687
Éturqueraye,298,3,301
Évreux,47733,1299,49032
Ézy-sur-Eure,3670,52,3722
Fains,440,7,447
Farceaux,344,6,350
Fatouville-Grestain,746,11,757
Fauville,353,6,359
Faverolles-la-Campagne,159,3,162
Le Favril,170,2,172
La Ferrière-sur-Risle,221,3,224
Ferrières-Haut-Clocher,1166,27,1193
Ferrières-Saint-Hilaire,419,7,426
Feuguerolles,177,5,182
Le Fidelaire,1024,14,1038
Fiquefleur-Équainville,725,10,735
Flancourt-Crescy-en-Roumois,1455,20,1475
Fleury-la-Forêt,265,8,273
Fleury-sur-Andelle,1844,20,1864
Flipou,324,3,327
Folleville,199,4,203
Fontaine-Bellenger,1150,20,1170
Fontaine-l'Abbé,527,8,535
Fontaine-la-Louvet,332,7,339
Fontaine-sous-Jouy,873,24,897
La Forêt-du-Parc,597,9,606
Fort-Moville,500,7,507
Foucrainville,78,3,81
Foulbec,659,8,667
Fouqueville,460,5,465
Franqueville,332,6,338
Frenelles-en-Vexin,1689,36,1725
Freneuse-sur-Risle,360,4,364
Fresne-Cauverville,196,3,199
Fresney,346,6,352
Gadencourt,382,6,388
Gaillon,6924,98,7022
Gamaches-en-Vexin,291,8,299
Garennes-sur-Eure,1908,37,1945
Gasny,3089,50,3139
Gauciel,861,7,868
Gaudreville-la-Rivière,227,8,235
Gauville-la-Campagne,578,12,590
Gisors,11537,167,11704
Giverny,494,15,509
Giverville,400,5,405
Glisolles,847,17,864
Glos-sur-Risle,591,13,604
La Goulafrière,165,3,168
Goupil-Othon,1257,17,1274
Gournay-le-Guérin,132,11,143
Grand Bourgtheroulde,3802,72,3874
Grand-Camp,493,10,503
Graveron-Sémerville,303,6,309
Gravigny,3940,81,4021
Grosley-sur-Risle,523,4,527
Grossœuvre,1227,26,1253
Guerny,172,6,178
Guichainville,2757,56,2813
Guiseniers,461,8,469
L' Habit,506,7,513
Hacqueville,438,8,446
Harcourt,1068,6,1074
Hardencourt-Cocherel,259,13,272
La Harengère,595,5,600
Harquency,264,9,273
Hauville,1279,27,1306
La Haye-Aubrée,462,11,473
La Haye-de-Calleville,265,3,268
La Haye-de-Routot,305,5,310
La Haye-du-Theil,298,0,298
La Haye-le-Comte,135,5,140
La Haye-Malherbe,1403,19,1422
La Haye-Saint-Sylvestre,279,2,281
Hébécourt,586,13,599
Hecmanville,173,3,176
Hécourt,330,13,343
Hectomare,219,8,227
Hennezis,789,15,804
Herqueville,134,4,138
Heubécourt-Haricourt,464,10,474
Heudebouville,788,12,800
Heudicourt,684,7,691
Heudreville-en-Lieuvin,108,0,108
Heudreville-sur-Eure,1052,31,1083
La Heunière,367,4,371
Heuqueville,361,6,367
Les Hogues,642,8,650
Hondouville,798,15,813
Honguemare-Guenouville,696,7,703
L' Hosmes,68,3,71
Houetteville,205,6,211
Houlbec-Cocherel,1305,56,1361
La Houssaye,210,2,212
Houville-en-Vexin,233,1,234
Huest,799,14,813
Igoville,1746,20,1766
Illeville-sur-Montfort,874,22,896
Illiers-l'Évêque,999,17,1016
Incarville,1416,24,1440
Irreville,467,8,475
Iville,464,4,468
Ivry-la-Bataille,2724,29,2753
Jouy-sur-Eure,583,13,596
Juignettes,220,1,221
Jumelles,321,7,328
La Lande-Saint-Léger,368,4,372
Le Landin,209,5,214
Launay,200,3,203
Léry,2033,38,2071
Le Lesme,669,9,678
Letteguives,203,3,206
Lieurey,1451,16,1467
Lignerolles,327,10,337
Lilly,84,2,86
Lisors,350,6,356
Livet-sur-Authou,150,1,151
Longchamps,635,5,640
Lorleau,144,2,146
Louversey,538,14,552
Louviers,18648,421,19069
Louye,220,6,226
Lyons-la-Forêt,723,7,730
La Madeleine-de-Nonancourt,1146,23,1169
Mainneville,425,8,433
Malleville-sur-le-Bec,261,4,265
Malouy,160,0,160
Mandeville,318,9,327
Mandres,373,11,384
Manneville-la-Raoult,506,11,517
Manneville-sur-Risle,1531,21,1552
Le Manoir,1278,6,1284
Marais-Vernier,508,13,521
Marbeuf,461,17,478
Marbois,1387,20,1407
Marcilly-la-Campagne,1161,17,1178
Marcilly-sur-Eure,1580,31,1611
Martagny,152,4,156
Martainville,493,2,495
Martot,573,11,584
Mélicourt,83,1,84
Ménesqueville,465,8,473
Ménilles,1728,42,1770
Menneval,1430,94,1524
Mercey,50,1,51
Merey,348,5,353
Mesnil-en-Ouche,4684,128,4812
Le Mesnil-Fuguet,171,7,178
Le Mesnil-Jourdain,233,12,245
Mesnil-Rousset,93,1,94
Le Mesnil-Saint-Jean,209,6,215
Mesnil-sous-Vienne,110,5,115
Mesnil-sur-l'Estrée,904,22,926
Mesnil-Verclives,316,9,325
Mesnils-sur-Iton,6122,252,6374
Mézières-en-Vexin,613,18,631
Miserey,629,7,636
Moisville,238,1,239
Montfort-sur-Risle,761,11,772
Montreuil-l'Argillé,823,11,834
Les Monts du Roumois,1559,32,1591
Morainville-Jouveaux,372,3,375
Morgny,656,12,668
Morsan,108,0,108
Mouettes,786,5,791
Mouflaines,167,9,176
Mousseaux-Neuville,647,14,661
Muids,871,25,896
Muzy,805,19,824
Nagel-Séez-Mesnil,327,8,335
Nassandres sur Risle,2394,46,2440
Neaufles-Auvergny,423,8,431
Neaufles-Saint-Martin,1294,7,1301
Le Neubourg,4166,209,4375
Neuilly,178,0,178
La Neuve-Grange,330,3,333
La Neuve-Lyre,573,6,579
La Neuville-du-Bosc,652,7,659
Neuville-sur-Authou,194,2,196
Noards,54,0,54
La Noë-Poulain,272,3,275
Nogent-le-Sec,427,6,433
Nojeon-en-Vexin,339,6,345
Nonancourt,2282,46,2328
Normanville,1073,35,1108
Notre-Dame-d'Épine,81,0,81
Notre-Dame-de-l'Isle,671,21,692
Notre-Dame-du-Hamel,210,7,217
Le Noyer-en-Ouche,228,2,230
Noyers,264,4,268
Ormes,489,3,492
Pacy-sur-Eure,5090,124,5214
Parville,308,6,314
Le Perrey,1233,13,1246
Perriers-sur-Andelle,1809,19,1828
Perruel,469,3,472
Piencourt,155,3,158
Pinterville,745,10,755
Piseux,744,13,757
Pîtres,2519,25,2544
Les Places,78,1,79
Plainville,195,5,200
Le Planquay,157,2,159
Plasnes,713,9,722
Le Plessis-Grohan,870,18,888
Le Plessis-Hébert,400,13,413
Le Plessis-Sainte-Opportune,335,5,340
Pont-Audemer,10230,245,10475
Pont-Authou,632,8,640
Pont-de-l'Arche,4143,57,4200
Pont-Saint-Pierre,1151,22,1173
Port-Mort,931,26,957
Porte-de-Seine,207,7,214
Portes,271,3,274
Poses,1169,22,1191
La Poterie-Mathieu,169,1,170
Les Préaux,377,9,386
Pressagny-l'Orgueilleux,706,26,732
Prey,950,25,975
Puchay,626,7,633
Pullay,400,53,453
La Pyle,156,4,160
Quatremare,418,6,424
Quillebeuf-sur-Seine,870,9,879
Quittebeuf,663,11,674
Radepont,657,5,662
Renneville,197,3,200
Reuilly,525,12,537
Richeville,272,5,277
Romilly-la-Puthenaye,318,10,328
Romilly-sur-Andelle,3261,51,3312
La Roquette,238,2,240
Rosay-sur-Lieure,530,6,536
Rouge-Perriers,367,4,371
Rougemontiers,1058,9,1067
Routot,1600,52,1652
Rouvray,263,6,269
Rugles,2246,27,2273
Sacquenville,1231,36,1267
Saint-Agnan-de-Cernières,161,1,162
Saint-André-de-l'Eure,3988,65,4053
Saint-Antonin-de-Sommaire,183,5,188
Saint-Aubin-d'Écrosville,709,11,720
Saint-Aubin-de-Scellon,346,7,353
Saint-Aubin-du-Thenney,373,3,376
Saint-Aubin-sur-Gaillon,1989,44,2033
Saint-Aubin-sur-Quillebeuf,716,13,729
Saint-Benoît-des-Ombres,143,2,145
Saint-Christophe-sur-Avre,142,6,148
Saint-Christophe-sur-Condé,481,4,485
Saint-Cyr-de-Salerne,205,7,212
Saint-Cyr-la-Campagne,427,9,436
Saint-Denis-d'Augerons,85,4,89
Saint-Denis-des-Monts,211,2,213
Saint-Denis-le-Ferment,488,20,508
Saint-Didier-des-Bois,887,10,897
Saint-Élier,440,9,449
Saint-Éloi-de-Fourques,522,15,537
Saint-Étienne-du-Vauvray,882,14,896
Saint-Étienne-l'Allier,547,9,556
Saint-Étienne-sous-Bailleul,388,13,401
Saint-Georges-du-Vièvre,884,15,899
Saint-Georges-Motel,889,11,900
Saint-Germain-de-Fresney,206,5,211
Saint-Germain-de-Pasquier,126,5,131
Saint-Germain-des-Angles,173,2,175
Saint-Germain-la-Campagne,893,11,904
Saint-Germain-sur-Avre,1177,25,1202
Saint-Grégoire-du-Vièvre,318,7,325
Saint-Jean-du-Thenney,245,7,252
Saint-Julien-de-la-Liègue,413,3,416
Saint-Laurent-des-Bois,248,5,253
Saint-Laurent-du-Tencement,64,0,64
Saint-Léger-de-Rôtes,436,6,442
Saint-Léger-du-Gennetey,182,6,188
Saint-Luc,253,12,265
Saint-Maclou,627,12,639
Saint-Marcel,4493,136,4629
Saint-Mards-de-Blacarville,801,16,817
Saint-Mards-de-Fresne,334,6,340
Saint-Martin-du-Tilleul,240,4,244
Saint-Martin-la-Campagne,99,2,101
Saint-Martin-Saint-Firmin,329,10,339
Saint-Meslin-du-Bosc,284,4,288
Saint-Ouen-de-Pontcheuil,95,2,97
Saint-Ouen-de-Thouberville,2378,29,2407
Saint-Ouen-du-Tilleul,1653,18,1671
Saint-Paul-de-Fourques,294,9,303
Saint-Philbert-sur-Boissey,172,1,173
Saint-Philbert-sur-Risle,787,7,794
Saint-Pierre-de-Bailleul,955,37,992
Saint-Pierre-de-Cernières,225,3,228
Saint-Pierre-de-Cormeilles,609,12,621
Saint-Pierre-de-Salerne,248,3,251
Saint-Pierre-des-Fleurs,1562,21,1583
Saint-Pierre-des-Ifs,277,1,278
Saint-Pierre-du-Bosguérard,1032,13,1045
Saint-Pierre-du-Val,572,1,573
Saint-Pierre-du-Vauvray,1282,26,1308
Saint-Pierre-la-Garenne,912,10,922
Saint-Samson-de-la-Roque,436,4,440
Saint-Sébastien-de-Morsent,5697,170,5867
Saint-Siméon,317,6,323
Saint-Sulpice-de-Grimbouville,167,2,169
Saint-Sylvestre-de-Cormeilles,253,6,259
Saint-Symphorien,488,1,489
Saint-Victor-d'Épine,321,3,324
Saint-Victor-de-Chrétienville,456,9,465
Saint-Victor-sur-Avre,58,4,62
Saint-Vigor,330,4,334
Saint-Vincent-des-Bois,334,6,340
Saint-Vincent-du-Boulay,381,5,386
Sainte-Colombe-la-Commanderie,848,6,854
Sainte-Colombe-près-Vernon,309,19,328
Sainte-Geneviève-lès-Gasny,663,15,678
Sainte-Marie-d'Attez,599,14,613
Sainte-Marie-de-Vatimesnil,269,6,275
Sainte-Marthe,508,8,516
Sainte-Opportune-du-Bosc,648,15,663
Sainte-Opportune-la-Mare,440,11,451
Sancourt,155,4,159
Sassey,192,3,195
Saussay-la-Campagne,531,8,539
La Saussaye,1872,55,1927
Sébécourt,477,10,487
Selles,469,2,471
Serez,154,5,159
Serquigny,1987,47,2034
Surtauville,486,9,495
Surville,904,24,928
Suzay,351,2,353
Sylvains-Lès-Moulins,1295,33,1328
Terres de Bord,1484,35,1519
Le Theil-Nolent,250,12,262
Thénouville,1017,17,1034
Thiberville,1800,15,1815
Thibouville,312,55,367
Thierville,371,4,375
Le Thil,539,8,547
Les Thilliers-en-Vexin,494,6,500
Le Thuit,141,5,146
Le Thuit de l'Oison,3619,51,3670
Tilleul-Dame-Agnès,195,4,199
Le Tilleul-Lambert,251,5,256
Tillières-sur-Avre,1081,22,1103
Tilly,547,42,589
Tocqueville,155,2,157
Le Torpt,443,4,447
Touffreville,351,7,358
Tournedos-Bois-Hubert,476,4,480
Tourneville,319,8,327
Tourville-la-Campagne,1081,11,1092
Tourville-sur-Pont-Audemer,721,169,890
Toutainville,1344,26,1370
Treis-Sants-en-Ouche,1420,33,1453
Le Tremblay-Omonville,342,6,348
La Trinité,116,3,119
La Trinité-de-Réville,239,2,241
La Trinité-de-Thouberville,432,11,443
Triqueville,332,10,342
Les Trois Lacs,1784,34,1818
Le Troncq,173,4,177
Le Tronquay,511,8,519
Trouville-la-Haule,767,13,780
La Vacherie,568,19,587
Le Val d'Hazey,5556,72,5628
Val d'Orger,982,12,994
Le Val-David,723,18,741
Val-de-Reuil,13063,264,13327
Le Val-Doré,921,50,971
Valailles,384,10,394
Valletot,424,5,429
Vandrimare,959,18,977
Vannecrocq,153,6,159
Vascœuil,355,1,356
Vatteville,182,2,184
Le Vaudreuil,3722,84,3806
Vaux-sur-Eure,270,7,277
Venon,395,8,403
Les Ventes,1041,24,1065
Verneuil d'Avre et d'Iton,8170,403,8573
Verneusses,201,4,205
Vernon,23872,658,24530
Vesly,694,23,717
Vexin-sur-Epte,6065,137,6202
Vézillon,251,3,254
Le Vieil-Évreux,812,14,826
La Vieille-Lyre,651,10,661
Vieux-Port,46,0,46
Villegats,350,16,366
Villers-en-Vexin,318,1,319
Villers-sur-le-Roule,853,18,871
Villettes,170,6,176
Villez-sous-Bailleul,312,14,326
Villez-sur-le-Neubourg,284,6,290
Villiers-en-Désœuvre,937,18,955
Vironvay,332,5,337
Vitot,559,14,573
Voiscreville,124,4,128
Vraiville,691,5,696
Abondant,2372,54,2426
Allainville,136,7,143
Allonnes,313,3,316
Alluyes,760,89,849
Amilly,1842,47,1889
Anet,2733,99,2832
Arcisses,2204,59,2263
Ardelles,200,3,203
Ardelu,73,1,74
Argenvilliers,332,10,342
Aunay-sous-Auneau,1483,24,1507
Aunay-sous-Crécy,637,7,644
Auneau-Bleury-Saint-Symphorien,5916,84,6000
Les Autels-Villevillon,156,2,158
Authon-du-Perche,1511,17,1528
Baigneaux,225,5,230
Bailleau-Armenonville,1386,27,1413
Bailleau-l'Évêque,1162,32,1194
Bailleau-le-Pin,1563,30,1593
Barjouville,1712,59,1771
Barmainville,117,2,119
Baudreville,259,0,259
La Bazoche-Gouet,1224,20,1244
Bazoches-en-Dunois,258,5,263
Bazoches-les-Hautes,309,7,316
Beauche,274,9,283
Beaumont-les-Autels,394,111,505
Beauvilliers,335,4,339
Belhomert-Guéhouville,800,32,832
Berchères-les-Pierres,1000,23,1023
Berchères-Saint-Germain,845,11,856
Berchères-sur-Vesgre,849,20,869
Bérou-la-Mulotière,337,5,342
Béthonvilliers,118,5,123
Béville-le-Comte,1657,31,1688
Billancelles,324,8,332
Blandainville,273,3,276
Boissy-en-Drouais,210,6,216
Boissy-lès-Perche,498,12,510
Boisville-la-Saint-Père,712,15,727
Boncé,245,5,250
Boncourt,266,5,271
Bonneval,5055,103,5158
Bouglainval,767,14,781
Le Boullay-les-Deux-Églises,261,4,265
Le Boullay-Mivoye,486,10,496
Le Boullay-Thierry,553,5,558
La Bourdinière-Saint-Loup,725,15,740
Boutigny-Prouais,1745,39,1784
Bouville,588,8,596
Bréchamps,344,5,349
Brezolles,1816,25,1841
Briconville,249,5,254
Brou,3403,37,3440
Broué,888,15,903
Bû,1963,51,2014
Bullainville,108,5,113
Cernay,89,2,91
Challet,433,10,443
Champhol,3656,106,3762
Champrond-en-Gâtine,661,2,663
Champrond-en-Perchet,405,0,405
Champseru,333,1,334
La Chapelle-d'Aunainville,274,13,287
La Chapelle-du-Noyer,1032,181,1213
La Chapelle-Forainvilliers,201,3,204
La Chapelle-Fortin,189,5,194
Chapelle-Guillaume,185,5,190
Chapelle-Royale,307,5,312
Charbonnières,253,3,256
Charonville,315,5,320
Charpont,608,13,621
Chartainvilliers,727,9,736
Chartres,38578,1185,39763
Chassant,329,8,337
Châtaincourt,239,4,243
Châteaudun,13195,324,13519
Châteauneuf-en-Thymerais,2619,30,2649
Les Châtelets,99,4,103
Les Châtelliers-Notre-Dame,137,3,140
Châtenay,238,6,244
Chaudon,1685,25,1710
Chauffours,276,6,282
La Chaussée-d'Ivry,1156,17,1173
Cherisy,1866,27,1893
Chuisnes,1127,19,1146
Cintray,422,6,428
Clévilliers,707,9,716
Cloyes-les-Trois-Rivières,5662,126,5788
Coltainville,884,28,912
Combres,562,6,568
Commune nouvelle d'Arrou,3803,66,3869
Conie-Molitard,406,11,417
Corancez,378,9,387
Cormainville,237,8,245
Les Corvées-les-Yys,316,2,318
Le Coudray,4161,120,4281
Coudray-au-Perche,341,9,350
Coulombs,1353,18,1371
Courbehaye,137,0,137
Courville-sur-Eure,2867,44,2911
Crécy-Couvé,264,9,273
Croisilles,437,14,451
La Croix-du-Perche,163,4,167
Crucey-Villages,468,10,478
Dambron,102,0,102
Dammarie,1512,23,1535
Dampierre-sous-Brou,461,8,469
Dampierre-sur-Avre,742,18,760
Dancy,203,0,203
Dangeau,1274,20,1294
Dangers,432,7,439
Denonville,759,19,778
Digny,979,11,990
Donnemain-Saint-Mamès,684,17,701
Dreux,31044,561,31605
Droue-sur-Drouette,1241,58,1299
Écluzelles,166,5,171
Écrosnes,855,18,873
Éole-en-Beauce,1242,19,1261
Épeautrolles,186,2,188
Épernon,5551,66,5617
Ermenonville-la-Grande,319,11,330
Ermenonville-la-Petite,191,4,195
Escorpain,248,3,251
Les Étilleux,221,7,228
Faverolles,865,11,876
Favières,595,10,605
Le Favril,363,11,374
La Ferté-Vidame,700,19,719
Fessanvilliers-Mattanvilliers,176,5,181
Flacey,209,7,216
Fontaine-la-Guyon,1664,32,1696
Fontaine-les-Ribouts,208,3,211
Fontaine-Simon,924,16,940
Fontenay-sur-Conie,128,3,131
Fontenay-sur-Eure,1016,26,1042
La Framboisière,340,4,344
Francourville,833,8,841
Frazé,505,7,512
Fresnay-l'Évêque,741,10,751
Fresnay-le-Comte,326,9,335
Fresnay-le-Gilmert,202,3,205
Friaize,244,2,246
Fruncé,405,6,411
Gallardon,3669,58,3727
Garancières-en-Beauce,219,7,226
Garancières-en-Drouais,274,6,280
Garnay,876,13,889
Gas,792,16,808
Gasville-Oisème,1448,34,1482
La Gaudaine,175,4,179
Le Gault-Saint-Denis,674,12,686
Gellainville,670,12,682
Germainville,290,6,296
Gilles,522,20,542
Gohory,323,2,325
Gommerville,685,3,688
Gouillons,338,4,342
Goussainville,1292,18,1310
Guainville,655,12,667
Le Gué-de-Longroi,945,16,961
Guilleville,178,4,182
Guillonville,446,12,458
Hanches,2701,57,2758
Happonvilliers,307,4,311
Havelu,142,3,145
Houville-la-Branche,424,16,440
Houx,758,22,780
Illiers-Combray,3324,61,3385
Intréville,145,3,148
Jallans,809,31,840
Janville-en-Beauce,2567,50,2617
Jaudrais,406,5,411
Jouy,1939,41,1980
Lamblore,333,5,338
Landelles,640,6,646
Laons,687,13,700
Léthuin,229,4,233
Levainville,389,14,403
Lèves,5801,133,5934
Levesville-la-Chenard,218,2,220
Logron,585,8,593
Loigny-la-Bataille,206,8,214
Lormaye,661,9,670
La Loupe,3342,83,3425
Louville-la-Chenard,252,5,257
Louvilliers-en-Drouais,201,1,202
Louvilliers-lès-Perche,184,2,186
Lucé,15404,265,15669
Luigny,342,8,350
Luisant,6665,310,6975
Lumeau,149,8,157
Luplanté,386,8,394
Luray,1552,23,1575
Magny,653,12,665
Maillebois,922,16,938
Maintenon,4292,79,4371
Mainvilliers,11182,280,11462
Maisons,374,6,380
La Mancelière,187,3,190
Manou,597,29,626
Marboué,1147,28,1175
Marchéville,479,12,491
Marchezais,342,3,345
Marolles-les-Buis,212,4,216
Marville-Moutiers-Brûlé,976,20,996
Meaucé,543,8,551
Méréglise,100,3,103
Mérouville,218,4,222
Meslay-le-Grenet,345,6,351
Meslay-le-Vidame,522,9,531
Le Mesnil-Simon,580,15,595
Le Mesnil-Thomas,335,9,344
Mévoisins,624,18,642
Mézières-en-Drouais,1073,26,1099
Miermaigne,195,4,199
Mignières,1057,84,1141
Mittainvilliers-Vérigny,794,13,807
Moinville-la-Jeulin,170,0,170
Moléans,461,14,475
Mondonville-Saint-Jean,87,2,89
Montboissier,322,5,327
Montharville,98,5,103
Montigny-le-Chartif,615,12,627
Montigny-sur-Avre,258,6,264
Montireau,140,5,145
Montlandon,241,8,249
Montreuil,508,5,513
Morainville,22,2,24
Morancez,1836,37,1873
Moriers,224,4,228
Morvilliers,152,4,156
Mottereau,166,3,169
Moulhard,142,2,144
Moutiers,249,6,255
Néron,656,15,671
Neuvy-en-Beauce,212,8,220
Neuvy-en-Dunois,310,13,323
Nogent-le-Phaye,1472,34,1506
Nogent-le-Roi,4084,67,4151
Nogent-le-Rotrou,9715,441,10156
Nogent-sur-Eure,497,9,506
Nonvilliers-Grandhoux,427,11,438
Nottonville,304,6,310
Oinville-Saint-Liphard,276,9,285
Oinville-sous-Auneau,345,9,354
Ollé,612,15,627
Orgères-en-Beauce,1061,15,1076
Ormoy,235,5,240
Orrouer,301,10,311
Ouarville,524,16,540
Ouerre,733,15,748
Oulins,1205,27,1232
Oysonville,525,4,529
Péronville,268,4,272
Pierres,2783,56,2839
Les Pinthières,178,6,184
Poinville,142,3,145
Poisvilliers,443,6,449
Pontgouin,1096,334,1430
Poupry,112,1,113
Prasville,431,6,437
Pré-Saint-Évroult,298,5,303
Pré-Saint-Martin,199,6,205
Prudemanche,256,7,263
Prunay-le-Gillon,1075,17,1092
La Puisaye,278,6,284
Puiseux,136,2,138
Réclainville,190,1,191
Les Ressuintes,122,8,130
Revercourt,23,1,24
Rohaire,127,3,130
Roinville,561,3,564
Rouvray-Saint-Denis,434,6,440
Rouvres,823,14,837
Rueil-la-Gadelière,507,10,517
Saint-Ange-et-Torçay,287,1,288
Saint-Arnoult-des-Bois,888,23,911
Saint-Aubin-des-Bois,1016,25,1041
Saint-Avit-les-Guespières,362,4,366
Saint-Bomer,196,2,198
Saint-Christophe,159,2,161
Saint-Denis-des-Puits,139,2,141
Saint-Denis-Lanneray,2243,55,2298
Saint-Éliph,875,24,899
Saint-Éman,108,1,109
Saint-Georges-sur-Eure,2803,67,2870
Saint-Germain-le-Gaillard,345,11,356
Saint-Jean-de-Rebervilliers,241,5,246
Saint-Jean-Pierre-Fixte,259,9,268
Saint-Laurent-la-Gâtine,441,12,453
Saint-Léger-des-Aubées,266,10,276
Saint-Lubin-de-Cravant,58,3,61
Saint-Lubin-de-la-Haye,956,30,986
Saint-Lubin-des-Joncherets,3995,55,4050
Saint-Lucien,254,2,256
Saint-Luperce,896,20,916
Saint-Maixme-Hauterive,418,8,426
Saint-Martin-de-Nigelles,1560,42,1602
Saint-Maur-sur-le-Loir,413,5,418
Saint-Maurice-Saint-Germain,415,73,488
Saint-Ouen-Marchefroy,295,8,303
Saint-Piat,1050,30,1080
Saint-Prest,2031,73,2104
Saint-Rémy-sur-Avre,4010,42,4052
Saint-Sauveur-Marville,925,17,942
Saint-Victor-de-Buthon,511,13,524
Sainte-Gemme-Moronval,1093,22,1115
Saintigny,1020,20,1040
Sainville,1012,13,1025
Sancheville,806,13,819
Sandarville,408,9,417
Santeuil,320,1,321
Santilly,339,6,345
La Saucelle,194,3,197
Saulnières,709,9,718
Saumeray,491,11,502
Saussay,1092,19,1111
Senantes,582,12,594
Senonches,3087,45,3132
Serazereux,546,2,548
Serville,366,5,371
Sorel-Moussel,1804,35,1839
Souancé-au-Perche,532,11,543
Soulaires,454,10,464
Sours,1951,170,2121
Terminiers,903,15,918
Theuville,708,6,714
Le Thieulin,452,34,486
Thimert-Gâtelles,1256,22,1278
Thiron-Gardais,995,11,1006
Thivars,1059,33,1092
Thiville,342,4,346
Tillay-le-Péneux,324,6,330
Toury,2573,33,2606
Trancrainville,161,3,164
Tremblay-les-Villages,2271,65,2336
Tréon,1403,27,1430
Trizay-Coutretot-Saint-Serge,444,14,458
Trizay-lès-Bonneval,316,4,320
Umpeau,396,12,408
Unverre,1193,24,1217
Varize,196,8,204
Vaupillon,456,7,463
Ver-lès-Chartres,783,27,810
Vernouillet,12506,148,12654
Vert-en-Drouais,1091,21,1112
Vichères,304,8,312
Vierville,132,1,133
Vieuvicq,476,9,485
Les Villages Vovéens,3945,61,4006
Villampuy,306,4,310
Villars,175,1,176
Villebon,76,0,76
Villemaury,1392,34,1426
Villemeux-sur-Eure,1641,27,1668
Villiers-le-Morhier,1339,28,1367
Villiers-Saint-Orien,163,5,168
Vitray-en-Beauce,357,6,363
Voise,282,5,287
Yermenonville,597,7,604
Yèvres,1647,34,1681
Ymeray,612,12,624
Ymonville,498,9,507
Argol,991,17,1008
Arzano,1387,33,1420
Audierne,3692,65,3757
Bannalec,5659,158,5817
Baye,1149,34,1183
Bénodet,3568,65,3633
Berrien,919,31,950
Beuzec-Cap-Sizun,1001,20,1021
Bodilis,1609,35,1644
Bohars,3458,83,3541
Bolazec,205,1,206
Botmeur,215,6,221
Botsorhel,428,6,434
Bourg-Blanc,3568,53,3621
Brasparts,1024,11,1035
Brélès,875,27,902
Brennilis,444,5,449
Brest,140064,2684,142748
Briec,5630,112,5742
Camaret-sur-Mer,2543,57,2600
Carantec,3161,100,3261
Carhaix-Plouguer,7174,615,7789
Cast,1556,45,1601
Châteaulin,5214,456,5670
Châteauneuf-du-Faou,3673,102,3775
Cléden-Cap-Sizun,944,20,964
Cléden-Poher,1158,21,1179
Cléder,3779,105,3884
Clohars-Carnoët,4333,111,4444
Clohars-Fouesnant,2055,51,2106
Le Cloître-Pleyben,531,11,542
Le Cloître-Saint-Thégonnec,660,6,666
Coat-Méal,1100,19,1119
Collorec,611,7,618
Combrit,4092,133,4225
Commana,1036,27,1063
Concarneau,19050,825,19875
Confort-Meilars,879,28,907
Le Conquet,2713,59,2772
Coray,1896,30,1926
Crozon,7477,220,7697
Daoulas,1786,52,1838
Dinéault,2168,38,2206
Dirinon,2261,73,2334
Douarnenez,13902,363,14265
Le Drennec,1837,34,1871
Edern,2224,42,2266
Elliant,3271,141,3412
Ergué-Gabéric,8208,211,8419
Le Faou,1727,41,1768
La Feuillée,641,14,655
Le Folgoët,3187,77,3264
La Forest-Landerneau,1881,29,1910
La Forêt-Fouesnant,3366,119,3485
Fouesnant,9458,429,9887
Garlan,1052,33,1085
Gouesnach,2769,80,2849
Gouesnou,6116,130,6246
Gouézec,1100,34,1134
Goulien,433,7,440
Goulven,446,4,450
Gourlizon,896,16,912
Guengat,1782,29,1811
Guerlesquin,1329,41,1370
Guiclan,2490,52,2542
Guiler-sur-Goyen,529,10,539
Guilers,7981,155,8136
Guilligomarc'h,778,3,781
Guilvinec,2658,68,2726
Guimaëc,947,34,981
Guimiliau,1009,17,1026
Guipavas,14482,375,14857
Guissény,2009,42,2051
Hanvec,2025,46,2071
Henvic,1351,30,1381
Hôpital-Camfrout,2247,38,2285
Huelgoat,1449,28,1477
Île-de-Batz,457,18,475
Île-de-Sein,249,2,251
Île-Molène,141,5,146
Île-Tudy,741,17,758
Irvillac,1429,22,1451
Le Juch,713,17,730
Kergloff,880,23,903
Kerlaz,799,27,826
Kerlouan,2119,39,2158
Kernilis,1453,31,1484
Kernouës,685,14,699
Kersaint-Plabennec,1447,26,1473
Lampaul-Guimiliau,2058,51,2109
Lampaul-Plouarzel,2111,50,2161
Lampaul-Ploudalmézeau,838,22,860
Lanarvily,421,12,433
Landéda,3578,109,3687
Landeleau,937,12,949
Landerneau,15781,617,16398
Landévennec,337,6,343
Landivisiau,9132,322,9454
Landrévarzec,1841,39,1880
Landudal,877,13,890
Landudec,1436,39,1475
Landunvez,1475,36,1511
Langolen,876,18,894
Lanhouarneau,1308,24,1332
Lanildut,956,17,973
Lanmeur,2251,39,2290
Lannéanou,378,8,386
Lannédern,293,5,298
Lanneuffret,151,2,153
Lannilis,5592,114,5706
Lanrivoaré,1464,35,1499
Lanvéoc,2095,66,2161
Laz,661,15,676
Lennon,788,20,808
Lesneven,7311,228,7539
Leuhan,819,14,833
Loc-Brévalaire,202,6,208
Loc-Eguiner,402,7,409
Locmaria-Plouzané,5076,129,5205
Locmélar,471,14,485
Locquénolé,787,26,813
Locquirec,1456,42,1498
Locronan,795,27,822
Loctudy,4073,110,4183
Locunolé,1154,23,1177
Logonna-Daoulas,2124,52,2176
Lopérec,859,154,1013
Loperhet,3760,82,3842
Loqueffret,359,10,369
Lothey,459,4,463
Mahalon,957,20,977
La Martyre,751,9,760
Melgven,3356,51,3407
Mellac,3112,76,3188
Mespaul,966,17,983
Milizac-Guipronvel,4478,64,4542
Moëlan-sur-Mer,6781,140,6921
Morlaix,14559,469,15028
Motreff,703,14,717
Névez,2661,59,2720
Ouessant,835,19,854
Pencran,1970,31,2001
Penmarch,5247,114,5361
Peumerit,803,12,815
Plabennec,8436,160,8596
Pleuven,2987,79,3066
Pleyben,3627,263,3890
Pleyber-Christ,3139,77,3216
Plobannalec-Lesconil,3474,87,3561
Ploéven,518,17,535
Plogastel-Saint-Germain,1953,43,1996
Plogoff,1229,20,1249
Plogonnec,3156,74,3230
Plomelin,4171,167,4338
Plomeur,3774,81,3855
Plomodiern,2136,63,2199
Plonéis,2425,49,2474
Plonéour-Lanvern,6064,156,6220
Plonévez-du-Faou,2105,50,2155
Plonévez-Porzay,1758,44,1802
Plouarzel,3715,70,3785
Ploudalmézeau,6297,129,6426
Ploudaniel,3709,112,3821
Ploudiry,952,22,974
Plouédern,2813,67,2880
Plouégat-Guérand,1067,23,1090
Plouégat-Moysan,716,9,725
Plouénan,2510,59,2569
Plouescat,3446,82,3528
Plouezoc'h,1596,62,1658
Plougar,785,31,816
Plougasnou,2776,122,2898
Plougastel-Daoulas,13337,361,13698
Plougonvelin,4174,99,4273
Plougonven,3496,61,3557
Plougoulm,1759,45,1804
Plougourvest,1404,28,1432
Plouguerneau,6607,128,6735
Plouguin,2151,41,2192
Plouhinec,3975,118,4093
Plouider,1866,34,1900
Plouigneau,5083,182,5265
Ploumoguer,2063,37,2100
Plounéour-Brignogan-plages,1922,49,1971
Plounéour-Ménez,1246,39,1285
Plounéventer,2088,33,2121
Plounévez-Lochrist,2291,93,2384
Plounévézel,1227,26,1253
Plourin,1241,28,1269
Plourin-lès-Morlaix,4457,287,4744
Plouvien,3766,99,3865
Plouvorn,2870,73,2943
Plouyé,674,18,692
Plouzané,12822,269,13091
Plouzévédé,1766,40,1806
Plovan,682,27,709
Plozévet,2967,77,3044
Pluguffan,4109,99,4208
Pont-Aven,2801,58,2859
Pont-Croix,1580,30,1610
Pont-de-Buis-lès-Quimerch,3792,150,3942
Pont-l'Abbé,8250,399,8649
Porspoder,1810,38,1848
Port-Launay,391,7,398
Pouldergat,1211,25,1236
Pouldreuzic,2156,46,2202
Poullan-sur-Mer,1516,94,1610
Poullaouen,1500,32,1532
Primelin,702,17,719
Quéménéven,1117,34,1151
Querrien,1739,33,1772
Quimper,62985,2495,65480
Quimperlé,12057,453,12510
Rédené,2908,64,2972
Le Relecq-Kerhuon,11462,243,11705
Riec-sur-Bélon,4185,122,4307
La Roche-Maurice,1807,43,1850
Roscanvel,839,29,868
Roscoff,3404,84,3488
Rosnoën,955,26,981
Rosporden,7671,120,7791
Saint-Coulitz,437,10,447
Saint-Derrien,811,13,824
Saint-Divy,1537,21,1558
Saint-Eloy,214,5,219
Saint-Évarzec,3529,114,3643
Saint-Frégant,823,8,831
Saint-Goazec,706,9,715
Saint-Hernin,759,17,776
Saint-Jean-du-Doigt,641,12,653
Saint-Jean-Trolimon,962,27,989
Saint-Martin-des-Champs,4593,145,4738
Saint-Méen,917,19,936
Saint-Nic,773,21,794
Saint-Pabu,2074,34,2108
Saint-Pol-de-Léon,6596,234,6830
Saint-Renan,8110,189,8299
Saint-Rivoal,194,3,197
Saint-Sauveur,790,10,800
Saint-Ségal,1081,24,1105
Saint-Servais,782,12,794
Saint-Thégonnec Loc-Eguiner,3010,76,3086
Saint-Thois,716,18,734
Saint-Thonan,1821,35,1856
Saint-Thurien,1032,14,1046
Saint-Urbain,1633,35,1668
Saint-Vougay,904,18,922
Saint-Yvi,3155,68,3223
Sainte-Sève,1016,30,1046
Santec,2409,62,2471
Scaër,5380,122,5502
Scrignac,757,20,777
Sibiril,1208,27,1235
Sizun,2265,78,2343
Spézet,1808,44,1852
Taulé,2938,77,3015
Telgruc-sur-Mer,2085,59,2144
Tourch,1026,28,1054
Trébabu,352,9,361
Treffiagat,2399,100,2499
Tréflaouénan,510,7,517
Tréflévénez,243,9,252
Tréflez,958,22,980
Trégarantec,601,8,609
Trégarvan,119,6,125
Tréglonou,670,6,676
Trégourez,972,17,989
Tréguennec,318,7,325
Trégunc,7041,225,7266
Le Tréhou,633,14,647
Trémaouézan,575,9,584
Tréméoc,1346,39,1385
Tréméven,2324,43,2367
Tréogat,581,12,593
Tréouergat,341,5,346
Le Trévoux,1606,51,1657
Trézilidé,382,2,384
Aigaliers,507,13,520
Aigremont,791,13,804
Aigues-Mortes,8325,76,8401
Aigues-Vives,3337,48,3385
Aiguèze,214,3,217
Aimargues,5647,53,5700
Alès,40219,651,40870
Allègre-les-Fumades,902,16,918
Alzon,177,3,180
Anduze,3436,41,3477
Les Angles,8349,202,8551
Aramon,4238,73,4311
Argilliers,483,22,505
Arpaillargues-et-Aureillac,1009,28,1037
Arphy,171,4,175
Arre,287,10,297
Arrigas,211,2,213
Aspères,512,13,525
Aubais,2762,58,2820
Aubord,2375,44,2419
Aubussargues,323,4,327
Aujac,178,7,185
Aujargues,846,17,863
Aulas,477,7,484
Aumessas,228,3,231
Avèze,1080,32,1112
Bagard,2574,65,2639
Bagnols-sur-Cèze,18258,342,18600
Barjac,1596,24,1620
Baron,356,4,360
La Bastide-d'Engras,196,2,198
Beaucaire,15963,144,16107
Beauvoisin,4780,54,4834
Bellegarde,7129,81,7210
Belvézet,245,1,246
Bernis,3420,27,3447
Bessèges,2844,35,2879
Bez-et-Esparon,336,11,347
Bezouce,2299,32,2331
Blandas,135,2,137
Blauzac,1196,20,1216
Boisset-et-Gaujac,2545,45,2590
Boissières,565,11,576
Bonnevaux,88,0,88
Bordezac,393,4,397
Boucoiran-et-Nozières,947,14,961
Bouillargues,6328,131,6459
Bouquet,176,3,179
Bourdic,380,11,391
Bragassargues,175,5,180
Branoux-les-Taillades,1340,30,1370
Bréau-Mars,616,20,636
Brignon,771,12,783
Brouzet-lès-Alès,649,12,661
Brouzet-lès-Quissac,291,4,295
La Bruguière,328,7,335
Cabrières,1623,28,1651
La Cadière-et-Cambo,210,10,220
Le Cailar,2412,29,2441
Caissargues,4027,78,4105
La Calmette,2200,23,2223
Calvisson,5745,97,5842
Campestre-et-Luc,99,1,100
Canaules-et-Argentières,434,4,438
Cannes-et-Clairan,540,12,552
La Capelle-et-Masmolène,439,6,445
Cardet,871,21,892
Carnas,479,12,491
Carsan,685,23,708
Cassagnoles,403,2,405
Castelnau-Valence,454,10,464
Castillon-du-Gard,1684,79,1763
Causse-Bégon,20,0,20
Caveirac,4181,112,4293
Cavillargues,843,29,872
Cendras,1841,30,1871
Chambon,266,6,272
Chamborigaud,852,5,857
Chusclan,967,29,996
Clarensac,4263,98,4361
Codognan,2423,48,2471
Codolet,660,12,672
Collias,1090,15,1105
Collorgues,608,10,618
Colognac,221,6,227
Combas,628,14,642
Comps,1784,25,1809
Concoules,258,4,262
Congénies,1668,35,1703
Connaux,1674,34,1708
Conqueyrac,97,2,99
Corbès,154,1,155
Corconne,542,26,568
Cornillon,934,21,955
Courry,279,4,283
Crespian,423,4,427
Cros,249,8,257
Cruviers-Lascours,702,8,710
Deaux,648,16,664
Dions,584,11,595
Domazan,930,11,941
Domessargues,753,18,771
Dourbies,145,5,150
Durfort-et-Saint-Martin-de-Sossenac,685,18,703
Estézargues,579,12,591
L' Estréchure,161,5,166
Euzet,439,7,446
Flaux,375,9,384
Foissac,423,6,429
Fons,1506,14,1520
Fons-sur-Lussan,237,3,240
Fontanès,690,12,702
Fontarèches,263,5,268
Fournès,1085,13,1098
Fourques,2891,44,2935
Fressac,162,5,167
Gagnières,1121,14,1135
Gailhan,246,4,250
Gajan,668,22,690
Gallargues-le-Montueux,3708,75,3783
Le Garn,213,2,215
Garons,4895,49,4944
Garrigues-Sainte-Eulalie,731,20,751
Gaujac,1096,26,1122
Générac,4118,56,4174
Générargues,699,20,719
Génolhac,841,20,861
Goudargues,1100,23,1123
La Grand-Combe,5041,97,5138
Le Grau-du-Roi,8517,78,8595
Issirac,310,6,316
Jonquières-Saint-Vincent,3779,37,3816
Junas,1107,17,1124
Lamelouze,139,4,143
Langlade,2190,55,2245
Lanuéjols,357,23,380
Lasalle,1140,12,1152
Laudun-l'Ardoise,6292,117,6409
Laval-Pradel,1161,23,1184
Laval-Saint-Roman,217,5,222
Lecques,470,3,473
Lédenon,1556,24,1580
Lédignan,1462,24,1486
Lézan,1537,26,1563
Liouc,281,6,287
Lirac,904,20,924
Logrian-Florian,264,7,271
Lussan,486,7,493
Les Mages,2074,35,2109
Malons-et-Elze,125,0,125
Mandagout,401,7,408
Manduel,6814,95,6909
Marguerittes,8586,158,8744
Martignargues,424,9,433
Le Martinet,750,5,755
Maruéjols-lès-Gardon,243,4,247
Massanes,194,6,200
Massillargues-Attuech,662,16,678
Mauressargues,158,6,164
Méjannes-le-Clap,710,14,724
Méjannes-lès-Alès,1222,30,1252
Meynes,2456,152,2608
Meyrannes,825,17,842
Mialet,624,17,641
Milhaud,5636,134,5770
Molières-Cavaillac,938,33,971
Molières-sur-Cèze,1297,14,1311
Monoblet,728,13,741
Mons,1677,31,1708
Montagnac,208,4,212
Montaren-et-Saint-Médiers,1434,34,1468
Montclus,206,1,207
Montdardier,201,4,205
Monteils,656,10,666
Montfaucon,1492,37,1529
Montfrin,3189,54,3243
Montignargues,597,10,607
Montmirat,433,5,438
Montpezat,1234,19,1253
Moulézan,648,3,651
Moussac,1485,12,1497
Mus,1410,19,1429
Nages-et-Solorgues,1736,49,1785
Navacelles,325,8,333
Ners,702,13,715
Nîmes,150610,2342,152952
Orsan,1145,27,1172
Orthoux-Sérignac-Quilhan,416,7,423
Parignargues,678,4,682
Peyremale,285,2,287
Peyrolles,33,3,36
Le Pin,426,8,434
Les Plans,252,7,259
Les Plantiers,257,6,263
Pommiers,56,1,57
Pompignan,957,14,971
Pont-Saint-Esprit,10336,183,10519
Ponteils-et-Brésis,364,7,371
Portes,344,8,352
Potelières,373,9,382
Pougnadoresse,246,4,250
Poulx,3933,114,4047
Pouzilhac,713,6,719
Puechredon,40,0,40
Pujaut,4136,138,4274
Quissac,3216,35,3251
Redessan,4115,57,4172
Remoulins,2281,42,2323
Revens,21,0,21
Ribaute-les-Tavernes,2209,42,2251
Rivières,362,3,365
Robiac-Rochessadoule,840,15,855
Rochefort-du-Gard,7532,177,7709
Rochegude,252,3,255
Rodilhan,2878,197,3075
Rogues,107,2,109
La Roque-sur-Cèze,184,4,188
Roquedur,257,7,264
Roquemaure,5481,65,5546
Rousson,4106,71,4177
La Rouvière,598,14,612
Sabran,1674,51,1725
Saint-Alexandre,1232,25,1257
Saint-Ambroix,3162,39,3201
Saint-André-d'Olérargues,429,14,443
Saint-André-de-Majencoules,592,16,608
Saint-André-de-Roquepertuis,594,9,603
Saint-André-de-Valborgne,382,11,393
Saint-Bauzély,649,11,660
Saint-Bénézet,274,7,281
Saint-Bonnet-de-Salendrinque,120,3,123
Saint-Bonnet-du-Gard,835,11,846
Saint-Brès,652,12,664
Saint-Bresson,54,2,56
Saint-Césaire-de-Gauzignan,382,5,387
Saint-Chaptes,1865,29,1894
Saint-Christol-de-Rodières,160,2,162
Saint-Christol-lez-Alès,7030,189,7219
Saint-Clément,379,6,385
Saint-Côme-et-Maruéjols,790,14,804
Saint-Denis,294,9,303
Saint-Dézéry,450,4,454
Saint-Dionisy,1039,13,1052
Saint-Étienne-de-l'Olm,388,11,399
Saint-Étienne-des-Sorts,557,12,569
Saint-Félix-de-Pallières,252,7,259
Saint-Florent-sur-Auzonnet,1173,16,1189
Saint-Geniès-de-Comolas,1969,40,2009
Saint-Geniès-de-Malgoirès,3007,31,3038
Saint-Gervais,720,16,736
Saint-Gervasy,1899,27,1926
Saint-Gilles,13607,104,13711
Saint-Hilaire-d'Ozilhan,1069,21,1090
Saint-Hilaire-de-Brethmas,4313,106,4419
Saint-Hippolyte-de-Caton,213,4,217
Saint-Hippolyte-de-Montaigu,260,8,268
Saint-Hippolyte-du-Fort,3939,104,4043
Saint-Jean-de-Ceyrargues,164,1,165
Saint-Jean-de-Crieulon,246,2,248
Saint-Jean-de-Maruéjols-et-Avéjan,920,11,931
Saint-Jean-de-Serres,521,11,532
Saint-Jean-de-Valériscle,669,10,679
Saint-Jean-du-Gard,2433,171,2604
Saint-Jean-du-Pin,1511,39,1550
Saint-Julien-de-Cassagnas,698,15,713
Saint-Julien-de-la-Nef,141,6,147
Saint-Julien-de-Peyrolas,1402,26,1428
Saint-Julien-les-Rosiers,3348,62,3410
Saint-Just-et-Vacquières,302,2,304
Saint-Laurent-d'Aigouze,3474,42,3516
Saint-Laurent-de-Carnols,496,9,505
Saint-Laurent-des-Arbres,3072,36,3108
Saint-Laurent-la-Vernède,681,11,692
Saint-Laurent-le-Minier,341,11,352
Saint-Mamert-du-Gard,1634,21,1655
Saint-Marcel-de-Careiret,845,17,862
Saint-Martial,179,3,182
Saint-Martin-de-Valgalgues,4419,61,4480
Saint-Maurice-de-Cazevieille,727,8,735
Saint-Maximin,746,18,764
Saint-Michel-d'Euzet,636,12,648
Saint-Nazaire,1229,19,1248
Saint-Nazaire-des-Gardies,83,2,85
Saint-Paul-la-Coste,285,6,291
Saint-Paul-les-Fonts,1031,21,1052
Saint-Paulet-de-Caisson,1810,43,1853
Saint-Pons-la-Calm,438,10,448
Saint-Privat-de-Champclos,344,5,349
Saint-Privat-des-Vieux,5182,127,5309
Saint-Quentin-la-Poterie,3054,63,3117
Saint-Roman-de-Codières,157,15,172
Saint-Sauveur-Camprieu,245,14,259
Saint-Sébastien-d'Aigrefeuille,500,20,520
Saint-Siffret,1067,36,1103
Saint-Théodorit,532,6,538
Saint-Victor-de-Malcap,833,21,854
Saint-Victor-des-Oules,306,4,310
Saint-Victor-la-Coste,2073,42,2115
Sainte-Anastasie,1686,27,1713
Sainte-Cécile-d'Andorge,586,3,589
Sainte-Croix-de-Caderle,113,7,120
Salazac,184,3,187
Salindres,3494,41,3535
Salinelles,573,8,581
Les Salles-du-Gardon,2600,26,2626
Sanilhac-Sagriès,780,51,831
Sardan,300,1,301
Saumane,276,6,282
Sauve,1928,22,1950
Sauveterre,2036,48,2084
Sauzet,747,7,754
Savignargues,239,4,243
Saze,2037,39,2076
Sénéchas,247,8,255
Sernhac,1755,23,1778
Servas,209,4,213
Serviers-et-Labaume,604,23,627
Seynes,161,2,163
Sommières,4917,62,4979
Soudorgues,275,7,282
Soustelle,123,3,126
Souvignargues,871,15,886
Sumène,1549,42,1591
Tavel,1979,35,2014
Tharaux,56,2,58
Théziers,1039,18,1057
Thoiras,436,16,452
Tornac,904,26,930
Tresques,1806,50,1856
Trèves,128,1,129
Uchaud,4315,41,4356
Uzès,8454,359,8813
Vabres,121,4,125
Val-d'Aigoual,1431,20,1451
Vallabrègues,1392,19,1411
Vallabrix,432,5,437
Vallérargues,140,4,144
Valliguières,584,11,595
Vauvert,11608,134,11742
Vénéjan,1246,41,1287
Verfeuil,600,7,607
Vergèze,5188,79,5267
La Vernarède,336,2,338
Vers-Pont-du-Gard,1850,35,1885
Vestric-et-Candiac,1406,17,1423
Vézénobres,1774,97,1871
Vic-le-Fesq,522,4,526
Le Vigan,3820,124,3944
Villeneuve-lès-Avignon,11698,405,12103
Villevieille,1709,44,1753
Vissec,60,1,61
Agassac,118,3,121
Aignes,245,6,251
Aigrefeuille,1275,37,1312
Alan,305,8,313
Albiac,210,5,215
Ambax,67,0,67
Anan,243,7,250
Antichan-de-Frontignes,157,3,160
Antignac,116,5,121
Arbas,263,6,269
Arbon,102,1,103
Ardiège,364,11,375
Arguenos,72,1,73
Argut-Dessous,23,1,24
Arlos,100,1,101
Arnaud-Guilhem,231,3,234
Artigue,30,1,31
Aspet,879,72,951
Aspret-Sarrat,136,5,141
Aucamville,8408,69,8477
Aulon,309,10,319
Auragne,427,5,432
Aureville,899,14,913
Auriac-sur-Vendinelle,1035,13,1048
Auribail,204,5,209
Aurignac,1193,72,1265
Aurin,332,6,338
Ausseing,72,5,77
Ausson,586,15,601
Aussonne,6984,73,7057
Auterive,9752,98,9850
Auzas,239,10,249
Auzeville-Tolosane,4126,249,4375
Auzielle,1500,45,1545
Avignonet-Lauragais,1534,12,1546
Ayguesvives,2655,49,2704
Azas,664,16,680
Bachas,71,1,72
Bachos,38,1,39
Bagiry,112,2,114
Bagnères-de-Luchon,2312,143,2455
Balesta,148,6,154
Balma,16568,310,16878
Barbazan,490,10,500
Baren,12,0,12
Bax,89,1,90
Baziège,3346,57,3403
Bazus,553,15,568
Beauchalot,640,9,649
Beaufort,462,6,468
Beaumont-sur-Lèze,1557,31,1588
Beaupuy,1340,28,1368
Beauteville,175,1,176
Beauville,170,3,173
Beauzelle,6387,76,6463
Belberaud,1503,51,1554
Belbèze-de-Lauragais,123,1,124
Belbèze-en-Comminges,113,6,119
Bélesta-en-Lauragais,115,5,120
Bellegarde-Sainte-Marie,192,12,204
Bellesserre,110,3,113
Benque,162,2,164
Benque-Dessous-et-Dessus,25,0,25
Bérat,3016,59,3075
Bessières,4073,59,4132
Bezins-Garraux,44,0,44
Billière,22,0,22
Binos,43,0,43
Blagnac,24517,492,25009
Blajan,504,9,513
Bois-de-la-Pierre,429,3,432
Boissède,70,2,72
Bondigoux,537,12,549
Bonrepos-Riquet,293,7,300
Bonrepos-sur-Aussonnelle,1187,22,1209
Bordes-de-Rivière,483,12,495
Le Born,548,14,562
Boudrac,144,2,146
Bouloc,4659,84,4743
Boulogne-sur-Gesse,1612,48,1660
Bourg-d'Oueil,6,0,6
Bourg-Saint-Bernard,1038,19,1057
Boussan,239,2,241
Boussens,1074,23,1097
Boutx,244,3,247
Bouzin,96,4,100
Bragayrac,326,2,328
Brax,2811,101,2912
Bretx,663,6,669
Brignemont,387,5,392
Bruguières,5832,84,5916
Burgalays,123,6,129
Le Burgaud,979,8,987
Buzet-sur-Tarn,2767,49,2816
Cabanac-Cazaux,126,1,127
Cabanac-Séguenville,170,1,171
Le Cabanial,454,13,467
Cadours,1086,18,1104
Caignac,356,4,360
Calmont,2371,31,2402
Cambernard,466,4,470
Cambiac,215,3,218
Canens,60,0,60
Capens,662,13,675
Caragoudes,223,8,231
Caraman,2500,45,2545
Carbonne,5712,104,5816
Cardeilhac,267,2,269
Cassagnabère-Tournas,461,3,464
Cassagne,634,13,647
Castagnac,288,4,292
Castagnède,189,4,193
Castanet-Tolosan,13529,197,13726
Castelbiague,251,2,253
Castelgaillard,61,1,62
Castelginest,10467,115,10582
Castelmaurou,4273,96,4369
Castelnau-d'Estrétefonds,6334,64,6398
Castelnau-Picampeau,215,5,220
Le Castéra,736,18,754
Castéra-Vignoles,64,1,65
Casties-Labrande,117,2,119
Castillon-de-Larboust,63,1,64
Castillon-de-Saint-Martory,382,9,391
Cathervielle,36,0,36
Caubiac,382,10,392
Caubous,4,1,5
Caujac,837,12,849
Cazac,88,0,88
Cazaril-Tambourès,88,3,91
Cazarilh-Laspènes,24,6,30
Cazaunous,72,0,72
Cazaux-Layrisse,60,1,61
Cazeaux-de-Larboust,97,4,101
Cazeneuve-Montaut,74,0,74
Cazères,4889,65,4954
Cépet,1878,21,1899
Cessales,167,0,167
Charlas,242,6,248
Chaum,189,4,193
Chein-Dessus,182,7,189
Ciadoux,232,1,233
Cier-de-Luchon,248,7,255
Cier-de-Rivière,279,7,286
Cierp-Gaud,734,12,746
Cintegabelle,2904,65,2969
Cirès,13,0,13
Clarac,630,11,641
Clermont-le-Fort,506,27,533
Colomiers,38951,474,39425
Cornebarrieu,6592,93,6685
Corronsac,813,22,835
Coueilles,94,5,99
Couladère,425,12,437
Couret,239,2,241
Cox,341,1,342
Cugnaux,17974,223,18197
Cuguron,185,4,189
Le Cuing,465,5,470
Daux,2361,26,2387
Deyme,1192,21,1213
Donneville,1009,75,1084
Drémil-Lafage,2652,79,2731
Drudas,216,6,222
Eaunes,6162,94,6256
Empeaux,256,5,261
Encausse-les-Thermes,694,14,708
Eoux,119,0,119
Escalquens,6660,153,6813
Escanecrabe,246,10,256
Escoulis,80,0,80
Espanès,325,4,329
Esparron,57,2,59
Esperce,259,3,262
Estadens,528,4,532
Estancarbon,606,10,616
Esténos,187,5,192
Eup,133,2,135
Fabas,201,3,204
Le Faget,343,6,349
Falga,124,6,130
Le Fauga,2048,27,2075
Fenouillet,5161,58,5219
Figarol,305,9,314
Flourens,1963,38,2001
Folcarde,118,1,119
Fonbeauzard,2973,30,3003
Fonsorbes,11743,272,12015
Fontenilles,5935,124,6059
Forgues,212,4,216
Fos,237,0,237
Fougaron,95,2,97
Fourquevaux,771,21,792
Le Fousseret,1897,30,1927
Francarville,174,2,176
Francazal,29,0,29
Francon,243,3,246
Franquevielle,332,8,340
Le Fréchet,103,3,106
Fronsac,210,10,220
Frontignan-de-Comminges,77,4,81
Frontignan-Savès,70,0,70
Fronton,6079,143,6222
Frouzins,9022,155,9177
Fustignac,80,3,83
Gagnac-sur-Garonne,3110,27,3137
Gaillac-Toulza,1265,13,1278
Galié,82,6,88
Ganties,327,5,332
Garac,154,4,158
Gardouch,1268,23,1291
Gargas,685,9,694
Garidech,1768,12,1780
Garin,145,3,148
Gauré,494,16,510
Gémil,270,10,280
Génos,70,1,71
Gensac-de-Boulogne,125,4,129
Gensac-sur-Garonne,442,3,445
Gibel,361,6,367
Gouaux-de-Larboust,67,0,67
Gouaux-de-Luchon,46,0,46
Goudex,47,1,48
Gourdan-Polignan,1203,186,1389
Goutevernisse,187,3,190
Gouzens,81,10,91
Goyrans,843,36,879
Gragnague,1817,39,1856
Gratens,684,18,702
Gratentour,4158,92,4250
Grazac,587,8,595
Grenade,8847,99,8946
Grépiac,982,26,1008
Le Grès,433,8,441
Guran,44,1,45
Herran,75,1,76
His,223,30,253
Huos,489,11,500
L' Isle-en-Dodon,1631,23,1654
Issus,595,10,605
Izaut-de-l'Hôtel,314,5,319
Jurvielle,20,2,22
Juzes,85,5,90
Juzet-d'Izaut,188,5,193
Juzet-de-Luchon,369,16,385
Labarthe-Inard,852,13,865
Labarthe-Rivière,1332,29,1361
Labarthe-sur-Lèze,6178,101,6279
Labastide-Beauvoir,1272,26,1298
Labastide-Clermont,664,8,672
Labastide-Paumès,146,1,147
Labastide-Saint-Sernin,1909,21,1930
Labastidette,2563,33,2596
Labège,4044,147,4191
Labroquère,323,16,339
Labruyère-Dorsa,284,6,290
Lacaugne,218,5,223
Lacroix-Falgarde,2068,48,2116
Laffite-Toupière,103,1,104
Lafitte-Vigordane,1188,18,1206
Lagarde,409,11,420
Lagardelle-sur-Lèze,3045,45,3090
Lagrâce-Dieu,571,7,578
Lagraulet-Saint-Nicolas,251,4,255
Lahage,208,1,209
Lahitère,60,0,60
Lalouret-Laffiteau,134,3,137
Lamasquère,1462,14,1476
Landorthe,991,33,1024
Lanta,2070,40,2110
Lapeyrère,68,1,69
Lapeyrouse-Fossat,2821,58,2879
Larcan,177,4,181
Laréole,171,5,176
Larra,1891,30,1921
Larroque,292,5,297
Lasserre-Pradère,1522,42,1564
Latoue,323,5,328
Latour,77,1,78
Latrape,364,13,377
Launac,1382,34,1416
Launaguet,8880,108,8988
Lautignac,265,1,266
Lauzerville,1588,52,1640
Lavalette,738,13,751
Lavelanet-de-Comminges,625,8,633
Lavernose-Lacasse,3050,77,3127
Layrac-sur-Tarn,322,9,331
Lécussan,268,3,271
Lège,43,1,44
Léguevin,9196,248,9444
Lescuns,72,0,72
Lespinasse,2737,20,2757
Lespiteau,103,1,104
Lespugue,81,0,81
Lestelle-de-Saint-Martory,440,8,448
Lévignac,2113,39,2152
Lherm,3678,79,3757
Lieoux,126,0,126
Lilhac,130,1,131
Lodes,292,7,299
Longages,3082,34,3116
Loubens-Lauragais,461,10,471
Loudet,196,6,202
Lourde,92,0,92
Luscan,55,0,55
Lussan-Adeilhac,227,2,229
Lux,344,5,349
La Magdelaine-sur-Tarn,1171,21,1192
Mailholas,34,0,34
Malvezie,115,2,117
Mancioux,409,4,413
Mane,963,40,1003
Marignac,484,8,492
Marignac-Lasclares,478,19,497
Marignac-Laspeyres,218,6,224
Marliac,145,1,146
Marquefave,967,53,1020
Marsoulas,123,8,131
Martisserre,61,2,63
Martres-de-Rivière,357,11,368
Martres-Tolosane,2383,42,2425
Mascarville,179,12,191
Massabrac,89,0,89
Mauran,233,1,234
Mauremont,323,10,333
Maurens,206,2,208
Mauressac,518,5,523
Maureville,304,12,316
Mauvaisin,233,4,237
Mauvezin,93,2,95
Mauzac,1281,23,1304
Mayrègne,25,2,27
Mazères-sur-Salat,621,12,633
Melles,89,1,90
Menville,768,23,791
Mérenvielle,486,6,492
Mervilla,269,8,277
Merville,5615,95,5710
Milhas,177,0,177
Mirambeau,63,0,63
Miramont-de-Comminges,780,10,790
Miremont,2494,32,2526
Mirepoix-sur-Tarn,1014,13,1027
Molas,167,4,171
Moncaup,39,0,39
Mondavezan,905,18,923
Mondilhan,92,1,93
Mondonville,4546,63,4609
Mondouzil,235,6,241
Monès,96,1,97
Monestrol,62,0,62
Mons,1780,52,1832
Mont-de-Galié,42,1,43
Montaigut-sur-Save,1682,42,1724
Montastruc-de-Salies,288,2,290
Montastruc-la-Conseillère,3430,95,3525
Montastruc-Savès,77,1,78
Montauban-de-Luchon,496,7,503
Montaut,506,4,510
Montberaud,211,4,215
Montbernard,222,5,227
Montberon,2925,62,2987
Montbrun-Bocage,476,11,487
Montbrun-Lauragais,611,20,631
Montclar-de-Comminges,84,5,89
Montclar-Lauragais,246,3,249
Montégut-Bourjac,135,1,136
Montégut-Lauragais,442,15,457
Montespan,455,6,461
Montesquieu-Guittaut,176,2,178
Montesquieu-Lauragais,977,13,990
Montesquieu-Volvestre,3032,69,3101
Montgaillard-de-Salies,103,3,106
Montgaillard-Lauragais,743,18,761
Montgaillard-sur-Save,84,2,86
Montgazin,197,5,202
Montgeard,487,8,495
Montgiscard,2430,57,2487
Montgras,106,1,107
Montjoire,1274,25,1299
Montlaur,1576,32,1608
Montmaurin,210,6,216
Montoulieu-Saint-Bernard,213,6,219
Montoussin,132,0,132
Montpitol,387,12,399
Montrabé,4106,77,4183
Montréjeau,2796,31,2827
Montsaunès,445,31,476
Mourvilles-Basses,75,0,75
Mourvilles-Hautes,169,14,183
Moustajon,136,3,139
Muret,24945,543,25488
Nailloux,3873,43,3916
Nénigan,65,0,65
Nizan-Gesse,87,1,88
Noé,2897,64,2961
Nogaret,83,0,83
Noueilles,401,4,405
Odars,872,31,903
Ondes,733,129,862
Oô,92,4,96
Ore,101,1,102
Palaminy,808,11,819
Paulhac,1236,29,1265
Payssous,90,3,93
Péchabou,2330,64,2394
Pechbonnieu,4425,86,4511
Pechbusque,882,21,903
Péguilhan,286,10,296
Pelleport,515,12,527
Peyrissas,85,2,87
Peyrouzet,84,2,86
Peyssies,570,6,576
Pibrac,8459,253,8712
Pin-Balma,903,18,921
Le Pin-Murelet,176,4,180
Pins-Justaret,4410,71,4481
Pinsaguel,2771,37,2808
Plagne,97,0,97
Plagnole,305,3,308
Plaisance-du-Touch,18715,360,19075
Le Plan,447,7,454
Pointis-de-Rivière,840,11,851
Pointis-Inard,924,14,938
Polastron,54,2,56
Pompertuzat,2312,38,2350
Ponlat-Taillebourg,619,16,635
Portet-d'Aspet,64,1,65
Portet-de-Luchon,39,4,43
Portet-sur-Garonne,9721,120,9841
Poubeau,76,4,80
Poucharramet,880,13,893
Pouy-de-Touges,407,10,417
Pouze,88,4,92
Préserville,707,15,722
Proupiary,73,1,74
Prunet,150,2,152
Puydaniel,518,8,526
Puymaurin,296,3,299
Puysségur,147,0,147
Quint-Fonsegrives,5674,113,5787
Ramonville-Saint-Agne,14388,337,14725
Razecueillé,37,0,37
Rebigue,478,25,503
Régades,133,4,137
Renneville,550,12,562
Revel,9582,311,9893
Rieucazé,54,0,54
Rieumajou,136,2,138
Rieumes,3509,83,3592
Rieux-Volvestre,2583,52,2635
Riolas,48,1,49
Roquefort-sur-Garonne,794,12,806
Roques,4550,52,4602
Roquesérière,689,17,706
Roquettes,4049,61,4110
Rouède,292,3,295
Rouffiac-Tolosan,1944,42,1986
Roumens,242,6,248
Sabonnères,315,4,319
Saccourvielle,15,0,15
Saiguède,790,21,811
Saint-Alban,6150,50,6200
Saint-André,223,8,231
Saint-Araille,152,5,157
Saint-Aventin,80,4,84
Saint-Béat-Lez,382,8,390
Saint-Bertrand-de-Comminges,244,6,250
Saint-Cézert,434,1,435
Saint-Christaud,244,4,248
Saint-Clar-de-Rivière,1338,25,1363
Saint-Élix-le-Château,883,19,902
Saint-Élix-Séglan,42,0,42
Saint-Félix-Lauragais,1271,34,1305
Saint-Ferréol-de-Comminges,58,1,59
Saint-Frajou,215,4,219
Saint-Gaudens,11517,565,12082
Saint-Geniès-Bellevue,2466,62,2528
Saint-Germier,111,3,114
Saint-Hilaire,1219,18,1237
Saint-Ignan,226,5,231
Saint-Jean,10694,139,10833
Saint-Jean-Lherm,371,11,382
Saint-Jory,5797,60,5857
Saint-Julia,412,13,425
Saint-Julien-sur-Garonne,553,4,557
Saint-Lary-Boujean,141,2,143
Saint-Laurent,181,1,182
Saint-Léon,1268,13,1281
Saint-Loup-Cammas,2164,45,2209
Saint-Loup-en-Comminges,36,0,36
Saint-Lys,9470,151,9621
Saint-Mamet,557,19,576
Saint-Marcel-Paulel,404,6,410
Saint-Marcet,360,9,369
Saint-Martory,981,11,992
Saint-Médard,221,11,232
Saint-Michel,318,6,324
Saint-Orens-de-Gameville,11830,204,12034
Saint-Paul-d'Oueil,34,0,34
Saint-Paul-sur-Save,1625,24,1649
Saint-Pé-d'Ardet,148,1,149
Saint-Pé-Delbosc,134,0,134
Saint-Pierre,239,8,247
Saint-Pierre-de-Lages,886,18,904
Saint-Plancard,364,6,370
Saint-Rome,51,2,53
Saint-Rustice,460,9,469
Saint-Sauveur,1766,16,1782
Saint-Sulpice-sur-Lèze,2389,42,2431
Saint-Thomas,573,15,588
Saint-Vincent,192,8,200
Sainte-Foy-d'Aigrefeuille,2011,61,2072
Sainte-Foy-de-Peyrolières,2074,47,2121
Sainte-Livrade,271,13,284
Sajas,125,3,128
Saleich,341,8,349
Salerm,56,2,58
Salies-du-Salat,1788,103,1891
Salles-et-Pratviel,133,2,135
Salles-sur-Garonne,573,15,588
La Salvetat-Lauragais,143,3,146
La Salvetat-Saint-Gilles,8321,192,8513
Saman,130,4,134
Samouillan,124,2,126
Sana,258,5,263
Sarrecave,78,0,78
Sarremezan,97,3,100
Saubens,2225,52,2277
Saussens,209,0,209
Sauveterre-de-Comminges,634,8,642
Saux-et-Pomarède,272,9,281
Savarthès,173,5,178
Savères,218,4,222
Sédeilhac,61,2,63
Ségreville,297,7,304
Seilh,3268,75,3343
Seilhan,207,3,210
Sénarens,104,2,106
Sengouagnet,206,4,210
Sepx,224,4,228
Seyre,133,3,136
Seysses,9055,119,9174
Signac,48,0,48
Sode,18,0,18
Soueich,531,10,541
Tarabel,460,7,467
Terrebasse,137,4,141
Thil,1176,28,1204
Touille,246,1,247
Toulouse,479553,5256,484809
Tournefeuille,26962,567,27529
Les Tourreilles,384,9,393
Toutens,335,4,339
Trébons-de-Luchon,5,0,5
Trébons-sur-la-Grasse,450,8,458
L' Union,11715,185,11900
Urau,123,1,124
Vacquiers,1307,35,1342
Valcabrère,143,1,144
Valentine,877,15,892
Vallègue,524,4,528
Vallesvilles,418,6,424
Varennes,271,4,275
Vaudreuille,379,10,389
Vaux,295,5,300
Vendine,284,4,288
Venerque,2548,80,2628
Verfeil,3595,70,3665
Vernet,2871,32,2903
Vieille-Toulouse,1169,37,1206
Vieillevigne,339,7,346
Vignaux,135,0,135
Vigoulet-Auzil,904,30,934
Villariès,792,13,805
Villate,920,19,939
Villaudric,1545,27,1572
Villefranche-de-Lauragais,4519,61,4580
Villematier,1053,24,1077
Villemur-sur-Tarn,5888,105,5993
Villeneuve-de-Rivière,1794,42,1836
Villeneuve-Lécussan,556,4,560
Villeneuve-lès-Bouloc,1622,21,1643
Villeneuve-Tolosane,9720,118,9838
Villenouvelle,1391,18,1409
Aignan,734,71,805
Ansan,78,6,84
Antras,47,2,49
Arblade-le-Bas,147,2,149
Arblade-le-Haut,309,5,314
Ardizas,216,5,221
Armentieux,76,0,76
Armous-et-Cau,86,5,91
Arrouède,110,0,110
Aubiet,1083,34,1117
Auch,21935,1132,23067
Augnax,109,5,114
Aujan-Mournède,89,1,90
Auradé,671,16,687
Aurensan,134,5,139
Aurimont,205,2,207
Aussos,81,1,82
Auterive,520,17,537
Aux-Aussat,275,8,283
Avensac,77,1,78
Avéron-Bergelle,143,6,149
Avezan,107,3,110
Ayguetinte,161,3,164
Ayzieu,159,6,165
Bajonnette,106,0,106
Barcelonne-du-Gers,1372,38,1410
Barcugnan,107,6,113
Barran,673,20,693
Bars,135,4,139
Bascous,170,3,173
Bassoues,321,6,327
Bazian,112,0,112
Bazugues,57,3,60
Beaucaire,256,4,260
Beaumarchés,664,40,704
Beaumont,136,6,142
Beaupuy,188,7,195
Beccas,118,4,122
Bédéchan,152,1,153
Bellegarde,190,0,190
Belloc-Saint-Clamens,129,5,134
Belmont,150,4,154
Béraut,331,9,340
Berdoues,424,20,444
Bernède,204,1,205
Berrac,103,1,104
Betcave-Aguin,85,3,88
Bétous,88,3,91
Betplan,99,4,103
Bézéril,128,2,130
Bezolles,139,4,143
Bézues-Bajon,190,4,194
Biran,386,9,395
Bivès,133,2,135
Blanquefort,57,2,59
Blaziert,134,3,137
Blousson-Sérian,42,2,44
Bonas,133,2,135
Boucagnères,209,4,213
Boulaur,179,2,181
Bourrouillan,157,2,159
Bouzon-Gellenave,193,4,197
Bretagne-d'Armagnac,422,12,434
Le Brouilh-Monbert,228,3,231
Brugnens,256,11,267
Cabas-Loumassès,52,4,56
Cadeilhan,139,3,142
Cadeillan,61,3,64
Cahuzac-sur-Adour,223,3,226
Caillavet,204,10,214
Callian,47,1,48
Campagne-d'Armagnac,224,3,227
Cassaigne,221,5,226
Castelnau-Barbarens,528,10,538
Castelnau-d'Anglès,89,3,92
Castelnau-d'Arbieu,234,9,243
Castelnau d'Auzan Labarrère,1252,30,1282
Castelnau-sur-l'Auvignon,147,6,153
Castelnavet,130,2,132
Castéra-Lectourois,350,7,357
Castéra-Verduzan,988,19,1007
Castéron,52,3,55
Castet-Arrouy,186,7,193
Castex,86,2,88
Castex-d'Armagnac,112,4,116
Castillon-Debats,323,0,323
Castillon-Massas,246,6,252
Castillon-Savès,344,8,352
Castin,343,16,359
Catonvielle,97,4,101
Caumont,102,7,109
Caupenne-d'Armagnac,424,16,440
Caussens,619,13,632
Cazaubon,1629,34,1663
Cazaux-d'Anglès,119,2,121
Cazaux-Savès,315,5,320
Cazaux-Villecomtal,71,3,74
Cazeneuve,148,4,152
Céran,222,3,225
Cézan,223,2,225
Chélan,175,8,183
Clermont-Pouyguillès,159,3,162
Clermont-Savès,326,9,335
Cologne,914,66,980
Condom,6530,205,6735
Corneillan,146,10,156
Couloumé-Mondebat,194,5,199
Courrensan,403,7,410
Courties,56,0,56
Crastes,254,15,269
Cravencères,92,3,95
Cuélas,124,5,129
Dému,337,3,340
Duffort,141,4,145
Duran,870,29,899
Durban,154,5,159
Eauze,3918,74,3992
Encausse,427,9,436
Endoufielle,527,17,544
Esclassan-Labastide,358,10,368
Escornebœuf,565,11,576
Espaon,190,0,190
Espas,123,1,124
Estampes,159,1,160
Estang,638,13,651
Estipouy,208,14,222
Estramiac,142,0,142
Faget-Abbatial,218,1,219
Flamarens,150,2,152
Fleurance,6021,111,6132
Fourcès,260,2,262
Frégouville,346,6,352
Fustérouau,134,5,139
Galiax,161,5,166
Garravet,157,4,161
Gaudonville,111,1,112
Gaujac,66,0,66
Gaujan,118,1,119
Gavarret-sur-Aulouste,142,2,144
Gazaupouy,296,12,308
Gazax-et-Baccarisse,80,0,80
Gée-Rivière,46,2,48
Gimbrède,283,4,287
Gimont,3032,50,3082
Giscaro,100,0,100
Gondrin,1194,32,1226
Goutz,205,6,211
Goux,67,0,67
Haget,331,11,342
Haulies,165,1,166
Homps,104,1,105
Le Houga,1170,51,1221
Idrac-Respaillès,214,4,218
L' Isle-Arné,180,2,182
L' Isle-Bouzon,245,10,255
L' Isle-de-Noé,543,16,559
L' Isle-Jourdain,8851,218,9069
Izotges,105,4,109
Jegun,1144,49,1193
Jû-Belloc,296,9,305
Juillac,121,2,123
Juilles,220,6,226
Justian,118,1,119
Laas,298,6,304
Labarthe,153,4,157
Labarthète,140,5,145
Labastide-Savès,174,1,175
Labéjan,303,15,318
Labrihe,209,8,217
Ladevèze-Rivière,214,4,218
Ladevèze-Ville,236,7,243
Lagarde,119,5,124
Lagarde-Hachan,164,6,170
Lagardère,78,3,81
Lagraulet-du-Gers,575,10,585
Laguian-Mazous,241,3,244
Lahas,180,3,183
Lahitte,247,11,258
Lalanne,137,3,140
Lalanne-Arqué,156,4,160
Lamaguère,81,0,81
Lamazère,121,7,128
Lamothe-Goas,78,3,81
Lanne-Soubiran,141,1,142
Lannemaignan,109,3,112
Lannepax,494,6,500
Lannux,245,9,254
Larée,230,3,233
Larressingle,214,7,221
Larroque-Engalin,49,2,51
Larroque-Saint-Sernin,167,0,167
Larroque-sur-l'Osse,236,6,242
Lartigue,183,4,187
Lasserade,197,9,206
Lasséran,385,11,396
Lasseube-Propre,340,7,347
Laujuzan,279,15,294
Lauraët,252,3,255
Lavardens,385,11,396
Laveraët,108,1,109
Laymont,210,3,213
Leboulin,346,18,364
Lectoure,3664,363,4027
Lelin-Lapujolle,278,3,281
Lias,620,13,633
Lias-d'Armagnac,196,7,203
Ligardes,217,4,221
Lombez,2134,36,2170
Loubédat,107,3,110
Loubersan,152,11,163
Lourties-Monbrun,158,1,159
Louslitges,67,2,69
Loussous-Débat,62,0,62
Lupiac,300,14,314
Luppé-Violles,157,3,160
Lussan,228,4,232
Magnan,239,2,241
Magnas,59,31,90
Maignaut-Tauzia,260,2,262
Malabat,114,5,119
Manas-Bastanous,81,4,85
Manciet,805,26,831
Manent-Montané,92,1,93
Mansempuy,86,1,87
Mansencôme,46,4,50
Marambat,442,13,455
Maravat,43,0,43
Marciac,1224,86,1310
Marestaing,319,7,326
Margouët-Meymes,176,8,184
Marguestau,75,0,75
Marsan,471,11,482
Marseillan,90,3,93
Marsolan,458,11,469
Mas-d'Auvignon,171,6,177
Mascaras,64,4,68
Masseube,1520,451,1971
Mauléon-d'Armagnac,275,3,278
Maulichères,169,4,173
Maumusson-Laguian,145,7,152
Maupas,203,3,206
Maurens,311,7,318
Mauroux,135,4,139
Mauvezin,2179,48,2227
Meilhan,80,1,81
Mérens,64,0,64
Miélan,1139,23,1162
Miradoux,501,8,509
Miramont-d'Astarac,347,13,360
Miramont-Latour,163,3,166
Mirande,3468,326,3794
Mirannes,66,4,70
Mirepoix,225,4,229
Monbardon,83,4,87
Monblanc,351,8,359
Monbrun,385,12,397
Moncassin,134,3,137
Monclar,192,2,194
Monclar-sur-Losse,106,2,108
Moncorneil-Grazan,153,1,154
Monferran-Plavès,120,2,122
Monferran-Savès,803,29,832
Monfort,492,5,497
Mongausy,75,2,77
Monguilhem,309,13,322
Monlaur-Bernet,161,4,165
Monlezun,199,10,209
Monlezun-d'Armagnac,201,3,204
Monpardiac,45,1,46
Mont-d'Astarac,104,2,106
Mont-de-Marrast,111,5,116
Montadet,74,1,75
Montamat,136,2,138
Montaut,117,7,124
Montaut-les-Créneaux,708,20,728
Montégut,667,12,679
Montégut-Arros,293,6,299
Montégut-Savès,64,1,65
Montesquiou,581,22,603
Montestruc-sur-Gers,705,11,716
Monties,77,1,78
Montiron,140,3,143
Montpézat,242,3,245
Montréal,1168,35,1203
Mormès,121,2,123
Mouchan,406,14,420
Mouchès,75,4,79
Mourède,86,3,89
Nizas,149,9,158
Nogaro,2009,165,2174
Noilhan,375,11,386
Nougaroulet,375,12,387
Noulens,104,0,104
Orbessan,288,3,291
Ordan-Larroque,916,36,952
Ornézan,229,9,238
Pallanne,59,4,63
Panassac,288,9,297
Panjas,400,5,405
Pauilhac,618,49,667
Pavie,2486,116,2602
Pébées,103,2,105
Pellefigue,116,5,121
Perchède,118,1,119
Pergain-Taillac,302,4,306
Pessan,671,14,685
Pessoulens,142,4,146
Peyrecave,72,5,77
Peyrusse-Grande,164,5,169
Peyrusse-Massas,104,3,107
Peyrusse-Vieille,70,0,70
Pis,113,2,115
Plaisance,1461,28,1489
Plieux,134,6,140
Polastron,272,5,277
Pompiac,191,3,194
Ponsampère,126,6,132
Ponsan-Soubiran,90,4,94
Pouy-Loubrin,84,0,84
Pouy-Roquelaure,122,6,128
Pouydraguin,131,2,133
Pouylebon,139,5,144
Préchac,171,3,174
Préchac-sur-Adour,199,5,204
Preignan,1276,33,1309
Préneron,135,3,138
Projan,184,0,184
Pujaudran,1523,39,1562
Puycasquier,447,10,457
Puylausic,163,9,172
Puységur,75,1,76
Ramouzens,163,3,166
Razengues,239,9,248
Réans,293,5,298
Réjaumont,240,4,244
Ricourt,67,1,68
Riguepeu,204,7,211
Riscle,1830,100,1930
La Romieu,575,15,590
Roquebrune,213,4,217
Roquefort,296,5,301
Roquelaure,572,23,595
Roquelaure-Saint-Aubin,118,5,123
Roquepine,36,2,38
Roques,104,0,104
Rozès,124,2,126
Sabaillan,148,7,155
Sabazan,136,1,137
Sadeillan,87,2,89
Saint-André,123,1,124
Saint-Antoine,198,4,202
Saint-Antonin,159,5,164
Saint-Arailles,135,4,139
Saint-Arroman,137,7,144
Saint-Aunix-Lengros,142,3,145
Saint-Avit-Frandat,99,2,101
Saint-Blancard,341,6,347
Saint-Brès,76,3,79
Saint-Caprais,139,0,139
Saint-Christaud,65,2,67
Saint-Clar,1015,67,1082
Saint-Créac,83,1,84
Saint-Cricq,293,4,297
Saint-Élix-d'Astarac,189,6,195
Saint-Élix-Theux,106,0,106
Saint-Georges,180,2,182
Saint-Germé,500,6,506
Saint-Germier,210,7,217
Saint-Griède,140,10,150
Saint-Jean-le-Comtal,411,21,432
Saint-Jean-Poutge,322,14,336
Saint-Justin,130,6,136
Saint-Lary,279,6,285
Saint-Léonard,182,1,183
Saint-Lizier-du-Planté,138,1,139
Saint-Loube,96,2,98
Saint-Martin,459,21,480
Saint-Martin-d'Armagnac,247,7,254
Saint-Martin-de-Goyne,126,6,132
Saint-Martin-Gimois,91,1,92
Saint-Maur,142,5,147
Saint-Médard,327,5,332
Saint-Mézard,225,2,227
Saint-Michel,253,16,269
Saint-Mont,320,10,330
Saint-Orens,80,3,83
Saint-Orens-Pouy-Petit,193,7,200
Saint-Ost,87,2,89
Saint-Paul-de-Baïse,102,3,105
Saint-Pierre-d'Aubézies,67,1,68
Saint-Puy,600,14,614
Saint-Sauvy,340,6,346
Saint-Soulan,160,4,164
Sainte-Anne,117,1,118
Sainte-Aurence-Cazaux,101,1,102
Sainte-Christie,553,11,564
Sainte-Christie-d'Armagnac,373,13,386
Sainte-Dode,209,9,218
Sainte-Gemme,119,4,123
Sainte-Marie,429,8,437
Sainte-Mère,215,4,219
Sainte-Radegonde,182,4,186
Salles-d'Armagnac,131,4,135
Samaran,90,0,90
Samatan,2370,103,2473
Sansan,99,3,102
Saramon,825,16,841
Sarcos,75,2,77
Sarragachies,237,6,243
Sarraguzan,86,2,88
Sarrant,368,14,382
La Sauvetat,368,12,380
Sauveterre,265,63,328
Sauviac,108,3,111
Sauvimont,66,2,68
Savignac-Mona,138,1,139
Scieurac-et-Flourès,40,1,41
Séailles,45,1,46
Ségos,229,8,237
Ségoufielle,1138,27,1165
Seissan,1091,11,1102
Sembouès,60,1,61
Sémézies-Cachan,66,4,70
Sempesserre,294,5,299
Sère,77,0,77
Sérempuy,34,0,34
Seysses-Savès,239,2,241
Simorre,710,17,727
Sion,103,3,106
Sirac,169,9,178
Solomiac,481,10,491
Sorbets,226,6,232
Tachoires,98,0,98
Tarsac,168,2,170
Tasque,255,6,261
Taybosc,62,0,62
Termes-d'Armagnac,191,3,194
Terraube,372,4,376
Thoux,253,7,260
Tieste-Uragnoux,167,4,171
Tillac,281,7,288
Tirent-Pontéjac,89,1,90
Touget,512,17,529
Toujouse,248,2,250
Tourdun,117,4,121
Tournan,182,2,184
Tournecoupe,263,8,271
Tourrenquets,113,6,119
Traversères,71,3,74
Troncens,184,4,188
Tudelle,59,0,59
Urdens,292,5,297
Urgosse,239,3,242
Valence-sur-Baïse,1135,19,1154
Vergoignan,299,8,307
Verlus,105,3,108
Vic-Fezensac,3474,84,3558
Viella,511,12,523
Villecomtal-sur-Arros,853,19,872
Villefranche,128,5,133
Viozan,113,2,115
Abzac,1937,26,1963
Aillas,822,14,836
Ambarès-et-Lagrave,16344,136,16480
Ambès,3128,20,3148
Andernos-les-Bains,11645,252,11897
Anglade,947,11,958
Arbanats,1272,6,1278
Arcachon,11284,244,11528
Arcins,490,3,493
Arès,6308,123,6431
Arsac,3592,46,3638
Les Artigues-de-Lussac,1108,21,1129
Artigues-près-Bordeaux,8639,89,8728
Arveyres,1960,40,2000
Asques,460,9,469
Aubiac,272,11,283
Audenge,7993,112,8105
Auriolles,140,0,140
Auros,1020,14,1034
Avensan,2953,40,2993
Ayguemorte-les-Graves,1256,15,1271
Bagas,295,9,304
Baigneaux,438,4,442
Balizac,503,5,508
Barie,296,9,305
Baron,1153,16,1169
Le Barp,5506,81,5587
Barsac,2063,22,2085
Bassanne,120,5,125
Bassens,7278,58,7336
Baurech,871,6,877
Bayas,456,3,459
Bayon-sur-Gironde,704,2,706
Bazas,4772,264,5036
Beautiran,2267,38,2305
Bégadan,909,8,917
Bègles,28601,354,28955
Béguey,1187,13,1200
Belin-Béliet,5529,52,5581
Bellebat,257,1,258
Bellefond,225,6,231
Belvès-de-Castillon,333,8,341
Bernos-Beaulac,1104,23,1127
Berson,1795,31,1826
Berthez,263,7,270
Beychac-et-Caillau,2227,24,2251
Bieujac,620,8,628
Biganos,10706,117,10823
Les Billaux,1191,36,1227
Birac,231,1,232
Blaignac,287,5,292
Blaignan-Prignac,469,5,474
Blanquefort,15833,585,16418
Blasimon,906,19,925
Blaye,4835,112,4947
Blésignac,303,6,309
Bommes,465,67,532
Bonnetan,947,17,964
Bonzac,747,12,759
Bordeaux,254436,3368,257804
Bossugan,39,0,39
Bouliac,3631,70,3701
Bourdelles,93,1,94
Bourg,2243,42,2285
Bourideys,79,3,82
Le Bouscat,23824,266,24090
Brach,667,1,668
Branne,1288,17,1305
Brannens,239,4,243
Braud-et-Saint-Louis,1605,13,1618
La Brède,4280,486,4766
Brouqueyran,194,4,198
Bruges,17924,163,18087
Budos,787,14,801
Cabanac-et-Villagrains,2393,25,2418
Cabara,513,12,525
Cadarsac,357,6,363
Cadaujac,6097,62,6159
Cadillac,2789,28,2817
Cadillac-en-Fronsadais,1249,15,1264
Camarsac,1004,13,1017
Cambes,1625,17,1642
Camblanes-et-Meynac,2885,142,3027
Camiac-et-Saint-Denis,362,5,367
Camiran,412,5,417
Camps-sur-l'Isle,603,10,613
Campugnan,496,9,505
Canéjan,5539,66,5605
Capian,721,17,738
Caplong,225,7,232
Captieux,1281,22,1303
Carbon-Blanc,8091,81,8172
Carcans,2413,46,2459
Cardan,498,2,500
Carignan-de-Bordeaux,3859,40,3899
Cars,1187,21,1208
Cartelègue,1244,21,1265
Casseuil,398,4,402
Castelmoron-d'Albret,53,0,53
Castelnau-de-Médoc,4778,41,4819
Castelviel,219,12,231
Castets et Castillon,1452,18,1470
Castillon-la-Bataille,3166,36,3202
Castres-Gironde,2352,19,2371
Caudrot,1180,16,1196
Caumont,147,2,149
Cauvignac,169,4,173
Cavignac,2065,15,2080
Cazalis,236,1,237
Cazats,426,8,434
Cazaugitat,244,3,247
Cénac,1907,32,1939
Cenon,24729,246,24975
Cérons,2084,21,2105
Cessac,194,2,196
Cestas,16922,259,17181
Cézac,2571,33,2604
Chamadelle,733,4,737
Cissac-Médoc,2146,24,2170
Civrac-de-Blaye,857,20,877
Civrac-en-Médoc,692,6,698
Civrac-sur-Dordogne,223,5,228
Cleyrac,160,1,161
Coimères,1034,27,1061
Coirac,202,2,204
Comps,540,8,548
Coubeyrac,71,1,72
Couquèques,272,5,277
Courpiac,125,2,127
Cours-de-Monségur,284,4,288
Cours-les-Bains,222,4,226
Coutras,8606,156,8762
Coutures,96,4,100
Créon,4697,74,4771
Croignon,642,7,649
Cubnezais,1499,25,1524
Cubzac-les-Ponts,2466,25,2491
Cudos,802,163,965
Cursan,650,17,667
Cussac-Fort-Médoc,2240,27,2267
Daignac,476,6,482
Dardenac,85,3,88
Daubèze,153,1,154
Dieulivol,344,2,346
Donnezac,899,18,917
Donzac,118,5,123
Doulezon,265,4,269
Les Églisottes-et-Chalaures,2152,111,2263
Escaudes,153,3,156
Escoussans,299,8,307
Espiet,776,15,791
Les Esseintes,238,6,244
Étauliers,1493,15,1508
Eynesse,587,17,604
Eyrans,773,9,782
Eysines,23462,290,23752
Faleyras,424,6,430
Fargues,1652,33,1685
Fargues-Saint-Hilaire,2889,30,2919
Le Fieu,523,4,527
Flaujagues,591,9,600
Floirac,17463,91,17554
Floudès,108,3,111
Fontet,793,16,809
Fossès-et-Baleyssac,224,3,227
Fours,318,8,326
Francs,189,7,196
Fronsac,1153,34,1187
Frontenac,731,10,741
Gabarnac,365,4,369
Gaillan-en-Médoc,2323,25,2348
Gajac,380,4,384
Galgon,3014,51,3065
Gans,188,8,196
Gardegan-et-Tourtirac,281,12,293
Gauriac,748,16,764
Gauriaguet,1283,14,1297
Générac,541,11,552
Génissac,1948,34,1982
Gensac,771,10,781
Gironde-sur-Dropt,1261,24,1285
Giscos,180,3,183
Gornac,435,10,445
Goualade,91,1,92
Gours,571,3,574
Gradignan,25552,412,25964
Grayan-et-l'Hôpital,1371,19,1390
Grézillac,695,15,710
Grignols,1207,8,1215
Guillac,163,4,167
Guillos,450,6,456
Guîtres,1589,33,1622
Gujan-Mestras,21152,450,21602
Le Haillan,11018,179,11197
Haux,827,16,843
Hostens,1329,19,1348
Hourtin,3506,50,3556
Hure,513,8,521
Illats,1407,20,1427
Isle-Saint-Georges,522,3,525
Izon,5810,65,5875
Jau-Dignac-et-Loirac,973,10,983
Jugazan,298,4,302
Juillac,240,4,244
Labarde,591,2,593
Labescau,117,1,118
Lacanau,4914,71,4985
Ladaux,195,6,201
Lados,174,5,179
Lagorce,1667,16,1683
Lalande-de-Pomerol,655,15,670
Lamarque,1308,13,1321
Lamothe-Landerron,1226,40,1266
La Lande-de-Fronsac,2412,24,2436
Landerrouat,208,3,211
Landerrouet-sur-Ségur,97,0,97
Landiras,2227,37,2264
Langoiran,2152,31,2183
Langon,7375,156,7531
Lansac,739,7,746
Lanton,6912,131,7043
Lapouyade,498,10,508
Laroque,279,8,287
Lartigue,40,0,40
Laruscade,2765,20,2785
Latresne,3497,146,3643
Lavazan,227,2,229
Lège-Cap-Ferret,8409,175,8584
Léogeats,805,20,825
Léognan,10372,174,10546
Lerm-et-Musset,482,5,487
Lesparre-Médoc,5801,99,5900
Lestiac-sur-Garonne,580,8,588
Les Lèves-et-Thoumeyragues,557,10,567
Libourne,24845,555,25400
Lignan-de-Bazas,409,8,417
Lignan-de-Bordeaux,822,15,837
Ligueux,166,7,173
Listrac-de-Durèze,171,3,174
Listrac-Médoc,2764,38,2802
Lormont,23538,333,23871
Loubens,301,8,309
Louchats,724,9,733
Loupes,795,11,806
Loupiac,1112,11,1123
Loupiac-de-la-Réole,497,8,505
Lucmau,241,8,249
Ludon-Médoc,4771,41,4812
Lugaignac,479,6,485
Lugasson,295,7,302
Lugon-et-l'Île-du-Carnay,1281,23,1304
Lugos,927,20,947
Lussac,1261,38,1299
Macau,4225,24,4249
Madirac,245,4,249
Maransin,1016,10,1026
Marcenais,772,18,790
Marcheprime,4724,54,4778
Margaux-Cantenac,2965,43,3008
Margueron,397,4,401
Marimbault,186,8,194
Marions,208,2,210
Marsas,1204,22,1226
Martignas-sur-Jalle,7386,125,7511
Martillac,3067,37,3104
Martres,113,1,114
Masseilles,145,5,150
Massugas,227,6,233
Mauriac,244,5,249
Mazères,761,10,771
Mazion,525,4,529
Mérignac,70105,710,70815
Mérignas,341,4,345
Mesterrieux,222,3,225
Mios,9959,119,10078
Mombrier,423,8,431
Mongauzy,595,5,600
Monprimblanc,300,6,306
Monségur,1584,72,1656
Montagne,1524,139,1663
Montagoudin,181,4,185
Montignac,139,8,147
Montussan,3212,48,3260
Morizès,545,8,553
Mouillac,88,9,97
Mouliets-et-Villemartin,1061,15,1076
Moulis-en-Médoc,1830,33,1863
Moulon,999,18,1017
Mourens,385,8,393
Naujac-sur-Mer,1090,16,1106
Naujan-et-Postiac,580,7,587
Néac,386,12,398
Nérigean,839,15,854
Neuffons,150,4,154
Le Nizan,520,11,531
Noaillac,466,6,472
Noaillan,1679,37,1716
Omet,296,2,298
Ordonnac,510,7,517
Origne,182,2,184
Paillet,1213,25,1238
Parempuyre,8709,80,8789
Pauillac,4841,104,4945
Les Peintures,1583,19,1602
Pellegrue,1099,18,1117
Périssac,1198,17,1215
Pessac,63808,706,64514
Pessac-sur-Dordogne,449,9,458
Petit-Palais-et-Cornemps,723,11,734
Peujard,2173,27,2200
Le Pian-Médoc,6649,138,6787
Le Pian-sur-Garonne,852,17,869
Pineuilh,4394,114,4508
Plassac,885,21,906
Pleine-Selve,219,5,224
Podensac,3215,48,3263
Pomerol,607,13,620
Pompéjac,260,7,267
Pompignac,2980,51,3031
Pondaurat,470,14,484
Porchères,881,9,890
Le Porge,3185,47,3232
Porte-de-Benauge,505,8,513
Portets,2702,33,2735
Le Pout,603,7,610
Préchac,1010,11,1021
Preignac,2140,34,2174
Prignac-et-Marcamps,1379,29,1408
Pugnac,2288,31,2319
Puisseguin,856,22,878
Pujols,538,6,544
Pujols-sur-Ciron,780,15,795
Le Puy,403,4,407
Puybarban,423,6,429
Puynormand,302,7,309
Queyrac,1382,13,1395
Quinsac,2189,22,2211
Rauzan,1211,27,1238
Reignac,1599,31,1630
La Réole,4356,85,4441
Rimons,192,4,196
Riocaud,181,8,189
Rions,1556,20,1576
La Rivière,423,1,424
Roaillan,1700,29,1729
Romagne,460,16,476
Roquebrune,280,3,283
La Roquille,328,3,331
Ruch,600,10,610
Sablons,1314,16,1330
Sadirac,4244,36,4280
Saillans,403,4,407
Saint-Aignan,207,9,216
Saint-André-de-Cubzac,11464,163,11627
Saint-André-du-Bois,434,5,439
Saint-André-et-Appelles,686,12,698
Saint-Androny,551,8,559
Saint-Antoine-du-Queyret,59,2,61
Saint-Antoine-sur-l'Isle,585,7,592
Saint-Aubin-de-Blaye,821,18,839
Saint-Aubin-de-Branne,351,6,357
Saint-Aubin-de-Médoc,7362,171,7533
Saint-Avit-de-Soulège,78,3,81
Saint-Avit-Saint-Nazaire,1469,22,1491
Saint-Brice,316,7,323
Saint-Caprais-de-Bordeaux,3222,32,3254
Saint-Christoly-de-Blaye,1973,19,1992
Saint-Christoly-Médoc,283,3,286
Saint-Christophe-de-Double,732,8,740
Saint-Christophe-des-Bardes,442,7,449
Saint-Cibard,183,6,189
Saint-Ciers-d'Abzac,1446,25,1471
Saint-Ciers-de-Canesse,825,13,838
Saint-Ciers-sur-Gironde,3012,42,3054
Saint-Côme,320,4,324
Saint-Denis-de-Pile,5535,65,5600
Saint-Émilion,1874,48,1922
Saint-Estèphe,1615,51,1666
Saint-Étienne-de-Lisse,231,5,236
Saint-Exupéry,168,1,169
Saint-Félix-de-Foncaude,288,13,301
Saint-Ferme,349,5,354
Saint-Genès-de-Blaye,485,12,497
Saint-Genès-de-Castillon,393,4,397
Saint-Genès-de-Fronsac,794,8,802
Saint-Genès-de-Lombaud,391,17,408
Saint-Genis-du-Bois,89,1,90
Saint-Germain-d'Esteuil,1234,19,1253
Saint-Germain-de-Grave,166,3,169
Saint-Germain-de-la-Rivière,386,5,391
Saint-Germain-du-Puch,2156,36,2192
Saint-Gervais,1878,18,1896
Saint-Girons-d'Aiguevives,950,19,969
Saint-Hilaire-de-la-Noaille,381,7,388
Saint-Hilaire-du-Bois,78,0,78
Saint-Hippolyte,134,1,135
Saint-Jean-d'Illac,8377,153,8530
Saint-Jean-de-Blaignac,440,7,447
Saint-Julien-Beychevelle,595,1,596
Saint-Laurent-d'Arce,1449,25,1474
Saint-Laurent-des-Combes,260,1,261
Saint-Laurent-du-Bois,250,5,255
Saint-Laurent-du-Plan,92,0,92
Saint-Laurent-Médoc,4673,84,4757
Saint-Léger-de-Balson,337,5,342
Saint-Léon,339,4,343
Saint-Loubert,228,2,230
Saint-Loubès,9509,106,9615
Saint-Louis-de-Montferrand,2153,16,2169
Saint-Macaire,2076,94,2170
Saint-Magne,967,20,987
Saint-Magne-de-Castillon,1998,12,2010
Saint-Maixant,1919,49,1968
Saint-Mariens,1602,20,1622
Saint-Martial,242,5,247
Saint-Martin-de-Laye,544,5,549
Saint-Martin-de-Lerm,143,3,146
Saint-Martin-de-Sescas,589,10,599
Saint-Martin-du-Bois,862,14,876
Saint-Martin-du-Puy,183,1,184
Saint-Martin-Lacaussade,1118,100,1218
Saint-Médard-d'Eyrans,2971,33,3004
Saint-Médard-de-Guizières,2380,23,2403
Saint-Médard-en-Jalles,31145,516,31661
Saint-Michel-de-Castelnau,237,3,240
Saint-Michel-de-Fronsac,522,4,526
Saint-Michel-de-Lapujade,233,0,233
Saint-Michel-de-Rieufret,781,12,793
Saint-Morillon,1694,21,1715
Saint-Palais,505,11,516
Saint-Pardon-de-Conques,579,14,593
Saint-Paul,935,17,952
Saint-Pey-d'Armens,196,3,199
Saint-Pey-de-Castets,622,18,640
Saint-Philippe-d'Aiguille,374,5,379
Saint-Philippe-du-Seignal,476,3,479
Saint-Pierre-d'Aurillac,1321,19,1340
Saint-Pierre-de-Bat,308,6,314
Saint-Pierre-de-Mons,1198,20,1218
Saint-Quentin-de-Baron,2442,23,2465
Saint-Quentin-de-Caplong,243,4,247
Saint-Romain-la-Virvée,873,24,897
Saint-Sauveur,1312,17,1329
Saint-Sauveur-de-Puynormand,348,7,355
Saint-Savin,3208,37,3245
Saint-Selve,3026,37,3063
Saint-Seurin-de-Bourg,404,6,410
Saint-Seurin-de-Cadourne,710,12,722
Saint-Seurin-de-Cursac,774,17,791
Saint-Seurin-sur-l'Isle,3155,26,3181
Saint-Sève,254,2,256
Saint-Sulpice-de-Faleyrens,1348,30,1378
Saint-Sulpice-de-Guilleragues,229,3,232
Saint-Sulpice-de-Pommiers,225,3,228
Saint-Sulpice-et-Cameyrac,4614,67,4681
Saint-Symphorien,1837,33,1870
Saint-Trojan,342,9,351
Saint-Vincent-de-Paul,1007,10,1017
Saint-Vincent-de-Pertignas,385,7,392
Saint-Vivien-de-Blaye,356,5,361
Saint-Vivien-de-Médoc,1777,25,1802
Saint-Vivien-de-Monségur,366,6,372
Saint-Yzan-de-Soudiac,2380,23,2403
Saint-Yzans-de-Médoc,374,31,405
Sainte-Colombe,422,6,428
Sainte-Croix-du-Mont,899,13,912
Sainte-Eulalie,4631,53,4684
Sainte-Florence,149,2,151
Sainte-Foy-la-Grande,2554,30,2584
Sainte-Foy-la-Longue,122,0,122
Sainte-Gemme,186,7,193
Sainte-Hélène,2797,46,2843
Sainte-Radegonde,457,9,466
Sainte-Terre,1883,31,1914
Salaunes,1066,10,1076
Sallebœuf,2490,38,2528
Salles,7028,129,7157
Les Salles-de-Castillon,363,10,373
Samonac,426,9,435
Saucats,3056,47,3103
Saugon,475,5,480
Saumos,532,8,540
Sauternes,790,9,799
La Sauve,1483,70,1553
Sauveterre-de-Guyenne,1788,25,1813
Sauviac,327,11,338
Savignac,633,13,646
Savignac-de-l'Isle,504,9,513
Semens,206,1,207
Sendets,334,4,338
Sigalens,381,5,386
Sillas,118,2,120
Soulac-sur-Mer,2811,24,2835
Soulignac,432,8,440
Soussac,190,5,195
Soussans,1629,16,1645
Tabanac,1082,23,1105
Le Taillan-Médoc,10096,149,10245
Taillecavat,300,3,303
Talais,741,8,749
Talence,42606,968,43574
Targon,2077,24,2101
Tarnès,325,8,333
Tauriac,1289,22,1311
Tayac,133,3,136
Le Teich,7906,153,8059
Le Temple,615,5,620
La Teste-de-Buch,26078,360,26438
Teuillac,880,9,889
Tizac-de-Curton,330,5,335
Tizac-de-Lapouyade,474,9,483
Toulenne,2640,28,2668
Le Tourne,812,11,823
Tresses,4610,51,4661
Le Tuzan,278,6,284
Uzeste,430,10,440
Val-de-Livenne,1744,21,1765
Val de Virvée,3512,41,3553
Valeyrac,548,10,558
Vayres,3956,50,4006
Vendays-Montalivet,2445,39,2484
Vensac,986,18,1004
Vérac,923,14,937
Verdelais,1031,9,1040
Le Verdon-sur-Mer,1335,11,1346
Vertheuil,1286,21,1307
Vignonet,498,11,509
Villandraut,1059,25,1084
Villegouge,1263,23,1286
Villenave-d'Ornon,34090,200,34290
Villenave-de-Rions,317,3,320
Villeneuve,395,6,401
Virelade,1062,13,1075
Virsac,1112,5,1117
Yvrac,2812,24,2836
Abeilhan,1705,24,1729
Adissan,1212,26,1238
Agde,28609,414,29023
Agel,235,4,239
Agonès,265,6,271
Aigne,269,7,276
Aigues-Vives,469,7,476
Les Aires,608,12,620
Alignan-du-Vent,1737,28,1765
Aniane,2931,38,2969
Arboras,121,3,124
Argelliers,1012,25,1037
Aspiran,1648,28,1676
Assas,1520,44,1564
Assignan,162,3,165
Aumelas,526,17,543
Aumes,483,16,499
Autignac,911,15,926
Avène,287,8,295
Azillanet,365,12,377
Babeau-Bouldoux,296,6,302
Baillargues,7754,102,7856
Balaruc-le-Vieux,2628,38,2666
Balaruc-les-Bains,6751,107,6858
Bassan,2112,32,2144
Beaufort,219,4,223
Beaulieu,1946,44,1990
Bédarieux,5791,235,6026
Bélarga,632,9,641
Berlou,203,0,203
Bessan,5069,72,5141
Béziers,77177,1276,78453
Boisseron,1989,23,2012
Boisset,40,0,40
La Boissière,1021,19,1040
Le Bosc,1345,25,1370
Boujan-sur-Libron,3378,55,3433
Le Bousquet-d'Orb,1580,24,1604
Bouzigues,1655,24,1679
Brenas,53,0,53
Brignac,888,16,904
Brissac,613,14,627
Buzignargues,337,5,342
Cabrerolles,335,10,345
Cabrières,475,20,495
Cambon-et-Salvergues,48,0,48
Campagnan,674,10,684
Campagne,316,5,321
Camplong,234,3,237
Candillargues,1742,23,1765
Canet,3503,45,3548
Capestang,3233,58,3291
Carlencas-et-Levas,130,0,130
Cassagnoles,99,2,101
Castanet-le-Haut,206,3,209
Castelnau-de-Guers,1197,23,1220
Castelnau-le-Lez,20480,330,20810
Castries,6178,102,6280
La Caunette,306,6,312
Causse-de-la-Selle,392,5,397
Causses-et-Veyran,603,8,611
Caussiniojouls,130,1,131
Caux,2560,45,2605
Le Caylar,445,10,455
Cazedarnes,601,11,612
Cazevieille,185,2,187
Cazilhac,1517,40,1557
Cazouls-d'Hérault,406,11,417
Cazouls-lès-Béziers,4987,94,5081
Cébazan,616,11,627
Ceilhes-et-Rocozels,324,5,329
Celles,32,1,33
Cers,2566,41,2607
Cessenon-sur-Orb,2284,41,2325
Cesseras,392,19,411
Ceyras,1396,27,1423
Clapiers,5478,101,5579
Claret,1563,35,1598
Clermont-l'Hérault,8852,149,9001
Colombières-sur-Orb,479,14,493
Colombiers,2484,41,2525
Combaillaux,1487,41,1528
Combes,333,6,339
Corneilhan,1717,30,1747
Coulobres,360,4,364
Courniou,609,10,619
Cournonsec,3397,29,3426
Cournonterral,6110,72,6182
Creissan,1360,26,1386
Le Crès,9321,122,9443
Le Cros,55,0,55
Cruzy,988,17,1005
Dio-et-Valquières,149,5,154
Entre-Vignes,2136,44,2180
Espondeilhan,1033,30,1063
Fabrègues,7035,123,7158
Faugères,515,10,525
Félines-Minervois,478,6,484
Ferrals-les-Montagnes,170,4,174
Ferrières-les-Verreries,50,5,55
Ferrières-Poussarou,61,5,66
Florensac,5014,85,5099
Fontanès,348,9,357
Fontès,1015,18,1033
Fos,107,0,107
Fouzilhon,244,3,247
Fozières,167,10,177
Fraisse-sur-Agout,340,4,344
Frontignan,22762,184,22946
Gabian,841,19,860
Galargues,725,27,752
Ganges,4024,101,4125
Garrigues,177,4,181
Gigean,6426,80,6506
Gignac,6200,103,6303
Gorniès,127,3,130
Grabels,8430,95,8525
Graissessac,654,19,673
La Grande-Motte,8820,105,8925
Guzargues,510,12,522
Hérépian,1518,27,1545
Jacou,6791,102,6893
Joncels,313,4,317
Jonquières,476,12,488
Juvignac,11084,119,11203
Lacoste,325,11,336
Lagamas,111,4,115
Lamalou-les-Bains,2509,19,2528
Lansargues,3112,43,3155
Laroque,1624,31,1655
Lattes,16564,241,16805
Laurens,1702,29,1731
Lauret,599,18,617
Lauroux,200,2,202
Lavalette,62,0,62
Lavérune,3237,53,3290
Lespignan,3260,58,3318
Lézignan-la-Cèbe,1546,28,1574
Liausson,146,3,149
Lieuran-Cabrières,322,13,335
Lieuran-lès-Béziers,1396,26,1422
Lignan-sur-Orb,3199,84,3283
La Livinière,532,8,540
Lodève,7441,249,7690
Loupian,2160,37,2197
Lunas,668,14,682
Lunel,26239,260,26499
Lunel-Viel,3932,39,3971
Magalas,3349,51,3400
Maraussan,4414,82,4496
Margon,703,11,714
Marseillan,7778,110,7888
Marsillargues,6248,76,6324
Mas-de-Londres,671,5,676
Les Matelles,2003,41,2044
Mauguio,16919,180,17099
Maureilhan,2095,36,2131
Mérifons,43,3,46
Mèze,11587,161,11748
Minerve,121,0,121
Mireval,3283,49,3332
Mons,584,13,597
Montady,3935,72,4007
Montagnac,4336,47,4383
Montarnaud,3754,43,3797
Montaud,991,11,1002
Montbazin,2952,60,3012
Montblanc,2848,51,2899
Montels,252,4,256
Montesquieu,70,0,70
Montferrier-sur-Lez,3720,161,3881
Montouliers,212,5,217
Montoulieu,161,4,165
Montpellier,285121,3479,288600
Montpeyroux,1340,25,1365
Moulès-et-Baucels,877,26,903
Mourèze,197,5,202
Mudaison,2593,27,2620
Murles,308,10,318
Murviel-lès-Béziers,3075,53,3128
Murviel-lès-Montpellier,1883,30,1913
Nébian,1388,21,1409
Neffiès,1056,16,1072
Nézignan-l'Évêque,1820,29,1849
Nissan-lez-Enserune,3995,60,4055
Nizas,670,15,685
Notre-Dame-de-Londres,480,13,493
Octon,527,4,531
Olargues,679,14,693
Olmet-et-Villecun,180,4,184
Olonzac,1770,21,1791
Oupia,245,7,252
Pailhès,570,4,574
Palavas-les-Flots,5977,43,6020
Pardailhan,183,6,189
Paulhan,3937,49,3986
Pégairolles-de-Buèges,50,1,51
Pégairolles-de-l'Escalette,159,5,164
Péret,1020,18,1038
Pérols,8985,123,9108
Pézenas,8280,334,8614
Pézènes-les-Mines,241,6,247
Pierrerue,292,7,299
Pignan,7019,95,7114
Pinet,1745,37,1782
Plaissan,1196,16,1212
Les Plans,279,10,289
Poilhes,559,11,570
Pomérols,2293,45,2338
Popian,350,14,364
Portiragnes,3134,60,3194
Le Pouget,2054,46,2100
Le Poujol-sur-Orb,1083,20,1103
Poujols,164,1,165
Poussan,5972,79,6051
Pouzolles,1171,19,1190
Pouzols,967,21,988
Le Pradal,332,9,341
Prades-le-Lez,5467,104,5571
Prades-sur-Vernazobre,310,8,318
Prémian,518,7,525
Le Puech,242,5,247
Puéchabon,485,5,490
Puilacher,578,4,582
Puimisson,1077,22,1099
Puissalicon,1353,22,1375
Puisserguier,2912,52,2964
Quarante,1767,26,1793
Restinclières,1888,26,1914
Rieussec,66,2,68
Riols,767,23,790
Les Rives,144,4,148
Romiguières,23,2,25
Roquebrun,605,10,615
Roqueredonde,209,1,210
Roquessels,104,1,105
Rosis,287,5,292
Rouet,65,0,65
Roujan,2158,28,2186
Saint-André-de-Buèges,39,1,40
Saint-André-de-Sangonis,5927,86,6013
Saint-Aunès,3439,31,3470
Saint-Bauzille-de-la-Sylve,812,18,830
Saint-Bauzille-de-Montmel,1022,24,1046
Saint-Bauzille-de-Putois,1977,31,2008
Saint-Brès,2948,39,2987
Saint-Chinian,1677,36,1713
Saint-Clément-de-Rivière,4877,236,5113
Saint-Drézéry,2526,49,2575
Saint-Étienne-d'Albagnan,306,7,313
Saint-Étienne-de-Gourgas,494,16,510
Saint-Étienne-Estréchoux,260,5,265
Saint-Félix-de-l'Héras,34,1,35
Saint-Félix-de-Lodez,1169,32,1201
Saint-Gély-du-Fesc,9795,236,10031
Saint-Geniès-de-Fontedit,1593,29,1622
Saint-Geniès-de-Varensal,209,2,211
Saint-Geniès-des-Mourgues,1876,31,1907
Saint-Georges-d'Orques,5397,76,5473
Saint-Gervais-sur-Mare,858,17,875
Saint-Guilhem-le-Désert,253,9,262
Saint-Guiraud,221,0,221
Saint-Hilaire-de-Beauvoir,420,14,434
Saint-Jean-de-Buèges,197,0,197
Saint-Jean-de-Cornies,721,22,743
Saint-Jean-de-Cuculles,483,7,490
Saint-Jean-de-Fos,1696,32,1728
Saint-Jean-de-la-Blaquière,627,16,643
Saint-Jean-de-Minervois,148,6,154
Saint-Jean-de-Védas,10008,182,10190
Saint-Julien,220,3,223
Saint-Just,3255,43,3298
Saint-Martin-de-l'Arçon,139,5,144
Saint-Martin-de-Londres,2755,26,2781
Saint-Mathieu-de-Tréviers,4790,93,4883
Saint-Maurice-Navacelles,183,6,189
Saint-Michel,48,1,49
Saint-Nazaire-de-Ladarez,354,4,358
Saint-Nazaire-de-Pézan,626,7,633
Saint-Pargoire,2276,37,2313
Saint-Paul-et-Valmalle,1124,20,1144
Saint-Pierre-de-la-Fage,130,1,131
Saint-Pons-de-Mauchiens,659,11,670
Saint-Pons-de-Thomières,1885,175,2060
Saint-Privat,404,12,416
Saint-Saturnin-de-Lucian,276,7,283
Saint-Sériès,983,21,1004
Saint-Thibéry,2665,34,2699
Saint-Vincent-d'Olargues,357,23,380
Saint-Vincent-de-Barbeyrargues,666,9,675
Sainte-Croix-de-Quintillargues,902,16,918
Salasc,301,6,307
La Salvetat-sur-Agout,1141,21,1162
Saturargues,971,19,990
Saussan,1588,32,1620
Saussines,1033,22,1055
Sauteyrargues,410,8,418
Sauvian,5353,94,5447
Sérignan,6956,149,7105
Servian,4937,85,5022
Sète,43229,567,43796
Siran,733,8,741
Sorbs,35,0,35
Soubès,931,13,944
Le Soulié,130,0,130
Soumont,184,2,186
Sussargues,2751,55,2806
Taussac-la-Billière,446,11,457
Teyran,4586,106,4692
Thézan-lès-Béziers,2987,73,3060
La Tour-sur-Orb,1273,31,1304
Tourbes,1621,156,1777
Tressan,659,11,670
Le Triadou,462,16,478
Usclas-d'Hérault,418,5,423
Usclas-du-Bosc,218,2,220
La Vacquerie-et-Saint-Martin-de-Castries,190,7,197
Vacquières,651,11,662
Vailhan,158,5,163
Vailhauquès,2553,54,2607
Valergues,2071,28,2099
Valflaunès,763,24,787
Valmascle,40,1,41
Valras-Plage,4207,58,4265
Valros,1616,31,1647
Vélieux,86,0,86
Vendargues,6232,83,6315
Vendémian,1056,30,1086
Vendres,2702,79,2781
Verreries-de-Moussans,97,1,98
Vias,5719,67,5786
Vic-la-Gardiole,3261,35,3296
Vieussan,266,0,266
Villemagne-l'Argentière,433,12,445
Villeneuve-lès-Béziers,4207,53,4260
Villeneuve-lès-Maguelone,10012,120,10132
Villeneuvette,71,3,74
Villespassans,171,2,173
Villetelle,1433,41,1474
Villeveyrac,3795,67,3862
Viols-en-Laval,199,4,203
Viols-le-Fort,1211,28,1239
Acigné,6740,159,6899
Amanlis,1719,35,1754
Andouillé-Neuville,886,12,898
Arbrissel,306,12,318
Argentré-du-Plessis,4396,125,4521
Aubigné,474,2,476
Availles-sur-Seiche,684,18,702
Baguer-Morvan,1705,33,1738
Baguer-Pican,1681,13,1694
Bain-de-Bretagne,7331,165,7496
Bains-sur-Oust,3478,131,3609
Bais,2419,32,2451
Balazé,2228,48,2276
Baulon,2160,64,2224
La Baussaine,667,10,677
La Bazouge-du-Désert,1087,22,1109
Bazouges-la-Pérouse,1808,25,1833
Beaucé,1365,29,1394
Bécherel,669,11,680
Bédée,4308,71,4379
Betton,11735,292,12027
Billé,1052,14,1066
Bléruais,107,6,113
Boisgervilly,1664,33,1697
Boistrudan,710,14,724
Bonnemain,1566,20,1586
La Bosse-de-Bretagne,649,9,658
La Bouëxière,4447,112,4559
Bourg-des-Comptes,3264,68,3332
Bourgbarré,4132,56,4188
La Boussac,1181,23,1204
Bovel,605,10,615
Bréal-sous-Montfort,6131,79,6210
Bréal-sous-Vitré,646,9,655
Brécé,2106,43,2149
Breteil,3584,76,3660
Brie,950,16,966
Brielles,687,30,717
Broualan,373,9,382
Bruc-sur-Aff,863,22,885
Les Brulais,553,4,557
Bruz,18266,468,18734
Cancale,5121,90,5211
Cardroc,574,9,583
Cesson-Sévigné,17526,544,18070
Champeaux,504,16,520
Chanteloup,1815,43,1858
Chantepie,10435,218,10653
La Chapelle-aux-Filtzméens,815,19,834
La Chapelle-Bouëxic,1475,27,1502
La Chapelle-Chaussée,1271,15,1286
La Chapelle-de-Brain,969,23,992
La Chapelle-des-Fougeretz,4773,96,4869
La Chapelle du Lou du Lac,1003,19,1022
La Chapelle-Erbrée,698,17,715
La Chapelle-Janson,1450,27,1477
La Chapelle-Saint-Aubert,439,7,446
La Chapelle-Thouarault,2170,33,2203
Chartres-de-Bretagne,7800,126,7926
Chasné-sur-Illet,1537,27,1564
Châteaubourg,7064,146,7210
Châteaugiron,9966,253,10219
Châteauneuf-d'Ille-et-Vilaine,1722,30,1752
Le Châtellier,427,6,433
Châtillon-en-Vendelais,1679,35,1714
Chauvigné,845,20,865
Chavagne,4015,78,4093
Chelun,349,11,360
Cherrueix,1110,19,1129
Chevaigné,2265,67,2332
Cintré,2278,42,2320
Clayes,904,13,917
Coësmes,1474,34,1508
Comblessac,689,11,700
Combourg,5940,135,6075
Combourtillé,611,8,619
Cornillé,966,32,998
Corps-Nuds,3296,56,3352
La Couyère,479,12,491
Crevin,2828,39,2867
Le Crouais,574,7,581
Cuguen,839,10,849
Dinard,10027,545,10572
Dingé,1636,24,1660
Dol-de-Bretagne,5693,265,5958
Domagné,2305,42,2347
Domalain,2018,38,2056
La Dominelais,1377,26,1403
Domloup,3522,64,3586
Dourdain,1159,11,1170
Drouges,519,14,533
Eancé,403,9,412
Epiniac,1426,24,1450
Erbrée,1702,52,1754
Ercé-en-Lamée,1497,14,1511
Ercé-près-Liffré,1808,32,1840
Essé,1093,25,1118
Étrelles,2543,58,2601
Feins,977,19,996
Le Ferré,687,8,695
Fleurigné,974,26,1000
Forges-la-Forêt,265,6,271
Fougères,20418,680,21098
La Fresnais,2541,53,2594
Gaël,1634,25,1659
Gahard,1467,23,1490
Gennes-sur-Seiche,950,21,971
Gévezé,5301,102,5403
Gosné,1991,36,2027
La Gouesnière,1893,38,1931
Goven,4363,96,4459
Grand-Fougeray,2445,38,2483
La Guerche-de-Bretagne,4243,147,4390
Guichen,8568,198,8766
Guignen,3902,70,3972
Guipel,1696,38,1734
Guipry-Messac,6961,149,7110
Hédé-Bazouges,2247,53,2300
L' Hermitage,4437,80,4517
Hirel,1392,36,1428
Iffendic,4469,92,4561
Les Iffs,272,12,284
Irodouër,2262,27,2289
Janzé,8279,155,8434
Javené,2067,69,2136
Laignelet,1163,27,1190
Laillé,5026,143,5169
Lalleu,567,11,578
Landavran,692,21,713
Landéan,1205,20,1225
Landujan,934,31,965
Langan,979,19,998
Langon,1421,26,1447
Langouet,601,2,603
Lanrigan,152,0,152
Lassy,1702,38,1740
Lécousse,3233,103,3336
Lieuron,785,15,800
Liffré,7609,139,7748
Lillemer,358,10,368
Livré-sur-Changeon,1700,41,1741
Lohéac,649,15,664
Longaulnay,616,10,626
Le Loroux,653,15,668
Lourmais,326,2,328
Loutehel,258,5,263
Louvigné-de-Bais,1899,35,1934
Louvigné-du-Désert,3374,57,3431
Luitré-Dompierre,1851,30,1881
Maen Roch,4850,94,4944
Marcillé-Raoul,766,11,777
Marcillé-Robert,959,21,980
Marpiré,1053,17,1070
Martigné-Ferchaud,2603,65,2668
Maxent,1466,17,1483
Mecé,608,12,620
Médréac,1827,48,1875
Meillac,1848,29,1877
Melesse,6576,100,6676
Mellé,651,11,662
Mernel,1034,16,1050
Mesnil-Roc'h,4301,76,4377
La Mézière,4892,122,5014
Mézières-sur-Couesnon,1752,32,1784
Miniac-Morvan,3931,51,3982
Miniac-sous-Bécherel,774,16,790
Le Minihic-sur-Rance,1449,33,1482
Mondevert,819,21,840
Mont-Dol,1093,38,1131
Montauban-de-Bretagne,5840,242,6082
Montautour,264,6,270
Monterfil,1327,28,1355
Montfort-sur-Meu,6653,170,6823
Montgermont,3364,61,3425
Monthault,265,8,273
Montreuil-des-Landes,240,3,243
Montreuil-le-Gast,1936,43,1979
Montreuil-sous-Pérouse,1015,32,1047
Montreuil-sur-Ille,2383,35,2418
Mordelles,7363,139,7502
Mouazé,1586,18,1604
Moulins,716,24,740
Moussé,336,9,345
Moutiers,929,16,945
Muel,894,9,903
La Noë-Blanche,1002,9,1011
La Nouaye,357,5,362
Nouvoitou,3099,57,3156
Noyal-Châtillon-sur-Seiche,6919,125,7044
Noyal-sous-Bazouges,385,8,393
Noyal-sur-Vilaine,6008,146,6154
Orgères,4729,114,4843
Pacé,11739,297,12036
Paimpont,1711,38,1749
Pancé,1171,30,1201
Parcé,650,2,652
Parigné,1336,41,1377
Parthenay-de-Bretagne,1748,12,1760
Le Pertre,1389,30,1419
Le Petit-Fougeray,894,20,914
Pipriac,3745,55,3800
Piré-Chancé,2901,63,2964
Pléchâtel,2789,52,2841
Pleine-Fougères,1980,34,2014
Plélan-le-Grand,3949,73,4022
Plerguer,2722,49,2771
Plesder,790,16,806
Pleugueneuc,1903,25,1928
Pleumeleuc,3329,46,3375
Pleurtuit,6806,123,6929
Pocé-les-Bois,1293,51,1344
Poilley,378,4,382
Poligné,1201,31,1232
Pont-Péan,4463,129,4592
Les Portes du Coglais,2391,47,2438
Princé,380,5,385
Québriac,1579,37,1616
Quédillac,1186,21,1207
Rannée,1094,47,1141
Redon,9014,796,9810
Renac,1009,25,1034
Rennes,216815,4110,220925
Retiers,4357,94,4451
Le Rheu,8740,287,9027
La Richardais,2295,80,2375
Rimou,336,4,340
Rives-du-Couesnon,2858,53,2911
Romagné,2404,53,2457
Romazy,254,3,257
Romillé,3905,72,3977
Roz-Landrieux,1340,27,1367
Roz-sur-Couesnon,1003,12,1015
Sains,483,7,490
Saint-Armel,1981,35,2016
Saint-Aubin-d'Aubigné,3796,82,3878
Saint-Aubin-des-Landes,948,23,971
Saint-Aubin-du-Cormier,3837,161,3998
Saint-Benoît-des-Ondes,994,29,1023
Saint-Briac-sur-Mer,2070,62,2132
Saint-Brieuc-des-Iffs,340,9,349
Saint-Broladre,1132,22,1154
Saint-Christophe-de-Valains,225,2,227
Saint-Christophe-des-Bois,574,5,579
Saint-Coulomb,2707,84,2791
Saint-Didier,2052,27,2079
Saint-Domineuc,2532,49,2581
Saint-Erblon,3078,69,3147
Saint-Ganton,424,10,434
Saint-Georges-de-Gréhaigne,370,4,374
Saint-Georges-de-Reintembault,1498,25,1523
Saint-Germain-du-Pinel,915,15,930
Saint-Germain-en-Coglès,2051,30,2081
Saint-Germain-sur-Ille,925,14,939
Saint-Gilles,4984,82,5066
Saint-Gondran,537,11,548
Saint-Gonlay,354,5,359
Saint-Grégoire,9639,368,10007
Saint-Guinoux,1210,24,1234
Saint-Hilaire-des-Landes,1038,21,1059
Saint-Jacques-de-la-Lande,13087,152,13239
Saint-Jean-sur-Vilaine,1266,32,1298
Saint-Jouan-des-Guérets,2646,69,2715
Saint-Just,1065,26,1091
Saint-Léger-des-Prés,264,9,273
Saint-Lunaire,2356,83,2439
Saint-M'Hervé,1356,39,1395
Saint-Malo,46097,1265,47362
Saint-Malo-de-Phily,1084,19,1103
Saint-Malon-sur-Mel,576,12,588
Saint-Marc-le-Blanc,1689,24,1713
Saint-Marcan,448,9,457
Saint-Maugan,544,11,555
Saint-Médard-sur-Ille,1287,22,1309
Saint-Méen-le-Grand,4635,173,4808
Saint-Méloir-des-Ondes,4086,102,4188
Saint-Onen-la-Chapelle,1143,25,1168
Saint-Ouen-des-Alleux,1296,22,1318
Saint-Péran,410,8,418
Saint-Père-Marc-en-Poulet,2298,154,2452
Saint-Pern,1033,18,1051
Saint-Rémy-du-Plain,828,13,841
Saint-Sauveur-des-Landes,1511,26,1537
Saint-Séglin,566,6,572
Saint-Senoux,1840,48,1888
Saint-Suliac,907,29,936
Saint-Sulpice-des-Landes,809,9,818
Saint-Sulpice-la-Forêt,1332,38,1370
Saint-Symphorien,603,61,664
Saint-Thual,915,20,935
Saint-Thurial,2084,43,2127
Saint-Uniac,537,5,542
Sainte-Anne-sur-Vilaine,1018,14,1032
Sainte-Colombe,351,6,357
Sainte-Marie,2249,64,2313
Saulnières,773,10,783
Le Sel-de-Bretagne,1106,18,1124
La Selle-en-Luitré,613,16,629
La Selle-Guerchaise,154,7,161
Sens-de-Bretagne,2554,40,2594
Servon-sur-Vilaine,3676,85,3761
Sixt-sur-Aff,2129,44,2173
Sougéal,570,11,581
Taillis,1001,26,1027
Talensac,2488,54,2542
Teillay,1061,12,1073
Le Theil-de-Bretagne,1734,33,1767
Thorigné-Fouillard,8463,210,8673
Thourie,802,18,820
Le Tiercent,174,3,177
Tinténiac,3635,174,3809
Torcé,1187,25,1212
Trans-la-Forêt,583,4,587
Treffendel,1257,24,1281
Trémeheuc,343,12,355
Tresbœuf,1255,20,1275
Trévérien,884,23,907
Trimer,214,0,214
Le Tronchet,1161,8,1169
Val-Couesnon,4191,94,4285
Val d'Anast,3980,77,4057
Val-d'Izé,2590,58,2648
Vergéal,804,24,828
Le Verger,1445,24,1469
Vern-sur-Seiche,7911,195,8106
Vezin-le-Coquet,5727,102,5829
Vieux-Viel,315,2,317
Vieux-Vy-sur-Couesnon,1216,6,1222
Vignoc,1910,24,1934
Villamée,313,6,319
La Ville-ès-Nonais,1203,33,1236
Visseiche,823,17,840
Vitré,18037,539,18576
Le Vivier-sur-Mer,1039,10,1049
Aigurande,1428,29,1457
Aize,116,0,116
Ambrault,894,20,914
Anjouin,331,3,334
Ardentes,3860,85,3945
Argenton-sur-Creuse,4927,213,5140
Argy,603,8,611
Arpheuilles,223,9,232
Arthon,1250,46,1296
Azay-le-Ferron,862,19,881
Badecon-le-Pin,751,10,761
Bagneux,174,2,176
Baraize,351,1,352
Baudres,438,6,444
Bazaiges,205,6,211
Beaulieu,55,1,56
Bélâbre,968,21,989
La Berthenoux,397,5,402
Le Blanc,6389,222,6611
Bommiers,305,5,310
Bonneuil,79,1,80
Les Bordes,895,20,915
Bouesse,439,4,443
Bouges-le-Château,266,5,271
Bretagne,147,1,148
Briantes,605,11,616
Brion,572,8,580
Brives,258,2,260
La Buxerette,109,2,111
Buxeuil,222,3,225
Buxières-d'Aillac,256,4,260
Buzançais,4505,75,4580
Ceaulmont,727,20,747
Celon,407,4,411
Chabris,2750,43,2793
Chaillac,1095,13,1108
Chalais,140,6,146
La Champenoise,268,6,274
Champillet,153,2,155
La Chapelle-Orthemale,111,0,111
La Chapelle-Saint-Laurian,148,2,150
Chasseneuil,702,11,713
Chassignolles,568,23,591
Châteauroux,43741,1577,45318
Châtillon-sur-Indre,2567,55,2622
La Châtre,4109,120,4229
La Châtre-Langlin,521,8,529
Chavin,271,9,280
Chazelet,122,2,124
Chezelles,476,9,485
Chitray,182,5,187
Chouday,153,2,155
Ciron,572,11,583
Cléré-du-Bois,246,8,254
Clion,1023,21,1044
Cluis,996,15,1011
Coings,880,24,904
Concremiers,649,18,667
Condé,238,10,248
Crevant,718,14,732
Crozon-sur-Vauvre,340,11,351
Cuzion,441,6,447
Déols,7513,152,7665
Diors,785,22,807
Diou,256,5,261
Douadic,445,14,459
Dun-le-Poëlier,426,6,432
Dunet,101,3,104
Écueillé,1261,21,1282
Éguzon-Chantôme,1384,31,1415
Étrechet,1008,24,1032
Feusines,211,5,216
Fléré-la-Rivière,552,9,561
Fontenay,88,1,89
Fontgombault,249,3,252
Fontguenand,238,3,241
Fougerolles,350,6,356
Francillon,78,1,79
Frédille,71,2,73
Gargilesse-Dampierre,285,9,294
Gehée,255,0,255
Giroux,116,3,119
Gournay,290,2,292
Guilly,244,6,250
Heugnes,394,8,402
Ingrandes,317,5,322
Issoudun,11905,294,12199
Jeu-les-Bois,394,6,400
Jeu-Maloches,127,1,128
Lacs,653,19,672
Langé,285,8,293
Levroux,2947,36,2983
Lignac,459,7,466
Lignerolles,101,2,103
Lingé,229,3,232
Liniez,325,9,334
Lizeray,82,1,83
Lourdoueix-Saint-Michel,315,5,320
Lourouer-Saint-Laurent,270,6,276
Luant,1504,39,1543
Lurais,249,3,252
Lureuil,263,3,266
Luzeret,153,1,154
Luçay-le-Libre,99,6,105
Luçay-le-Mâle,1366,9,1375
Lye,740,13,753
Lys-Saint-Georges,221,2,223
Le Magny,1085,20,1105
Maillet,263,6,269
Malicornay,195,3,198
Mâron,762,18,780
Martizay,952,20,972
Mauvières,310,8,318
Menetou-sur-Nahon,118,2,120
Ménétréols-sous-Vatan,118,1,119
Le Menoux,430,7,437
Méobecq,374,2,376
Mérigny,537,13,550
Mers-sur-Indre,653,10,663
Meunet-Planches,174,6,180
Meunet-sur-Vatan,194,2,196
Mézières-en-Brenne,1001,20,1021
Migné,275,11,286
Migny,129,6,135
Montchevrier,451,5,456
Montgivray,1600,37,1637
Montierchaume,1643,166,1809
Montipouret,556,14,570
Montlevicq,115,1,116
Mosnay,474,7,481
La Motte-Feuilly,58,3,61
Mouhers,229,5,234
Mouhet,414,14,428
Moulins-sur-Céphons,293,6,299
Murs,127,3,130
Néons-sur-Creuse,381,16,397
Néret,191,7,198
Neuillay-les-Bois,659,16,675
Neuvy-Pailloux,1196,20,1216
Neuvy-Saint-Sépulchre,1653,38,1691
Niherne,1586,32,1618
Nohant-Vic,450,14,464
Nuret-le-Ferron,305,7,312
Obterre,191,3,194
Orsennes,758,9,767
Orville,138,3,141
Oulches,409,3,412
Palluau-sur-Indre,789,12,801
Parnac,501,13,514
Paudy,452,3,455
Paulnay,323,7,330
Le Pêchereau,1863,40,1903
Pellevoisin,758,58,816
Pérassay,362,2,364
La Pérouille,457,13,470
Le Poinçonnet,5851,170,6021
Pommiers,224,6,230
Le Pont-Chrétien-Chabenet,925,11,936
Poulaines,845,20,865
Pouligny-Notre-Dame,720,3,723
Pouligny-Saint-Martin,222,4,226
Pouligny-Saint-Pierre,1069,28,1097
Préaux,161,1,162
Preuilly-la-Ville,162,4,166
Prissac,613,15,628
Pruniers,515,10,525
Reboursin,109,1,110
Reuilly,2025,39,2064
Rivarennes,566,5,571
Rosnay,519,13,532
Roussines,360,11,371
Rouvres-les-Bois,286,3,289
Ruffec,589,8,597
Sacierges-Saint-Martin,318,6,324
Saint-Aigny,282,12,294
Saint-Aoustrille,227,0,227
Saint-Août,836,14,850
Saint-Aubin,180,4,184
Saint-Benoît-du-Sault,602,20,622
Saint-Chartier,510,8,518
Saint-Christophe-en-Bazelle,379,3,382
Saint-Christophe-en-Boucherie,257,3,260
Saint-Civran,140,2,142
Saint-Cyran-du-Jambot,216,149,365
Saint-Denis-de-Jouhet,971,12,983
Saint-Florentin,534,7,541
Saint-Gaultier,1833,23,1856
Saint-Genou,971,16,987
Saint-Georges-sur-Arnon,575,14,589
Saint-Gilles,110,1,111
Saint-Hilaire-sur-Benaize,302,8,310
Saint-Lactencin,423,14,437
Saint-Marcel,1585,19,1604
Saint-Maur,3642,75,3717
Saint-Médard,48,0,48
Saint-Michel-en-Brenne,323,7,330
Saint-Pierre-de-Jards,122,2,124
Saint-Plantaire,616,14,630
Saint-Valentin,279,11,290
Sainte-Fauste,274,1,275
Sainte-Gemme,262,8,270
Sainte-Lizaigne,1176,24,1200
Sainte-Sévère-sur-Indre,776,13,789
Sarzay,307,11,318
Sassierges-Saint-Germain,477,8,485
Saulnay,157,3,160
Sauzelles,245,4,249
Sazeray,302,10,312
Ségry,504,13,517
Selles-sur-Nahon,70,2,72
Sembleçay,101,3,104
Sougé,143,5,148
Tendu,648,7,655
Thenay,891,19,910
Thevet-Saint-Julien,389,8,397
Thizay,232,7,239
Tilly,137,4,141
Tournon-Saint-Martin,1159,25,1184
Le Tranger,176,1,177
Tranzault,352,1,353
Urciers,250,3,253
Val-Fouzon,996,10,1006
Valençay,2367,108,2475
Vatan,1988,41,2029
Velles,985,21,1006
Vendœuvres,1064,16,1080
La Vernelle,748,7,755
Verneuil-sur-Igneraie,309,9,318
Veuil,376,8,384
Vicq-Exemplet,319,4,323
Vicq-sur-Nahon,729,19,748
Vigoulant,102,3,105
Vigoux,461,5,466
Vijon,303,4,307
Villedieu-sur-Indre,2697,48,2745
Villegongis,113,1,114
Villegouin,331,5,336
Villentrois-Faverolles-en-Berry,892,7,899
Villiers,170,2,172
Vineuil,1228,22,1250
Vouillon,234,3,237
Abilly,1151,19,1170
Ambillou,1786,29,1815
Amboise,12610,371,12981
Anché,416,11,427
Antogny-le-Tillac,510,5,515
Artannes-sur-Indre,2628,41,2669
Assay,166,4,170
Athée-sur-Cher,2673,37,2710
Autrèche,427,4,431
Auzouer-en-Touraine,2216,69,2285
Avoine,1743,37,1780
Avon-les-Roches,548,3,551
Avrillé-les-Ponceaux,481,9,490
Azay-le-Rideau,3491,98,3589
Azay-sur-Cher,3082,68,3150
Azay-sur-Indre,385,12,397
Ballan-Miré,7975,134,8109
Barrou,470,10,480
Beaulieu-lès-Loches,1767,36,1803
Beaumont-en-Véron,2699,124,2823
Beaumont-Louestault,1684,18,1702
Beaumont-Village,259,4,263
Benais,922,30,952
Berthenay,708,6,714
Betz-le-Château,571,8,579
Bléré,5272,72,5344
Bossay-sur-Claise,758,22,780
Bossée,330,5,335
Le Boulay,793,7,800
Bourgueil,3923,76,3999
Bournan,272,7,279
Boussay,218,6,224
Braslou,306,7,313
Braye-sous-Faye,310,6,316
Braye-sur-Maulne,172,5,177
Brèches,248,4,252
Bréhémont,769,7,776
Bridoré,524,10,534
Brizay,280,10,290
Bueil-en-Touraine,319,9,328
Candes-Saint-Martin,199,3,202
Cangey,1062,24,1086
La Celle-Guenand,372,5,377
La Celle-Saint-Avant,1080,24,1104
Céré-la-Ronde,459,3,462
Cerelles,1198,26,1224
Chambon,321,5,326
Chambourg-sur-Indre,1291,25,1316
Chambray-lès-Tours,11578,270,11848
Champigny-sur-Veude,851,8,859
Chanceaux-près-Loches,129,8,137
Chanceaux-sur-Choisille,3515,48,3563
Channay-sur-Lathan,841,14,855
Chançay,1137,19,1156
La Chapelle-aux-Naux,571,8,579
La Chapelle-Blanche-Saint-Martin,685,14,699
La Chapelle-sur-Loire,1433,28,1461
Charentilly,1257,30,1287
Chargé,1304,26,1330
Charnizay,502,17,519
Château-la-Vallière,1780,16,1796
Château-Renault,5001,79,5080
Chaumussay,226,7,233
Chaveignes,552,5,557
Chédigny,558,6,564
Cheillé,1801,21,1822
Chemillé-sur-Dême,719,9,728
Chemillé-sur-Indrois,222,8,230
Chenonceaux,351,5,356
Chezelles,133,2,135
Chinon,8242,325,8567
Chisseaux,598,15,613
Chouzé-sur-Loire,2081,24,2105
Cigogné,434,5,439
Cinais,423,14,437
Cinq-Mars-la-Pile,3566,48,3614
Ciran,414,8,422
Civray-de-Touraine,1840,45,1885
Civray-sur-Esves,202,3,205
Cléré-les-Pins,1410,21,1431
Continvoir,412,6,418
Cormery,1780,25,1805
Coteaux-sur-Loire,1926,22,1948
Couesmes,501,6,507
Courcelles-de-Touraine,494,7,501
Courcoué,255,9,264
Courçay,807,21,828
Couziers,112,1,113
Cravant-les-Côteaux,672,18,690
Crissay-sur-Manse,99,2,101
La Croix-en-Touraine,2294,60,2354
Crotelles,691,6,697
Crouzilles,531,6,537
Cussay,570,17,587
Dame-Marie-les-Bois,352,7,359
Descartes,3489,65,3554
Dierre,608,10,618
Dolus-le-Sec,671,25,696
Draché,745,19,764
Druye,950,12,962
Épeigné-les-Bois,423,7,430
Épeigné-sur-Dême,159,2,161
Esves-le-Moutier,144,2,146
Esvres,6010,110,6120
Faye-la-Vineuse,253,5,258
La Ferrière,310,6,316
Ferrière-Larçon,247,5,252
Ferrière-sur-Beaulieu,734,18,752
Fondettes,10307,492,10799
Francueil,1377,33,1410
Genillé,1521,17,1538
Gizeux,390,6,396
Le Grand-Pressigny,916,19,935
La Guerche,180,1,181
Les Hermites,562,16,578
Hommes,886,8,894
Huismes,1475,37,1512
L' Île-Bouchard,1553,35,1588
Jaulnay,258,4,262
Joué-lès-Tours,37893,447,38340
Langeais,4666,52,4718
Larçay,2462,40,2502
Lémeré,518,2,520
Lerné,296,10,306
Le Liège,364,9,373
Lignières-de-Touraine,1308,19,1327
Ligré,1065,21,1086
Ligueil,2188,38,2226
Limeray,1308,24,1332
Loché-sur-Indrois,506,9,515
Loches,6277,560,6837
Louans,648,13,661
Le Louroux,531,3,534
Lublé,144,4,148
Lussault-sur-Loire,789,15,804
Luynes,5097,145,5242
Luzé,250,5,255
Luzillé,983,15,998
Maillé,578,5,583
Manthelan,1363,29,1392
Marcé-sur-Esves,242,1,243
Marcilly-sur-Maulne,230,5,235
Marcilly-sur-Vienne,554,10,564
Marigny-Marmande,595,6,601
Marray,471,7,478
Marçay,519,6,525
Mazières-de-Touraine,1331,14,1345
La Membrolle-sur-Choisille,3324,62,3386
Mettray,2068,75,2143
Monnaie,4439,50,4489
Montbazon,4313,86,4399
Monthodon,631,7,638
Montlouis-sur-Loire,10666,151,10817
Montrésor,341,5,346
Montreuil-en-Touraine,832,14,846
Monts,7794,141,7935
Morand,347,6,353
Mosnes,804,12,816
Mouzay,474,17,491
Nazelles-Négron,3532,58,3590
Neuil,440,5,445
Neuillé-le-Lierre,794,7,801
Neuillé-Pont-Pierre,2004,37,2041
Neuilly-le-Brignon,300,9,309
Neuville-sur-Brenne,899,27,926
Neuvy-le-Roi,1078,58,1136
Noizay,1139,19,1158
Notre-Dame-d'Oé,4125,80,4205
Nouans-les-Fontaines,750,9,759
Nouâtre,823,13,836
Nouzilly,1250,30,1280
Noyant-de-Touraine,1215,60,1275
Orbigny,732,15,747
Panzoult,595,4,599
Parçay-Meslay,2369,29,2398
Parçay-sur-Vienne,644,6,650
Paulmy,233,10,243
Pernay,1349,13,1362
Perrusson,1486,28,1514
Le Petit-Pressigny,336,7,343
Pocé-sur-Cisse,1639,73,1712
Pont-de-Ruan,1189,12,1201
Ports,359,7,366
Pouzay,878,7,885
Preuilly-sur-Claise,1003,22,1025
Pussigny,168,4,172
Razines,236,6,242
Reignac-sur-Indre,1238,18,1256
Restigné,1226,26,1252
Reugny,1690,33,1723
La Riche,10448,95,10543
Richelieu,1716,20,1736
Rigny-Ussé,501,13,514
Rillé,306,8,314
Rilly-sur-Vienne,489,9,498
Rivarennes,1004,12,1016
Rivière,696,17,713
La Roche-Clermault,518,11,529
Rochecorbon,3146,91,3237
Rouziers-de-Touraine,1317,22,1339
Saché,1392,19,1411
Saint-Antoine-du-Rocher,1720,37,1757
Saint-Aubin-le-Dépeint,315,2,317
Saint-Avertin,15025,315,15340
Saint-Benoît-la-Forêt,851,17,868
Saint-Branchs,2607,31,2638
Saint-Christophe-sur-le-Nais,1127,16,1143
Saint-Cyr-sur-Loire,15960,356,16316
Saint-Épain,1572,24,1596
Saint-Étienne-de-Chigny,1606,19,1625
Saint-Flovier,566,8,574
Saint-Genouph,1050,17,1067
Saint-Germain-sur-Vienne,375,4,379
Saint-Hippolyte,646,8,654
Saint-Jean-Saint-Germain,762,27,789
Saint-Laurent-de-Lin,322,1,323
Saint-Laurent-en-Gâtines,948,15,963
Saint-Martin-le-Beau,3156,58,3214
Saint-Nicolas-de-Bourgueil,1109,14,1123
Saint-Nicolas-des-Motets,261,7,268
Saint-Ouen-les-Vignes,1016,28,1044
Saint-Paterne-Racan,1665,28,1693
Saint-Pierre-des-Corps,15838,238,16076
Saint-Quentin-sur-Indrois,510,10,520
Saint-Règle,609,11,620
Saint-Roch,1255,18,1273
Saint-Senoch,570,6,576
Sainte-Catherine-de-Fierbois,761,11,772
Sainte-Maure-de-Touraine,4214,50,4264
Saunay,696,14,710
Savigné-sur-Lathan,1349,19,1368
Savigny-en-Véron,1542,30,1572
Savonnières,3152,76,3228
Sazilly,237,10,247
Semblançay,2171,45,2216
Sennevières,209,4,213
Sepmes,630,9,639
Seuilly,359,15,374
Sonzay,1387,19,1406
Sorigny,2643,75,2718
Souvigné,840,10,850
Souvigny-de-Touraine,391,4,395
Sublaines,191,6,197
Tauxigny-Saint-Bauld,1691,29,1720
Tavant,263,1,264
Theneuil,298,5,303
Thilouze,1721,23,1744
Thizay,281,4,285
La Tour-Saint-Gelin,523,8,531
Tournon-Saint-Pierre,459,11,470
Tours,135787,2829,138616
Trogues,310,4,314
Truyes,2433,41,2474
Vallères,1244,16,1260
Varennes,246,4,250
Veigné,6266,131,6397
Véretz,4496,79,4575
Verneuil-le-Château,126,0,126
Verneuil-sur-Indre,480,21,501
Vernou-sur-Brenne,2707,41,2748
Villaines-les-Rochers,1067,11,1078
Villandry,1114,36,1150
La Ville-aux-Dames,5487,75,5562
Villebourg,298,3,301
Villedômain,115,3,118
Villedômer,1359,31,1390
Villeloin-Coulangé,599,4,603
Villeperdue,1030,7,1037
Villiers-au-Bouin,756,6,762
Vou,199,9,208
Vouvray,3238,72,3310
Yzeures-sur-Creuse,1380,26,1406
Les Abrets en Dauphiné,6311,104,6415
Les Adrets,1006,23,1029
Agnin,1106,11,1117
L' Albenc,1244,22,1266
Allemond,971,18,989
Allevard,4102,108,4210
Ambel,28,0,28
Anjou,1013,23,1036
Annoisin-Chatelans,676,18,694
Anthon,1061,12,1073
Aoste,2878,54,2932
Apprieu,3313,88,3401
Arandon-Passins,1809,31,1840
Artas,1809,38,1847
Assieu,1472,21,1493
Auberives-en-Royans,376,11,387
Auberives-sur-Varèze,1484,29,1513
Auris,190,4,194
Autrans-Méaudre en Vercors,3000,116,3116
Les Avenières Veyrins-Thuellin,7739,157,7896
Avignonet,197,5,202
La Balme-les-Grottes,1060,12,1072
Barraux,1886,54,1940
La Bâtie-Montgascon,1919,42,1961
Beaucroissant,1682,30,1712
Beaufin,20,0,20
Beaufort,548,11,559
Beaulieu,638,19,657
Beaurepaire,4921,82,5003
Beauvoir-de-Marc,1121,15,1136
Beauvoir-en-Royans,92,2,94
Bellegarde-Poussieu,990,14,1004
Belmont,598,11,609
Bernin,3072,104,3176
Besse,126,4,130
Bessins,116,3,119
Bévenais,1008,20,1028
Bilieu,1544,42,1586
Biol,1419,40,1459
Biviers,2386,111,2497
Bizonnes,963,8,971
Blandin,145,3,148
Bonnefamille,1096,18,1114
Bossieu,294,7,301
Le Bouchage,623,9,632
Bougé-Chambalud,1375,21,1396
Le Bourg-d'Oisans,3278,102,3380
Bourgoin-Jallieu,28387,637,29024
Bouvesse-Quirieu,1512,21,1533
Brangues,626,8,634
Bressieux,93,2,95
Bresson,684,15,699
Brézins,2132,30,2162
Brié-et-Angonnes,2556,42,2598
Brion,144,5,149
La Buisse,3142,67,3209
La Buissière,669,19,688
Burcin,423,14,437
Cessieu,2984,75,3059
Châbons,2075,53,2128
Chalon,180,5,185
Chamagnieu,1674,37,1711
Le Champ-près-Froges,1197,14,1211
Champ-sur-Drac,3007,34,3041
Champagnier,1226,30,1256
Champier,1400,21,1421
Chamrousse,422,5,427
Chanas,2589,42,2631
Chantepérier,203,3,206
Chantesse,337,6,343
Chapareillan,3010,66,3076
La Chapelle-de-la-Tour,1807,65,1872
La Chapelle-de-Surieu,751,16,767
La Chapelle-du-Bard,571,7,578
Charancieu,774,20,794
Charantonnay,1911,42,1953
Charavines,1925,45,1970
Charette,459,15,474
Charnècles,1438,26,1464
Charvieu-Chavagneux,9661,79,9740
Chasse-sur-Rhône,6048,57,6105
Chasselay,406,8,414
Chassignieu,232,4,236
Château-Bernard,267,5,272
Châteauvilain,716,12,728
Châtel-en-Trièves,449,12,461
Châtelus,88,3,91
Châtenay,440,7,447
Châtonnay,2072,43,2115
Chatte,2512,209,2721
Chavanoz,4685,61,4746
Chélieu,676,14,690
Chevrières,708,23,731
Le Cheylas,2566,42,2608
Cheyssieu,1024,16,1040
Chèzeneuve,596,13,609
Chichilianne,305,2,307
Chimilin,1452,33,1485
Chirens,2337,44,2381
Cholonge,329,1,330
Chonas-l'Amballan,1668,52,1720
Choranche,121,0,121
Chozeau,1064,26,1090
Chuzelles,2181,46,2227
Claix,7932,197,8129
Clavans-en-Haut-Oisans,101,1,102
Clelles,543,6,549
Clonas-sur-Varèze,1458,32,1490
Cognet,42,0,42
Cognin-les-Gorges,635,11,646
Colombe,1574,43,1617
La Combe-de-Lancey,701,17,718
Corbelin,2235,47,2282
Corenc,4013,127,4140
Cornillon-en-Trièves,165,5,170
Corps,486,5,491
Corrençon-en-Vercors,354,18,372
La Côte-Saint-André,4811,286,5097
Les Côtes-d'Arey,2026,74,2100
Les Côtes-de-Corps,70,1,71
Coublevie,4836,395,5231
Cour-et-Buis,879,19,898
Courtenay,1276,21,1297
Crachier,508,15,523
Cras,438,13,451
Crémieu,3282,62,3344
Crêts en Belledonne,3339,53,3392
Creys-Mépieu,1503,19,1522
Crolles,8247,252,8499
Culin,745,14,759
Les Deux Alpes,1908,36,1944
Diémoz,2722,35,2757
Dizimieu,837,26,863
Doissin,881,25,906
Dolomieu,3167,71,3238
Domarin,1661,36,1697
Domène,6745,70,6815
Échirolles,36840,211,37051
Eclose-Badinières,1434,28,1462
Engins,465,10,475
Entraigues,230,2,232
Entre-deux-Guiers,1763,29,1792
Les Éparres,985,31,1016
Estrablin,3365,87,3452
Eybens,10185,117,10302
Eydoche,533,13,546
Eyzin-Pinet,2252,112,2364
Faramans,1038,6,1044
Faverges-de-la-Tour,1445,40,1485
La Flachère,490,14,504
Flachères,524,5,529
Fontaine,22523,267,22790
Fontanil-Cornillon,2710,39,2749
La Forteresse,322,4,326
Four,1494,30,1524
Le Freney-d'Oisans,252,6,258
La Frette,1094,23,1117
Froges,3331,61,3392
Frontonas,2069,53,2122
La Garde,98,0,98
Gières,6779,82,6861
Gillonnay,1012,28,1040
Goncelin,2425,36,2461
Le Grand-Lemps,3094,58,3152
Granieu,501,9,510
Grenay,1606,20,1626
Grenoble,158454,2171,160625
Gresse-en-Vercors,395,3,398
Le Gua,1779,25,1804
Le Haut-Bréda,398,11,409
Herbeys,1361,26,1387
Heyrieux,4731,64,4795
Hières-sur-Amby,1192,27,1219
Huez,1307,34,1341
Hurtières,168,6,174
L' Isle-d'Abeau,16124,281,16405
Izeaux,2147,34,2181
Izeron,726,9,735
Janneyrias,1829,16,1845
Jarcieu,1037,22,1059
Jardin,2207,57,2264
Jarrie,3746,68,3814
Laffrey,455,8,463
Lalley,193,6,199
Lans-en-Vercors,2651,125,2776
Laval,984,37,1021
Lavaldens,151,3,154
Lavars,148,3,151
Lentiol,222,7,229
Leyrieu,838,14,852
Lieudieu,341,5,346
Livet-et-Gavet,1315,10,1325
Longechenal,571,12,583
Lumbin,2136,72,2208
Luzinay,2302,43,2345
Malleval-en-Vercors,53,1,54
Marcieu,72,2,74
Marcilloles,1104,20,1124
Marcollin,670,10,680
Marnans,147,3,150
Massieu,747,17,764
Maubec,1745,61,1806
Mayres-Savel,97,4,101
Mens,1397,76,1473
Merlas,487,10,497
Meylan,17129,399,17528
Meyrié,995,40,1035
Meyrieu-les-Étangs,1015,40,1055
Meyssiez,637,8,645
Miribel-Lanchâtre,433,8,441
Miribel-les-Échelles,1721,38,1759
Mizoën,191,4,195
Moidieu-Détourbe,1889,35,1924
Moirans,7852,162,8014
Moissieu-sur-Dolon,707,14,721
Monestier-d'Ambel,21,0,21
Monestier-de-Clermont,1427,31,1458
Le Monestier-du-Percy,251,6,257
Monsteroux-Milieu,792,19,811
Mont-Saint-Martin,79,4,83
Montagne,266,6,272
Montagnieu,1084,17,1101
Montalieu-Vercieu,3368,51,3419
Montaud,543,22,565
Montbonnot-Saint-Martin,5134,558,5692
Montcarra,532,8,540
Montchaboud,339,9,348
Monteynard,487,12,499
Montfalcon,133,0,133
Montferrat,1786,23,1809
Montrevel,451,12,463
Montseveroux,961,16,977
Moras,511,18,529
Morestel,4469,99,4568
Morette,428,7,435
La Morte,132,0,132
La Motte-d'Aveillans,1712,22,1734
La Motte-Saint-Martin,444,9,453
Mottier,715,12,727
Le Moutaret,261,3,264
La Mure,4948,209,5157
La Murette,1884,65,1949
Murianette,882,11,893
Murinais,397,8,405
Nantes-en-Ratier,466,19,485
Nivolas-Vermelle,2649,53,2702
Notre-Dame-de-Commiers,518,6,524
Notre-Dame-de-l'Osier,492,9,501
Notre-Dame-de-Mésage,1147,12,1159
Notre-Dame-de-Vaulx,509,22,531
Noyarey,2223,76,2299
Optevoz,843,15,858
Oris-en-Rattier,114,4,118
Ornacieux-Balbins,844,26,870
Ornon,152,4,156
Oulles,7,0,7
Oyeu,1006,19,1025
Oytier-Saint-Oblas,1637,26,1663
Oz,235,4,239
Pact,841,15,856
Pajay,1146,18,1164
Panossas,666,16,682
Parmilieu,709,12,721
Le Passage,793,42,835
Le Péage-de-Roussillon,6680,76,6756
Pellafol,136,2,138
Penol,350,9,359
Percy,172,4,176
La Pierre,574,5,579
Pierre-Châtel,1496,36,1532
Pisieu,531,9,540
Plan,261,2,263
Plateau-des-Petites-Roches,2434,74,2508
Poisat,2168,28,2196
Poliénas,1188,16,1204
Pommier-de-Beaurepaire,704,15,719
Ponsonnas,291,15,306
Le Pont-de-Beauvoisin,3630,141,3771
Pont-de-Chéruy,5772,42,5814
Le Pont-de-Claix,10435,63,10498
Pont-en-Royans,774,33,807
Pont-Évêque,5210,49,5259
Pontcharra,7344,170,7514
Porcieu-Amblagnieu,1766,40,1806
Porte-des-Bonnevaux,2015,52,2067
Prébois,164,8,172
Presles,87,2,89
Pressins,1156,22,1178
Primarette,720,18,738
Proveysieux,507,9,516
Prunières,355,5,360
Quaix-en-Chartreuse,893,32,925
Quet-en-Beaumont,67,0,67
Quincieu,103,0,103
Réaumont,1021,32,1053
Renage,3507,54,3561
Rencurel,322,6,328
Revel,1314,40,1354
Revel-Tourdan,1053,39,1092
Reventin-Vaugris,1909,39,1948
Rives,6476,80,6556
La Rivière,747,9,756
Roche,2083,53,2136
Les Roches-de-Condrieu,1925,36,1961
Rochetoirin,1116,40,1156
Roissard,306,7,313
Romagnieu,1580,31,1611
Roussillon,8455,131,8586
Rovon,609,11,620
Royas,396,8,404
Roybon,1157,28,1185
Ruy-Montceau,4529,102,4631
Sablons,2309,22,2331
Saint-Agnin-sur-Bion,1043,21,1064
Saint-Alban-de-Roche,1982,56,2038
Saint-Alban-du-Rhône,842,18,860
Saint-Albin-de-Vaulserre,405,5,410
Saint-Andéol,122,6,128
Saint-André-en-Royans,315,18,333
Saint-André-le-Gaz,2793,152,2945
Saint Antoine l'Abbaye,1155,30,1185
Saint-Appolinard,409,8,417
Saint-Arey,84,5,89
Saint-Aupre,1137,52,1189
Saint-Barthélemy,941,38,979
Saint-Barthélemy-de-Séchilienne,433,4,437
Saint-Baudille-de-la-Tour,814,20,834
Saint-Baudille-et-Pipet,257,8,265
Saint-Blaise-du-Buis,1062,25,1087
Saint-Bonnet-de-Chavagne,634,18,652
Saint-Bueil,723,11,734
Saint-Cassien,1162,43,1205
Saint-Chef,3585,119,3704
Saint-Christophe-en-Oisans,107,0,107
Saint-Christophe-sur-Guiers,838,9,847
Saint-Clair-de-la-Tour,3424,59,3483
Saint-Clair-du-Rhône,3817,87,3904
Saint-Clair-sur-Galaure,282,4,286
Saint-Didier-de-Bizonnes,302,4,306
Saint-Didier-de-la-Tour,2045,51,2096
Saint-Égrève,15838,256,16094
Saint-Étienne-de-Crossey,2542,105,2647
Saint-Étienne-de-Saint-Geoirs,3225,44,3269
Saint-Geoire-en-Valdaine,2399,42,2441
Saint-Geoirs,516,13,529
Saint-Georges-d'Espéranche,3354,66,3420
Saint-Georges-de-Commiers,2276,30,2306
Saint-Gervais,549,9,558
Saint-Guillaume,258,5,263
Saint-Hilaire-de-Brens,636,17,653
Saint-Hilaire-de-la-Côte,1504,32,1536
Saint-Hilaire-du-Rosier,1886,30,1916
Saint-Honoré,814,27,841
Saint-Ismier,6966,322,7288
Saint-Jean-d'Avelanne,966,13,979
Saint-Jean-d'Hérans,288,7,295
Saint-Jean-de-Bournay,4594,105,4699
Saint-Jean-de-Moirans,3536,80,3616
Saint-Jean-de-Soudain,1585,30,1615
Saint-Jean-de-Vaulx,532,19,551
Saint-Jean-le-Vieux,292,4,296
Saint-Joseph-de-Rivière,1219,28,1247
Saint-Julien-de-l'Herms,149,5,154
Saint-Just-Chaleyssin,2568,58,2626
Saint-Just-de-Claix,1212,24,1236
Saint-Lattier,1338,23,1361
Saint-Laurent-du-Pont,4531,93,4624
Saint-Laurent-en-Beaumont,454,9,463
Saint-Marcel-Bel-Accueil,1393,38,1431
Saint-Marcellin,7903,199,8102
Saint-Martin-d'Hères,38487,268,38755
Saint-Martin-d'Uriage,5451,174,5625
Saint-Martin-de-Clelles,186,2,188
Saint-Martin-de-la-Cluze,717,17,734
Saint-Martin-de-Vaulserre,260,5,265
Saint-Martin-le-Vinoux,5778,61,5839
Saint-Maurice-en-Trièves,155,4,159
Saint-Maurice-l'Exil,6141,91,6232
Saint-Maximin,654,15,669
Saint-Michel-de-Saint-Geoirs,304,4,308
Saint-Michel-en-Beaumont,31,0,31
Saint-Michel-les-Portes,269,8,277
Saint-Mury-Monteymond,320,7,327
Saint-Nazaire-les-Eymes,2955,89,3044
Saint-Nicolas-de-Macherin,938,24,962
Saint-Nizier-du-Moucherotte,1098,31,1129
Saint-Ondras,640,6,646
Saint-Paul-d'Izeaux,295,6,301
Saint-Paul-de-Varces,2173,38,2211
Saint-Paul-lès-Monestier,267,1,268
Saint-Pierre-d'Entremont,571,14,585
Saint-Pierre-de-Bressieux,761,16,777
Saint-Pierre-de-Chartreuse,1015,28,1043
Saint-Pierre-de-Chérennes,464,12,476
Saint-Pierre-de-Méaroz,126,7,133
Saint-Pierre-de-Mésage,764,6,770
Saint-Prim,1372,30,1402
Saint-Quentin-Fallavier,6103,66,6169
Saint-Quentin-sur-Isère,1451,19,1470
Saint-Romain-de-Jalionas,3288,41,3329
Saint-Romain-de-Surieu,353,9,362
Saint-Romans,1778,41,1819
Saint-Sauveur,2098,48,2146
Saint-Savin,4076,80,4156
Saint-Siméon-de-Bressieux,2887,64,2951
Saint-Sorlin-de-Morestel,627,16,643
Saint-Sorlin-de-Vienne,878,7,885
Saint-Sulpice-des-Rivoires,430,8,438
Saint-Théoffrey,521,15,536
Saint-Vérand,1721,40,1761
Saint-Victor-de-Cessieu,2240,49,2289
Saint-Victor-de-Morestel,1092,22,1114
Saint-Vincent-de-Mercuze,1519,49,1568
Sainte-Agnès,563,18,581
Sainte-Anne-sur-Gervonde,692,10,702
Sainte-Blandine,977,36,1013
Sainte-Luce,43,0,43
Sainte-Marie-d'Alloix,478,17,495
Sainte-Marie-du-Mont,237,2,239
Salagnon,1420,38,1458
Salaise-sur-Sanne,4513,72,4585
La Salette-Fallavaux,65,1,66
La Salle-en-Beaumont,318,5,323
Le Sappey-en-Chartreuse,1121,30,1151
Sarcenas,189,8,197
Sardieu,1124,21,1145
Sassenage,11376,201,11577
Satolas-et-Bonce,2419,27,2446
Savas-Mépin,895,10,905
Séchilienne,1052,13,1065
Septème,2063,42,2105
Sérézin-de-la-Tour,1057,31,1088
Sermérieu,1668,39,1707
Serpaize,1939,25,1964
Serre-Nerpol,296,34,330
Seyssinet-Pariset,12013,158,12171
Seyssins,7685,106,7791
Seyssuel,2003,52,2055
Siccieu-Saint-Julien-et-Carisieu,583,16,599
Siévoz,136,2,138
Sillans,1909,46,1955
Sinard,692,23,715
Soleymieu,777,20,797
La Sône,584,4,588
Sonnay,1241,25,1266
Sousville,140,0,140
Succieu,735,21,756
La Sure en Chartreuse,984,37,1021
Susville,1272,32,1304
Têche,574,6,580
Tencin,2095,24,2119
La Terrasse,2539,122,2661
Theys,1961,74,2035
Thodure,743,14,757
Tignieu-Jameyzieu,7249,93,7342
Torchefelon,739,13,752
La Tour-du-Pin,8080,206,8286
Le Touvet,3229,102,3331
Tramolé,754,24,778
Treffort,292,7,299
Tréminis,178,1,179
Trept,2170,55,2225
La Tronche,6596,141,6737
Tullins,7680,121,7801
Val-de-Virieu,1539,19,1558
Valbonnais,495,8,503
Valencin,2799,48,2847
Valencogne,689,20,709
La Valette,71,3,74
Valjouffrey,135,2,137
Varacieux,854,21,875
Varces-Allières-et-Risset,8250,167,8417
Vasselin,474,5,479
Vatilieu,365,11,376
Vaujany,337,4,341
Vaulnaveys-le-Bas,1282,29,1311
Vaulnaveys-le-Haut,3867,60,3927
Vaulx-Milieu,2553,29,2582
Velanne,537,6,543
Vénérieu,846,9,855
Venon,729,16,745
Vernas,266,6,272
Vernioz,1294,26,1320
La Verpillière,7226,87,7313
Le Versoud,4818,56,4874
Vertrieu,639,19,658
Veurey-Voroize,1438,26,1464
Veyssilieu,336,8,344
Vézeronce-Curtin,2129,35,2164
Vienne,29306,377,29683
Vif,8532,124,8656
Vignieu,1015,95,1110
Villages du Lac de Paladru,2485,59,2544
Villard-Bonnot,7107,63,7170
Villard-de-Lans,4210,224,4434
Villard-Notre-Dame,27,3,30
Villard-Reculas,56,0,56
Villard-Reymond,43,1,44
Villard-Saint-Christophe,406,12,418
Ville-sous-Anjou,1173,25,1198
Villefontaine,18763,236,18999
Villemoirieu,1852,69,1921
Villeneuve-de-Marc,1147,18,1165
Villette-d'Anthon,4936,85,5021
Villette-de-Vienne,1872,30,1902
Vinay,4251,73,4324
Viriville,1630,22,1652
Vizille,7361,173,7534
Voiron,20108,495,20603
Voissant,226,10,236
Voreppe,9293,362,9655
Vourey,1705,39,1744
Abergement-la-Ronce,849,25,874
Abergement-le-Grand,58,1,59
Abergement-le-Petit,42,0,42
Abergement-lès-Thésy,60,3,63
Aiglepierre,436,16,452
Alièze,153,5,158
Amange,433,59,492
Andelot-en-Montagne,526,12,538
Andelot-Morval,95,2,97
Annoire,377,7,384
Arbois,3336,208,3544
Archelange,218,6,224
Ardon,115,2,117
Aresches,32,0,32
Arinthod,1114,32,1146
Arlay,1227,22,1249
Aromas,652,18,670
Arsure-Arsurette,101,2,103
Les Arsures,230,10,240
Asnans-Beauvoisin,731,11,742
Audelange,270,7,277
Augea,277,7,284
Augerans,178,1,179
Augisey,201,5,206
Aumont,468,8,476
Aumur,366,8,374
Authume,821,21,842
Auxange,201,4,205
Avignon-lès-Saint-Claude,383,18,401
Balaiseaux,309,8,317
Balanod,349,6,355
Bans,191,4,195
Barésia-sur-l'Ain,150,2,152
La Barre,232,6,238
Barretaine,178,2,180
Baume-les-Messieurs,162,6,168
Baverans,500,22,522
Beaufort-Orbagna,1351,16,1367
Beffia,77,3,80
Bellecombe,63,4,67
Bellefontaine,537,16,553
Belmont,262,8,270
Bersaillin,405,14,419
Besain,161,11,172
Biarne,407,5,412
Bief-des-Maisons,72,0,72
Bief-du-Fourg,203,5,208
Biefmorin,98,1,99
Billecul,47,1,48
Bletterans,1446,19,1465
Blois-sur-Seille,105,1,106
Blye,162,5,167
Bois-d'Amont,1655,42,1697
Bois-de-Gand,57,1,58
Boissia,118,5,123
La Boissière,68,0,68
Bonlieu,261,4,265
Bonnefontaine,104,0,104
Bornay,176,6,182
Les Bouchoux,317,9,326
Bourg-de-Sirod,94,2,96
Bracon,273,7,280
Brainans,171,6,177
Brans,216,8,224
La Bretenière,220,1,221
Bretenières,40,1,41
Brevans,669,14,683
Briod,204,9,213
Broissia,65,0,65
Buvilly,385,7,392
Censeau,301,6,307
Cernans,140,4,144
Cerniébaud,88,1,89
Cernon,251,3,254
Cesancey,392,11,403
La Chailleuse,602,13,615
Chaînée-des-Coupis,181,4,185
Les Chalesmes,96,1,97
Chambéria,175,1,176
Chamblay,424,10,434
Chamole,166,3,169
Champagne-sur-Loue,125,5,130
Champagney,480,8,488
Champagnole,7958,388,8346
Champdivers,429,17,446
Champrougier,101,3,104
Champvans,1414,43,1457
Chancia,226,4,230
La Chapelle-sur-Furieuse,315,1,316
Chapelle-Voland,602,7,609
Chapois,224,2,226
Charchilla,280,4,284
Charcier,129,3,132
Charency,55,1,56
Charézier,175,2,177
La Charme,68,0,68
Charnod,40,0,40
La Chassagne,119,2,121
Chassal-Molinges,1131,28,1159
Château-Chalon,146,6,152
Châtel-de-Joux,51,0,51
La Châtelaine,139,2,141
Chatelay,106,6,112
Le Chateley,87,3,90
Châtelneuf,138,6,144
Châtenois,389,7,396
Châtillon,112,7,119
Chaumergy,482,16,498
La Chaumusse,402,11,413
Chaussenans,100,1,101
Chaussin,1630,24,1654
Chaux-Champagny,71,2,73
Chaux-des-Crotenay,404,14,418
La Chaux-du-Dombief,544,13,557
La Chaux-en-Bresse,39,1,40
Chavéria,226,8,234
Chemenot,37,1,38
Chemin,343,10,353
Chêne-Bernard,64,0,64
Chêne-Sec,36,0,36
Chevigny,280,6,286
Chevreaux,122,1,123
Chevrotaine,32,0,32
Chille,293,19,312
Chilly-le-Vignoble,667,20,687
Chilly-sur-Salins,114,3,117
Chissey-sur-Loue,320,9,329
Choisey,1050,31,1081
Choux,119,4,123
Cize,788,28,816
Clairvaux-les-Lacs,1451,49,1500
Clucy,78,0,78
Cogna,252,15,267
Coiserette,52,3,55
Colonne,264,2,266
Commenailles,890,15,905
Condamine,272,6,278
Condes,109,7,116
Conliège,668,27,695
Conte,56,0,56
Cornod,218,7,225
Cosges,364,6,370
Coteaux du Lizon,2397,71,2468
Courbette,51,0,51
Courbouzon,590,14,604
Courlans,926,29,955
Courlaoux,1106,32,1138
Courtefontaine,249,16,265
Cousance,1308,23,1331
Coyrière,65,1,66
Coyron,73,7,80
Cramans,524,8,532
Crans,74,1,75
Crenans,239,5,244
Cressia,258,119,377
Crissey,653,25,678
Crotenay,640,89,729
Les Crozets,199,3,202
Cuisia,392,12,404
Cuvier,262,2,264
Dammartin-Marpain,342,6,348
Damparis,2694,80,2774
Dampierre,1278,27,1305
Darbonnay,92,2,94
Denezières,72,1,73
Le Deschaux,1021,8,1029
Desnes,481,6,487
Les Deux-Fays,106,1,107
Digna,350,12,362
Dole,23708,898,24606
Domblans,1232,32,1264
Dompierre-sur-Mont,230,7,237
Doucier,298,30,328
Dournon,140,1,141
Doye,101,2,103
Dramelay,29,3,32
Éclans-Nenon,387,5,392
Écleux,224,10,234
Écrille,83,3,86
Entre-deux-Monts,142,9,151
Équevillon,582,14,596
Les Essards-Taignevaux,260,4,264
Esserval-Tartre,119,4,123
Étival,308,10,318
L' Étoile,563,14,577
Étrepigney,430,6,436
Évans,644,12,656
Falletans,393,9,402
La Favière,28,1,29
Fay-en-Montagne,85,7,92
La Ferté,198,2,200
Le Fied,204,7,211
Foncine-le-Bas,192,7,199
Foncine-le-Haut,1063,27,1090
Fontainebrux,202,10,212
Fontenu,75,2,77
Fort-du-Plasne,443,10,453
Foucherans,2193,38,2231
Foulenay,84,0,84
Fraisans,1215,14,1229
Francheville,55,1,56
Fraroz,49,3,52
Frasne-les-Meulières,119,8,127
La Frasnée,39,2,41
Le Frasnois,160,4,164
Frébuans,373,8,381
Frontenay,172,5,177
Gatey,371,9,380
Gendrey,428,13,441
Genod,68,2,70
Geraise,42,0,42
Germigney,78,4,82
Geruge,169,7,176
Gevingey,451,96,547
Gevry,692,10,702
Gigny,281,7,288
Gillois,136,6,142
Gizia,236,3,239
Grande-Rivière Château,628,19,647
Grange-de-Vaivre,35,1,36
Graye-et-Charnay,139,2,141
Gredisans,136,1,137
Grozon,420,13,433
Hautecour,191,5,196
Hauteroche,951,25,976
Hauts de Bienne,5350,273,5623
Les Hays,331,2,333
Ivory,96,1,97
Ivrey,61,1,62
Jeurre,270,1,271
Jouhe,563,64,627
Lac-des-Rouges-Truites,394,17,411
Ladoye-sur-Seille,52,3,55
Lajoux,262,12,274
Lamoura,642,19,661
Le Larderet,74,3,77
Largillay-Marsonnay,153,2,155
Larnaud,603,13,616
Larrivoire,103,2,105
Le Latet,81,4,85
La Latette,73,2,75
Lavancia-Epercy,646,18,664
Lavangeot,138,2,140
Lavans-lès-Dole,324,8,332
Lavans-lès-Saint-Claude,2437,107,2544
Lavigny,378,4,382
Lect,354,6,360
Lemuy,238,5,243
Lent,150,4,154
Leschères,209,4,213
Loisia,166,1,167
Lombard,211,5,216
Longchaumois,1167,32,1199
Longcochon,63,1,64
Longwy-sur-le-Doubs,505,10,515
Lons-le-Saunier,17291,732,18023
Loulle,172,4,176
Louvatange,97,7,104
Le Louverot,211,12,223
La Loye,551,9,560
Macornay,974,35,1009
Maisod,329,12,341
Malange,321,6,327
Mantry,454,12,466
Marigna-sur-Valouse,116,4,120
Marigny,207,1,208
Marnézia,90,3,93
Marnoz,404,22,426
La Marre,338,14,352
Martigna,194,12,206
Mathenay,143,2,145
Maynal,338,2,340
Menétru-le-Vignoble,159,2,161
Menétrux-en-Joux,56,2,58
Menotey,306,15,321
Mérona,8,0,8
Mesnay,583,15,598
Mesnois,187,4,191
Messia-sur-Sorne,842,14,856
Meussia,420,6,426
Mièges,166,3,169
Miéry,152,5,157
Mignovillard,819,24,843
Moirans-en-Montagne,2099,107,2206
Moiron,130,5,135
Moissey,563,13,576
Molain,105,3,108
Molamboz,90,3,93
Molay,501,5,506
Monay,124,3,127
Monnet-la-Ville,343,13,356
Monnetay,14,1,15
Monnières,422,17,439
Mont-sous-Vaudrey,1265,22,1287
Mont-sur-Monnet,248,6,254
Montagna-le-Reconduit,119,0,119
Montaigu,437,52,489
Montain,509,24,533
Montbarrey,317,6,323
Montcusel,156,7,163
Monteplain,132,2,134
Montfleur,182,8,190
Montholier,359,3,362
Montigny-lès-Arsures,254,8,262
Montigny-sur-l'Ain,199,8,207
Montlainsia,246,7,253
Montmarlon,31,1,32
Montmirey-la-Ville,176,2,178
Montmirey-le-Château,197,5,202
Montmorot,3036,328,3364
Montrevel,90,1,91
Montrond,492,15,507
Morbier,2292,107,2399
Mouchard,1101,317,1418
Mournans-Charbonny,89,8,97
Les Moussières,167,4,171
Moutonne,132,0,132
Moutoux,72,2,74
Mutigney,171,3,174
Nance,519,11,530
Nanchez,806,22,828
Nancuise,46,2,48
Les Nans,91,3,94
Neublans-Abergement,545,5,550
Neuvilley,87,0,87
Nevy-lès-Dole,281,6,287
Nevy-sur-Seille,205,10,215
Ney,574,13,587
Nogna,295,12,307
Nozeroy,437,13,450
Offlanges,198,3,201
Onglières,65,2,67
Onoz,72,5,77
Orchamps,1121,18,1139
Orgelet,1596,44,1640
Ougney,375,3,378
Ounans,369,6,375
Our,140,2,142
Oussières,233,5,238
Pagney,324,7,331
Pagnoz,230,5,235
Pannessières,483,12,495
Parcey,974,20,994
Le Pasquier,251,8,259
Passenans,345,6,351
Patornay,140,6,146
Peintre,127,3,130
Perrigny,1523,48,1571
Peseux,320,2,322
La Pesse,343,7,350
Petit-Noir,1093,9,1102
Picarreau,101,3,104
Pillemoine,58,2,60
Pimorin,198,3,201
Le Pin,241,15,256
Plainoiseau,528,12,540
Plaisia,107,9,116
Les Planches-en-Montagne,164,2,166
Les Planches-près-Arbois,96,1,97
Plasne,218,11,229
Plénise,62,0,62
Plénisette,25,2,27
Pleure,429,3,432
Plumont,103,2,105
Poids-de-Fiole,333,4,337
Pointre,126,1,127
Poligny,4047,407,4454
Pont-d'Héry,234,8,242
Pont-de-Poitte,647,20,667
Pont-du-Navoy,275,5,280
Port-Lesney,526,13,539
Prémanon,1188,31,1219
Présilly,132,0,132
Pretin,61,1,62
Publy,285,9,294
Pupillin,237,8,245
Quintigny,248,6,254
Rahon,508,11,519
Rainans,269,4,273
Ranchot,495,4,499
Rans,535,7,542
Ravilloles,476,13,489
Recanoz,90,2,92
Reithouse,59,1,60
Relans,341,4,345
Les Repôts,52,0,52
Revigny,248,15,263
Rix,78,2,80
La Rixouse,193,9,202
Rochefort-sur-Nenon,679,5,684
Rogna,227,6,233
Romain,204,8,212
Romange,199,2,201
Rosay,125,0,125
Rotalier,161,6,167
Rothonay,135,4,139
Rouffange,104,2,106
Les Rousses,3630,97,3727
Ruffey-sur-Seille,734,15,749
Rye,218,5,223
Saffloz,102,2,104
Saint-Amour,2378,107,2485
Saint-Aubin,1800,43,1843
Saint-Baraing,261,5,266
Saint-Claude,9279,298,9577
Saint-Cyr-Montmalin,242,6,248
Saint-Didier,269,14,283
Saint-Germain-en-Montagne,407,10,417
Saint-Hymetière-sur-Valouse,437,17,454
Saint-Lamain,115,4,119
Saint-Laurent-en-Grandvaux,1807,37,1844
Saint-Lothain,471,9,480
Saint-Loup,272,7,279
Saint-Maur,233,3,236
Saint-Maurice-Crillat,242,2,244
Saint-Pierre,342,20,362
Saint-Thiébaud,58,0,58
Sainte-Agnès,355,10,365
Saizenay,95,2,97
Salans,591,12,603
Saligney,185,5,190
Salins-les-Bains,2586,150,2736
Sampans,1165,12,1177
Santans,297,7,304
Sapois,374,14,388
Sarrogna,230,10,240
Saugeot,66,1,67
Séligney,77,1,78
Sellières,744,9,753
Septmoncel les Molunes,829,24,853
Sergenaux,65,3,68
Sergenon,52,1,53
Sermange,249,2,251
Serre-les-Moulières,188,11,199
Sirod,524,20,544
Songeson,69,1,70
Soucia,187,5,192
Souvans,483,5,488
Supt,102,2,104
Syam,189,9,198
Tassenières,394,9,403
Tavaux,3918,94,4012
Taxenne,109,1,110
Thervay,385,10,395
Thésy,66,0,66
Thoirette-Coisia,868,25,893
Thoiria,192,4,196
Thoissia,36,1,37
Toulouse-le-Château,221,3,224
La Tour-du-Meix,231,4,235
Tourmont,473,19,492
Trenal,459,11,470
Les Trois Châteaux,774,19,793
Uxelles,55,1,56
Vadans,278,7,285
Val-d'Épy,343,7,350
Val-Sonnette,912,29,941
Val Suran,787,17,804
Valempoulières,193,11,204
Valzin en Petite Montagne,497,17,514
Vannoz,207,7,214
Le Vaudioux,175,6,181
Vaudrey,373,14,387
Vaux-lès-Saint-Claude,693,18,711
Vaux-sur-Poligny,77,4,81
Verges,191,5,196
Véria,117,4,121
Vernantois,328,11,339
Le Vernois,308,10,318
Vers-en-Montagne,234,5,239
Vers-sous-Sellières,238,2,240
Vertamboz,94,5,99
Vescles,193,3,196
Vevy,274,12,286
La Vieille-Loye,404,4,408
Villard-Saint-Sauveur,618,20,638
Villards-d'Héria,409,6,415
Villeneuve-d'Aval,87,1,88
Villeneuve-sous-Pymont,291,9,300
Villers-Farlay,666,11,677
Villers-les-Bois,212,1,213
Villers-Robert,231,2,233
Villerserine,51,1,52
Villette-lès-Arbois,386,7,393
Villette-lès-Dole,771,14,785
Villevieux,712,20,732
Le Villey,89,0,89
Vincent-Froideville,394,3,397
Viry,927,43,970
Vitreux,286,4,290
Voiteur,746,31,777
Vosbles-Valfin,185,12,197
Vriange,156,3,159
Vulvoz,20,0,20
Aire-sur-l'Adour,6129,552,6681
Amou,1540,22,1562
Angoumé,281,7,288
Angresse,2003,45,2048
Arboucave,201,4,205
Arengosse,683,9,692
Argelos,165,2,167
Argelouse,93,2,95
Arsague,340,3,343
Artassenx,250,1,251
Arthez-d'Armagnac,110,1,111
Arue,348,4,352
Arx,58,1,59
Aubagnan,250,3,253
Audignon,395,1,396
Audon,373,7,380
Aureilhan,1064,28,1092
Aurice,609,20,629
Azur,842,10,852
Bahus-Soubiran,409,15,424
Baigts,364,9,373
Banos,277,4,281
Bas-Mauco,360,10,370
Bascons,845,32,877
Bassercles,155,2,157
Bastennes,255,9,264
Bats,304,3,307
Baudignan,54,0,54
Bégaar,1167,16,1183
Belhade,198,6,204
Bélis,165,5,170
Bélus,602,10,612
Bénesse-lès-Dax,529,10,539
Bénesse-Maremne,3234,64,3298
Benquet,1732,45,1777
Bergouey,98,2,100
Betbezer-d'Armagnac,149,0,149
Beylongue,365,2,367
Beyries,128,2,130
Biarrotte,289,6,295
Bias,739,13,752
Biaudos,908,31,939
Biscarrosse,14182,379,14561
Bonnegarde,274,5,279
Bordères-et-Lamensans,369,6,375
Bostens,201,2,203
Bougue,774,23,797
Bourdalat,252,4,256
Bourriot-Bergonce,310,5,315
Brassempouy,267,6,273
Bretagne-de-Marsan,1544,28,1572
Brocas,789,22,811
Buanes,259,4,263
Cachen,226,3,229
Cagnotte,760,18,778
Callen,144,4,148
Campagne,998,28,1026
Campet-et-Lamolère,441,5,446
Candresse,807,27,834
Canenx-et-Réaut,158,3,161
Capbreton,8769,289,9058
Carcarès-Sainte-Croix,519,4,523
Carcen-Ponson,634,5,639
Cassen,578,16,594
Castaignos-Souslens,394,4,398
Castandet,398,17,415
Castel-Sarrazin,543,20,563
Castelnau-Chalosse,601,43,644
Castelnau-Tursan,193,2,195
Castelner,107,2,109
Castets,2388,26,2414
Cauna,444,7,451
Cauneille,799,14,813
Caupenne,404,8,412
Cazalis,134,4,138
Cazères-sur-l'Adour,1070,31,1101
Cère,411,6,417
Classun,271,6,277
Clèdes,128,7,135
Clermont,773,33,806
Commensacq,432,12,444
Coudures,451,9,460
Créon-d'Armagnac,362,7,369
Dax,20681,831,21512
Doazit,858,26,884
Donzacq,481,10,491
Duhort-Bachen,664,19,683
Dumes,236,6,242
Escalans,259,3,262
Escource,721,11,732
Estibeaux,699,15,714
Estigarde,121,2,123
Eugénie-les-Bains,446,10,456
Eyres-Moncube,365,13,378
Fargues,330,3,333
Le Frêche,400,2,402
Gaas,496,18,514
Gabarret,1295,246,1541
Gaillères,613,16,629
Gamarde-les-Bains,1319,31,1350
Garein,436,11,447
Garrey,205,6,211
Gastes,816,12,828
Gaujacq,435,10,445
Geaune,668,14,682
Geloux,704,16,720
Gibret,102,1,103
Goos,519,9,528
Gourbera,372,6,378
Gousse,312,11,323
Gouts,276,4,280
Grenade-sur-l'Adour,2487,84,2571
Habas,1503,26,1529
Hagetmau,4690,139,4829
Hastingues,579,16,595
Hauriet,278,5,283
Haut-Mauco,948,27,975
Herm,1129,43,1172
Herré,142,1,143
Heugas,1343,37,1380
Hinx,1883,41,1924
Hontanx,603,5,608
Horsarrieu,687,19,706
Josse,850,26,876
Labastide-Chalosse,150,4,154
Labastide-d'Armagnac,687,5,692
Labatut,1427,26,1453
Labenne,6616,112,6728
Labouheyre,2731,45,2776
Labrit,864,10,874
Lacajunte,153,4,157
Lacquy,280,5,285
Lacrabe,267,6,273
Laglorieuse,550,15,565
Lagrange,192,3,195
Lahosse,317,4,321
Laluque,1019,20,1039
Lamothe,312,4,316
Larbey,242,4,246
Larrivière-Saint-Savin,657,19,676
Latrille,156,3,159
Laurède,387,4,391
Lauret,85,3,88
Lencouacq,380,5,385
Léon,1940,51,1991
Lesgor,439,12,451
Lesperon,1043,27,1070
Le Leuy,251,2,253
Lévignacq,316,5,321
Linxe,1479,35,1514
Liposthey,534,5,539
Lit-et-Mixe,1606,31,1637
Losse,275,3,278
Louer,301,7,308
Lourquen,178,6,184
Lubbon,104,1,105
Lucbardez-et-Bargues,573,14,587
Lüe,562,10,572
Luglon,399,2,401
Lussagnet,73,1,74
Luxey,664,13,677
Magescq,2175,33,2208
Maillas,133,3,136
Maillères,243,4,247
Mano,125,3,128
Mant,271,4,275
Marpaps,139,5,144
Mauries,90,1,91
Maurrin,442,6,448
Mauvezin-d'Armagnac,93,1,94
Maylis,315,17,332
Mazerolles,633,27,660
Mées,1805,46,1851
Meilhan,1140,30,1170
Messanges,968,32,1000
Mézos,824,11,835
Mimbaste,1000,33,1033
Mimizan,7018,164,7182
Miramont-Sensacq,359,8,367
Misson,781,16,797
Moliets-et-Maa,1170,16,1186
Momuy,462,14,476
Monget,91,3,94
Monségur,391,11,402
Mont-de-Marsan,29554,1440,30994
Montaut,626,13,639
Montégut,71,2,73
Montfort-en-Chalosse,1177,28,1205
Montgaillard,631,13,644
Montsoué,570,11,581
Morcenx-la-Nouvelle,5052,178,5230
Morganx,173,9,182
Mouscardès,268,3,271
Moustey,695,10,705
Mugron,1382,109,1491
Narrosse,3210,73,3283
Nassiet,344,14,358
Nerbis,273,4,277
Nousse,244,8,252
Oeyregave,344,14,358
Oeyreluy,1508,230,1738
Onard,372,6,378
Ondres,5358,120,5478
Onesse-Laharie,1009,19,1028
Orist,722,18,740
Orthevielle,936,14,950
Orx,624,10,634
Ossages,504,19,523
Ousse-Suzan,277,8,285
Ozourt,203,2,205
Parentis-en-Born,6236,206,6442
Parleboscq,506,4,510
Payros-Cazautets,106,3,109
Pécorade,140,8,148
Perquie,350,14,364
Pey,676,22,698
Peyre,242,8,250
Peyrehorade,3695,175,3870
Philondenx,202,6,208
Pimbo,210,3,213
Pissos,1441,27,1468
Pomarez,1550,27,1577
Pontenx-les-Forges,1596,31,1627
Pontonx-sur-l'Adour,2810,115,2925
Port-de-Lanne,1076,21,1097
Poudenx,225,6,231
Pouillon,3072,81,3153
Pouydesseaux,916,27,943
Poyanne,688,10,698
Poyartin,833,21,854
Préchacq-les-Bains,733,6,739
Pujo-le-Plan,628,19,647
Puyol-Cazalet,108,3,111
Renung,537,11,548
Retjons,350,1,351
Rimbez-et-Baudiets,105,1,106
Rion-des-Landes,2986,43,3029
Rivière-Saas-et-Gourby,1217,28,1245
Roquefort,1892,49,1941
Sabres,1174,154,1328
Saint-Agnet,188,6,194
Saint-André-de-Seignanx,1766,26,1792
Saint-Aubin,503,13,516
Saint-Avit,672,21,693
Saint-Barthélemy,422,13,435
Saint-Cricq-Chalosse,641,11,652
Saint-Cricq-du-Gave,422,7,429
Saint-Cricq-Villeneuve,482,11,493
Saint-Étienne-d'Orthe,704,17,721
Saint-Gein,433,13,446
Saint-Geours-d'Auribat,413,8,421
Saint-Geours-de-Maremne,2673,48,2721
Saint-Gor,302,11,313
Saint-Jean-de-Lier,414,8,422
Saint-Jean-de-Marsacq,1614,23,1637
Saint-Julien-d'Armagnac,108,0,108
Saint-Julien-en-Born,1643,31,1674
Saint-Justin,974,13,987
Saint-Laurent-de-Gosse,657,21,678
Saint-Lon-les-Mines,1208,37,1245
Saint-Loubouer,443,8,451
Saint-Martin-d'Oney,1396,41,1437
Saint-Martin-de-Hinx,1480,36,1516
Saint-Martin-de-Seignanx,5488,125,5613
Saint-Maurice-sur-Adour,584,15,599
Saint-Michel-Escalus,305,8,313
Saint-Pandelon,715,53,768
Saint-Paul-en-Born,956,16,972
Saint-Paul-lès-Dax,13413,482,13895
Saint-Perdon,1726,32,1758
Saint-Pierre-du-Mont,9561,363,9924
Saint-Sever,4955,98,5053
Saint-Vincent-de-Paul,3126,221,3347
Saint-Vincent-de-Tyrosse,7593,233,7826
Saint-Yaguen,629,15,644
Sainte-Colombe,666,18,684
Sainte-Eulalie-en-Born,1265,20,1285
Sainte-Foy,253,3,256
Sainte-Marie-de-Gosse,1184,25,1209
Samadet,1152,22,1174
Sanguinet,4185,64,4249
Sarbazan,1176,23,1199
Sarraziet,240,1,241
Sarron,110,4,114
Saubion,1499,26,1525
Saubrigues,1415,79,1494
Saubusse,1120,22,1142
Saugnac-et-Cambran,1542,45,1587
Saugnacq-et-Muret,1035,18,1053
Seignosse,3872,96,3968
Le Sen,227,3,230
Serres-Gaston,394,12,406
Serreslous-et-Arribans,194,11,205
Seyresse,922,36,958
Siest,138,2,140
Solférino,324,2,326
Soorts-Hossegor,3580,90,3670
Sorbets,197,9,206
Sorde-l'Abbaye,631,13,644
Sore,1122,21,1143
Sort-en-Chalosse,945,31,976
Souprosse,1122,22,1144
Soustons,7877,191,8068
Taller,606,13,619
Tarnos,12264,316,12580
Tartas,3260,44,3304
Tercis-les-Bains,1203,38,1241
Téthieu,759,12,771
Tilh,813,19,832
Tosse,2927,74,3001
Toulouzette,322,6,328
Trensacq,245,4,249
Uchacq-et-Parentis,589,20,609
Urgons,252,8,260
Uza,195,1,196
Vert,270,4,274
Vicq-d'Auribat,262,10,272
Vielle-Saint-Girons,1305,31,1336
Vielle-Soubiran,229,5,234
Vielle-Tursan,257,8,265
Vieux-Boucau-les-Bains,1618,22,1640
Le Vignau,490,6,496
Villenave,326,4,330
Villeneuve-de-Marsan,2413,47,2460
Ychoux,2281,41,2322
Ygos-Saint-Saturnin,1322,14,1336
Yzosse,367,13,380
Ambloy,185,5,190
Angé,882,22,904
Areines,616,232,848
Artins,264,5,269
Autainville,444,8,452
Authon,721,13,734
Avaray,737,16,753
Averdon,697,14,711
Azé,1033,30,1063
Baillou,226,13,239
Bauzy,278,4,282
Beauce la Romaine,3484,67,3551
Beauchêne,173,2,175
Billy,1020,9,1029
Binas,686,17,703
Blois,46086,1629,47715
Boisseau,99,2,101
Bonneveau,467,7,474
Bouffry,134,1,135
Boursay,166,6,172
Bracieux,1305,19,1324
Brévainville,170,4,174
Briou,147,2,149
Busloup,439,6,445
Candé-sur-Beuvron,1497,27,1524
Cellé,225,3,228
Cellettes,2633,65,2698
Chailles,2680,81,2761
Chambord,93,0,93
Champigny-en-Beauce,604,17,621
Chaon,459,7,466
La Chapelle-Enchérie,211,4,215
La Chapelle-Montmartin,435,8,443
La Chapelle-Saint-Martin-en-Plaine,730,15,745
La Chapelle-Vendômoise,783,25,808
La Chapelle-Vicomtesse,169,3,172
Châteauvieux,538,4,542
Châtillon-sur-Cher,1722,32,1754
Châtres-sur-Cher,1097,10,1107
Chaumont-sur-Loire,1086,9,1095
Chaumont-sur-Tharonne,1074,14,1088
La Chaussée-Saint-Victor,4503,131,4634
Chauvigny-du-Perche,220,1,221
Chémery,971,12,983
Cheverny,956,40,996
Chissay-en-Touraine,1127,26,1153
Chitenay,1068,35,1103
Choue,529,5,534
Choussy,338,5,343
Conan,175,0,175
Concriers,176,5,181
Le Controis-en-Sologne,6866,148,7014
Cormenon,690,12,702
Cormeray,1560,26,1586
Couddes,546,7,553
Couëtron-au-Perche,1065,15,1080
Couffy,497,9,506
Coulommiers-la-Tour,557,16,573
Cour-Cheverny,2845,62,2907
Cour-sur-Loire,266,6,272
Courbouzon,435,10,445
Courmemin,509,8,517
Crouy-sur-Cosson,537,11,548
Crucheray,381,14,395
Danzé,694,17,711
Dhuizon,1233,16,1249
Droué,992,8,1000
Épiais,136,4,140
Épuisay,831,17,848
Les Essarts,108,0,108
Faverolles-sur-Cher,1386,29,1415
Faye,243,5,248
La Ferté-Beauharnais,525,4,529
La Ferté-Imbault,975,27,1002
La Ferté-Saint-Cyr,1056,12,1068
Fontaine-les-Coteaux,337,5,342
Fontaine-Raoul,225,6,231
Fontaines-en-Sologne,633,10,643
La Fontenelle,195,4,199
Fortan,269,7,276
Fossé,1308,18,1326
Françay,273,9,282
Fresnes,1145,37,1182
Fréteval,1083,22,1105
Le Gault-du-Perche,341,3,344
Gièvres,2396,31,2427
Gombergean,188,4,192
Gy-en-Sologne,499,13,512
Les Hayes,176,8,184
Herbault,1249,32,1281
Houssay,387,3,390
Huisseau-en-Beauce,423,8,431
Huisseau-sur-Cosson,2281,57,2338
Josnes,887,18,905
Lamotte-Beuvron,4724,64,4788
Lancé,473,7,480
Lancôme,122,3,125
Landes-le-Gaulois,750,21,771
Langon-sur-Cher,812,12,824
Lassay-sur-Croisne,249,9,258
Lavardin,183,7,190
Lestiou,290,7,297
Lignières,380,5,385
Lisle,195,3,198
Loreux,209,4,213
Lorges,352,6,358
Lunay,1267,33,1300
La Madeleine-Villefrouin,30,0,30
Maray,233,2,235
Marchenoir,659,10,669
Marcilly-en-Beauce,348,8,356
Marcilly-en-Gault,735,16,751
Mareuil-sur-Cher,1142,23,1165
La Marolle-en-Sologne,344,6,350
Marolles,725,18,743
Maslives,702,13,715
Maves,661,16,677
Mazangé,855,29,884
Méhers,338,7,345
Menars,626,22,648
Mennetou-sur-Cher,885,10,895
Mer,6238,108,6346
Mesland,565,23,588
Meslay,312,9,321
Meusnes,1097,13,1110
Millançay,780,20,800
Moisy,365,2,367
Mondoubleau,1335,54,1389
Mont-près-Chambord,3297,95,3392
Monteaux,768,24,792
Monthou-sur-Bièvre,811,21,832
Monthou-sur-Cher,964,14,978
Les Montils,1943,46,1989
Montlivault,1377,18,1395
Montoire-sur-le-Loir,3782,196,3978
Montrichard Val de Cher,3810,51,3861
Montrieux-en-Sologne,651,14,665
Montrouveau,154,3,157
Morée,1071,20,1091
Muides-sur-Loire,1259,36,1295
Mulsans,502,13,515
Mur-de-Sologne,1519,17,1536
Naveil,2361,68,2429
Neung-sur-Beuvron,1226,18,1244
Neuvy,319,4,323
Nouan-le-Fuzelier,2326,41,2367
Nourray,109,0,109
Noyers-sur-Cher,2728,37,2765
Oisly,377,5,382
Orçay,235,3,238
Oucques La Nouvelle,1724,27,1751
Ouzouer-le-Doyen,243,1,244
Périgny,177,7,184
Pezou,1119,19,1138
Pierrefitte-sur-Sauldre,789,14,803
Le Plessis-Dorin,167,0,167
Le Plessis-l'Échelle,70,2,72
Le Poislay,181,4,185
Pontlevoy,1524,167,1691
Pouillé,796,20,816
Pray,292,9,301
Prunay-Cassereau,612,7,619
Pruniers-en-Sologne,2388,59,2447
Rahart,325,6,331
Renay,171,4,175
Rhodon,123,3,126
Rilly-sur-Loire,474,6,480
Rocé,218,7,225
Roches,69,3,72
Les Roches-l'Évêque,279,3,282
Romilly,140,3,143
Romorantin-Lanthenay,17754,492,18246
Rougeou,159,0,159
Ruan-sur-Egvonne,94,0,94
Saint-Aignan,2849,75,2924
Saint-Amand-Longpré,1224,27,1251
Saint-Arnoult,321,3,324
Saint-Bohaire,497,21,518
Saint-Claude-de-Diray,1783,40,1823
Saint-Cyr-du-Gault,174,2,176
Saint-Denis-sur-Loire,837,28,865
Saint-Dyé-sur-Loire,1140,19,1159
Saint-Étienne-des-Guérets,111,3,114
Saint-Firmin-des-Prés,824,41,865
Saint-Georges-sur-Cher,2691,39,2730
Saint-Gervais-la-Forêt,3201,99,3300
Saint-Gourgon,113,4,117
Saint-Hilaire-la-Gravelle,717,4,721
Saint-Jacques-des-Guérets,91,2,93
Saint-Jean-Froidmentel,548,8,556
Saint-Julien-de-Chédon,756,17,773
Saint-Julien-sur-Cher,768,11,779
Saint-Laurent-des-Bois,287,12,299
Saint-Laurent-Nouan,4357,86,4443
Saint-Léonard-en-Beauce,644,17,661
Saint-Loup,375,9,384
Saint-Lubin-en-Vergonnois,718,10,728
Saint-Marc-du-Cor,183,4,187
Saint-Martin-des-Bois,579,11,590
Saint-Ouen,3189,94,3283
Saint-Rimay,291,3,294
Saint-Romain-sur-Cher,1478,34,1512
Saint-Sulpice-de-Pommeray,1855,56,1911
Saint-Viâtre,1196,29,1225
Sainte-Anne,459,14,473
Salbris,5166,102,5268
Sambin,940,14,954
Santenay,290,8,298
Sargé-sur-Braye,1041,22,1063
Sasnières,112,0,112
Sassay,1023,20,1043
Savigny-sur-Braye,2017,28,2045
Seigy,1055,24,1079
Selles-Saint-Denis,1337,29,1366
Selles-sur-Cher,4567,64,4631
Selommes,813,13,826
Séris,376,4,380
Seur,477,19,496
Soings-en-Sologne,1614,19,1633
Souesmes,1059,12,1071
Sougé,479,7,486
Souvigny-en-Sologne,524,9,533
Suèvres,1693,29,1722
Talcy,243,11,254
Le Temple,187,7,194
Ternay,336,7,343
Theillay,1260,19,1279
Thésée,1132,22,1154
Thoré-la-Rochette,885,17,902
Thoury,420,7,427
Tour-en-Sologne,1117,16,1133
Tourailles,134,3,137
Troo,297,9,306
Valaire,86,2,88
Valencisse,2398,93,2491
Vallée-de-Ronsard,523,8,531
Vallières-les-Grandes,937,19,956
Valloire-sur-Cisse,2438,58,2496
Veilleins,161,4,165
Vendôme,16569,643,17212
Vernou-en-Sologne,624,6,630
Veuzain-sur-Loire,3503,108,3611
Vievy-le-Rayé,453,7,460
Villavard,128,0,128
La Ville-aux-Clercs,1273,23,1296
Villebarou,2460,81,2541
Villebout,140,8,148
Villechauve,276,8,284
Villedieu-le-Château,414,4,418
Villefranche-sur-Cher,2667,68,2735
Villefrancœur,424,8,432
Villeherviers,471,7,478
Villemardy,277,4,281
Villeneuve-Frouville,61,2,63
Villeny,493,4,497
Villeporcher,153,5,158
Villerable,520,13,533
Villerbon,799,16,815
Villermain,398,12,410
Villeromain,240,0,240
Villetrun,322,4,326
Villexanton,201,1,202
Villiers-sur-Loir,1131,59,1190
Villiersfaux,255,5,260
Vineuil,7815,206,8021
Vouzon,1483,35,1518
Yvoy-le-Marron,728,8,736
Aboën,439,7,446
Ailleux,164,2,166
Ambierle,1915,56,1971
Andrézieux-Bouthéon,9790,163,9953
Apinac,416,8,424
Arcinges,212,12,224
Arcon,108,1,109
Arthun,542,5,547
Aveizieux,1647,21,1668
Balbigny,2965,57,3022
Bard,664,23,687
Bellegarde-en-Forez,2004,36,2040
Belleroche,312,9,321
Belmont-de-la-Loire,1491,27,1518
La Bénisson-Dieu,418,10,428
Le Bessat,446,8,454
Bessey,457,10,467
Boën-sur-Lignon,3309,43,3352
Boisset-lès-Montrond,1167,20,1187
Boisset-Saint-Priest,1223,10,1233
Bonson,3889,52,3941
Bourg-Argental,2922,57,2979
Boyer,199,7,206
Briennon,1692,38,1730
Bully,408,7,415
Burdignes,368,9,377
Bussières,1545,45,1590
Bussy-Albieux,537,16,553
Caloire,316,7,323
Cellieu,1697,23,1720
Le Cergne,642,25,667
Cervières,120,8,128
Cezay,219,7,226
Chagnon,490,16,506
Chalain-d'Uzore,557,21,578
Chalain-le-Comtal,705,14,719
Chalmazel-Jeansagnière,451,4,455
La Chamba,50,2,52
Chambéon,562,5,567
Chambles,1000,31,1031
Le Chambon-Feugerolles,12317,91,12408
La Chambonie,42,2,44
Chambœuf,1711,35,1746
Champdieu,1919,44,1963
Champoly,329,2,331
Chandon,1484,30,1514
Changy,637,10,647
La Chapelle-en-Lafaye,113,1,114
La Chapelle-Villars,530,14,544
Charlieu,3667,105,3772
Châteauneuf,1599,21,1620
Châtelneuf,335,8,343
Châtelus,137,8,145
Chausseterre,224,5,229
Chavanay,2885,50,2935
Chazelles-sur-Lavieu,272,6,278
Chazelles-sur-Lyon,5357,97,5454
Chenereilles,523,6,529
Cherier,559,16,575
Chevrières,1128,25,1153
Chirassimont,400,5,405
Chuyer,775,10,785
Civens,1359,51,1410
Cleppé,529,13,542
Colombier,305,2,307
Combre,439,5,444
Commelle-Vernay,2955,91,3046
Cordelle,916,21,937
La Côte-en-Couzan,68,0,68
Le Coteau,6872,181,7053
Cottance,719,9,728
Coutouvre,1101,27,1128
Craintilleux,1328,14,1342
Cremeaux,904,22,926
Croizet-sur-Gand,314,6,320
Le Crozet,272,12,284
Cuinzier,728,13,741
Cuzieu,1525,20,1545
Dargoire,521,4,525
Débats-Rivière-d'Orpra,156,2,158
Doizieux,831,16,847
Écoche,537,13,550
Écotay-l'Olme,1212,50,1262
Épercieux-Saint-Paul,738,18,756
Essertines-en-Châtelneuf,696,17,713
Essertines-en-Donzy,490,12,502
Estivareilles,686,12,698
L' Étrat,2531,84,2615
Farnay,1408,29,1437
Feurs,8173,191,8364
Firminy,17135,254,17389
Fontanès,678,13,691
La Fouillouse,4501,63,4564
Fourneaux,588,17,605
Fraisses,3723,52,3775
Genilac,3896,75,3971
La Gimond,277,6,283
Graix,146,1,147
Grammond,906,21,927
La Grand-Croix,5136,40,5176
La Gresle,842,20,862
Grézieux-le-Fromental,233,2,235
Grézolles,267,8,275
Gumières,322,10,332
L' Hôpital-le-Grand,1054,24,1078
L' Hôpital-sous-Rochefort,110,1,111
L' Horme,4790,42,4832
Jarnosse,435,8,443
Jas,222,13,235
Jonzieux,1170,15,1185
Juré,242,7,249
Lavieu,116,8,124
Lay,745,20,765
Leigneux,377,8,385
Lentigny,1736,51,1787
Lérigneux,143,2,145
Lézigneux,1695,61,1756
Lorette,4700,32,4732
Lupé,307,7,314
Luré,142,2,144
Luriecq,1311,17,1328
Mably,7605,119,7724
Machézal,382,5,387
Maclas,1804,52,1856
Magneux-Haute-Rive,578,8,586
Maizilly,337,3,340
Malleval,578,16,594
Marcenod,710,19,729
Marcilly-le-Châtel,1390,45,1435
Marclopt,503,17,520
Marcoux,735,23,758
Margerie-Chantagret,805,15,820
Maringes,666,12,678
Marlhes,1292,76,1368
Marols,416,4,420
Mars,560,12,572
Merle-Leignec,320,4,324
Mizérieux,453,4,457
Montagny,1049,22,1071
Montarcher,67,3,70
Montbrison,15641,602,16243
Montchal,492,10,502
Montrond-les-Bains,5302,80,5382
Montverdun,1381,28,1409
Mornand-en-Forez,407,79,486
Nandax,521,297,818
Neaux,480,12,492
Néronde,457,51,508
Nervieux,993,15,1008
Neulise,1366,17,1383
Noailly,802,14,816
Les Noës,208,4,212
Noirétable,1588,105,1693
Nollieux,197,6,203
Notre-Dame-de-Boisset,566,15,581
Ouches,1158,20,1178
La Pacaudière,1057,20,1077
Palogneux,78,1,79
Panissières,2929,87,3016
Parigny,609,16,625
Pavezin,354,3,357
Pélussin,3765,103,3868
Périgneux,1512,26,1538
Perreux,2114,179,2293
Pinay,284,7,291
Planfoy,1039,24,1063
Pommiers,359,11,370
Poncins,1097,25,1122
Pouilly-lès-Feurs,1239,35,1274
Pouilly-les-Nonains,2123,45,2168
Pouilly-sous-Charlieu,2471,45,2516
Pradines,803,10,813
Pralong,847,21,868
Précieux,1031,105,1136
Régny,1525,30,1555
Renaison,3143,106,3249
La Ricamarie,7906,49,7955
Riorges,10774,296,11070
Rivas,663,6,669
Rive-de-Gier,15184,115,15299
Roanne,34366,693,35059
Roche,254,4,258
Roche-la-Molière,9697,98,9795
Roisey,936,31,967
Rozier-Côtes-d'Aurec,447,7,454
Rozier-en-Donzy,1444,38,1482
Sail-les-Bains,200,6,206
Sail-sous-Couzan,941,7,948
Saint-Alban-les-Eaux,969,29,998
Saint-André-d'Apchon,1946,66,2012
Saint-André-le-Puy,1539,25,1564
Saint-Appolinard,678,9,687
Saint-Barthélemy-Lestra,684,15,699
Saint-Bonnet-des-Quarts,318,12,330
Saint-Bonnet-le-Château,1527,48,1575
Saint-Bonnet-le-Courreau,687,14,701
Saint-Bonnet-les-Oules,1638,40,1678
Saint-Chamond,34967,557,35524
Saint-Christo-en-Jarez,1891,28,1919
Saint-Cyprien,2485,30,2515
Saint-Cyr-de-Favières,917,27,944
Saint-Cyr-de-Valorges,304,12,316
Saint-Cyr-les-Vignes,1042,29,1071
Saint-Denis-de-Cabanne,1251,27,1278
Saint-Denis-sur-Coise,657,18,675
Saint-Didier-sur-Rochefort,417,7,424
Saint-Étienne,172565,1955,174520
Saint-Étienne-le-Molard,1019,23,1042
Saint-Forgeux-Lespinasse,646,13,659
Saint-Galmier,5722,142,5864
Saint-Genest-Lerpt,6131,70,6201
Saint-Genest-Malifaux,2861,143,3004
Saint-Georges-de-Baroille,419,3,422
Saint-Georges-en-Couzan,420,10,430
Saint-Georges-Haute-Ville,1440,25,1465
Saint-Germain-la-Montagne,240,7,247
Saint-Germain-Laval,1635,30,1665
Saint-Germain-Lespinasse,1251,85,1336
Saint-Haon-le-Châtel,638,12,650
Saint-Haon-le-Vieux,958,26,984
Saint-Héand,3592,70,3662
Saint-Hilaire-Cusson-la-Valmitte,335,5,340
Saint-Hilaire-sous-Charlieu,535,10,545
Saint-Jean-Bonnefonds,6638,69,6707
Saint-Jean-la-Vêtre,316,11,327
Saint-Jean-Saint-Maurice-sur-Loire,1148,28,1176
Saint-Jean-Soleymieux,860,12,872
Saint-Jodard,414,5,419
Saint-Joseph,1901,30,1931
Saint-Julien-d'Oddes,272,13,285
Saint-Julien-Molin-Molette,1147,27,1174
Saint-Just-en-Bas,289,8,297
Saint-Just-en-Chevalet,1141,42,1183
Saint-Just-la-Pendue,1642,35,1677
Saint-Just-Saint-Rambert,15083,270,15353
Saint-Laurent-la-Conche,608,13,621
Saint-Laurent-Rochefort,246,3,249
Saint-Léger-sur-Roanne,1145,42,1187
Saint-Marcel-d'Urfé,290,7,297
Saint-Marcel-de-Félines,809,17,826
Saint-Marcellin-en-Forez,4848,50,4898
Saint-Martin-d'Estréaux,839,16,855
Saint-Martin-la-Plaine,3755,74,3829
Saint-Martin-la-Sauveté,955,62,1017
Saint-Martin-Lestra,895,20,915
Saint-Maurice-en-Gourgois,1813,21,1834
Saint-Médard-en-Forez,1040,25,1065
Saint-Michel-sur-Rhône,826,25,851
Saint-Nizier-de-Fornas,666,12,678
Saint-Nizier-sous-Charlieu,1702,45,1747
Saint-Paul-d'Uzore,170,11,181
Saint-Paul-en-Cornillon,1364,27,1391
Saint-Paul-en-Jarez,4844,60,4904
Saint-Pierre-de-Bœuf,1726,39,1765
Saint-Pierre-la-Noaille,383,8,391
Saint-Polgues,259,8,267
Saint-Priest-en-Jarez,6120,93,6213
Saint-Priest-la-Prugne,433,5,438
Saint-Priest-la-Roche,350,1,351
Saint-Priest-la-Vêtre,148,1,149
Saint-Régis-du-Coin,387,8,395
Saint-Rirand,140,2,142
Saint-Romain-d'Urfé,260,5,265
Saint-Romain-en-Jarez,1226,13,1239
Saint-Romain-la-Motte,1434,62,1496
Saint-Romain-le-Puy,3998,60,4058
Saint-Romain-les-Atheux,960,15,975
Saint-Sauveur-en-Rue,1095,22,1117
Saint-Sixte,710,12,722
Saint-Symphorien-de-Lay,1887,36,1923
Saint-Thomas-la-Garde,595,22,617
Saint-Victor-sur-Rhins,1181,20,1201
Saint-Vincent-de-Boisset,966,28,994
Sainte-Agathe-en-Donzy,129,1,130
Sainte-Agathe-la-Bouteresse,1023,31,1054
Sainte-Colombe-sur-Gand,408,11,419
Sainte-Croix-en-Jarez,478,7,485
Sainte-Foy-Saint-Sulpice,512,13,525
Les Salles,541,7,548
Salt-en-Donzy,544,17,561
Salvizinet,589,19,608
Sauvain,380,5,385
Savigneux,3432,75,3507
Sevelinges,647,12,659
Soleymieux,654,15,669
Sorbiers,7933,170,8103
Souternon,288,7,295
Sury-le-Comtal,6552,270,6822
La Talaudière,6860,96,6956
Tarentaise,475,6,481
Tartaras,854,54,908
La Terrasse-sur-Dorlay,785,11,796
Thélis-la-Combe,158,5,163
La Tour-en-Jarez,1479,37,1516
La Tourette,584,16,600
Trelins,654,7,661
La Tuilière,289,8,297
Unias,433,15,448
Unieux,8597,86,8683
Urbise,130,6,136
Usson-en-Forez,1482,25,1507
Valeille,737,8,745
Valfleury,708,17,725
La Valla-en-Gier,1042,30,1072
La Valla-sur-Rochefort,104,1,105
Veauche,8984,104,9088
Veauchette,1180,17,1197
Vendranges,371,5,376
Véranne,835,27,862
Vérin,669,14,683
Verrières-en-Forez,705,73,778
La Versanne,373,5,378
Vêtre-sur-Anzon,550,5,555
Vézelin-sur-Loire,789,9,798
Villars,7970,158,8128
Villemontais,1017,33,1050
Villerest,4902,139,5041
Villers,585,11,596
Violay,1239,17,1256
Viricelles,457,21,478
Virigneux,631,19,650
Vivans,230,5,235
Vougy,1466,64,1530
Agnat,187,4,191
Aiguilhe,1511,64,1575
Allègre,907,18,925
Alleyrac,117,7,124
Alleyras,161,4,165
Ally,139,1,140
Araules,597,17,614
Arlempdes,138,6,144
Arlet,24,0,24
Arsac-en-Velay,1208,29,1237
Aubazat,178,5,183
Aurec-sur-Loire,6111,83,6194
Autrac,63,2,65
Auvers,54,0,54
Auzon,896,19,915
Azérat,273,6,279
Bains,1353,40,1393
Barges,96,2,98
Bas-en-Basset,4348,84,4432
Beaulieu,1029,20,1049
Beaumont,286,12,298
Beaune-sur-Arzon,221,3,224
Beaux,845,13,858
Beauzac,2936,65,3001
Bellevue-la-Montagne,419,14,433
Berbezit,47,0,47
Bessamorel,458,15,473
La Besseyre-Saint-Mary,100,0,100
Blanzac,402,10,412
Blassac,136,5,141
Blavozy,1656,31,1687
Blesle,637,8,645
Boisset,345,1,346
Bonneval,70,3,73
Borne,413,6,419
Le Bouchet-Saint-Nicolas,280,6,286
Bournoncle-Saint-Pierre,991,22,1013
Le Brignon,601,14,615
Brioude,6721,360,7081
Brives-Charensac,4085,235,4320
Cayres,729,8,737
Céaux-d'Allègre,474,8,482
Cerzat,209,4,213
Ceyssac,416,19,435
Chadrac,2516,70,2586
Chadron,292,8,300
La Chaise-Dieu,620,36,656
Chamalières-sur-Loire,491,9,500
Chambezon,116,0,116
Le Chambon-sur-Lignon,2470,57,2527
Champagnac-le-Vieux,206,8,214
Champclause,201,5,206
Chanaleilles,181,9,190
Chaniat,172,6,178
Chanteuges,441,13,454
La Chapelle-Bertin,48,3,51
La Chapelle-d'Aurec,1019,14,1033
La Chapelle-Geneste,110,1,111
Charraix,71,4,75
Chaspinhac,845,23,868
Chaspuzac,778,15,793
Chassagnes,157,2,159
Chassignolles,62,1,63
Chastel,129,4,133
Chaudeyrolles,107,4,111
Chavaniac-Lafayette,275,9,284
Chazelles,35,2,37
Chenereilles,325,7,332
Chilhac,181,2,183
Chomelix,475,7,482
La Chomette,154,6,160
Cistrières,140,2,142
Cohade,863,25,888
Collat,78,3,81
Connangles,146,1,147
Costaros,544,16,560
Coubon,3243,88,3331
Couteuges,301,11,312
Craponne-sur-Arzon,1982,41,2023
Cronce,75,1,76
Cubelles,152,2,154
Cussac-sur-Loire,1710,34,1744
Desges,59,1,60
Domeyrat,194,4,198
Dunières,2787,68,2855
Espalem,304,7,311
Espaly-Saint-Marcel,3513,175,3688
Esplantas-Vazeilles,126,4,130
Les Estables,333,11,344
Fay-sur-Lignon,363,8,371
Félines,318,7,325
Ferrussac,81,2,83
Fix-Saint-Geneys,123,6,129
Fontannes,952,228,1180
Freycenet-la-Cuche,106,1,107
Freycenet-la-Tour,104,5,109
Frugerès-les-Mines,557,6,563
Frugières-le-Pin,159,5,164
Goudet,60,6,66
Grazac,1063,22,1085
Grenier-Montgon,115,2,117
Grèzes,198,6,204
Javaugues,189,9,198
Jax,147,4,151
Josat,84,1,85
Jullianges,442,8,450
Lafarre,72,3,75
Lamothe,859,15,874
Landos,891,27,918
Langeac,3662,80,3742
Lantriac,1928,54,1982
Lapte,1715,38,1753
Laussonne,1010,19,1029
Laval-sur-Doulon,63,2,65
Lavaudieu,243,7,250
Lavoûte-Chilhac,281,4,285
Lavoûte-sur-Loire,840,18,858
Lempdes-sur-Allagnon,1342,25,1367
Léotoing,234,5,239
Lissac,275,5,280
Lorlanges,374,13,387
Loudes,918,24,942
Lubilhac,85,1,86
Malrevers,754,15,769
Malvalette,835,15,850
Malvières,135,2,137
Le Mas-de-Tence,168,7,175
Mazerat-Aurouze,200,2,202
Mazet-Saint-Voy,1109,28,1137
Mazeyrat-d'Allier,1480,45,1525
Mercœur,139,0,139
Mézères,158,4,162
Le Monastier-sur-Gazeille,1789,32,1821
Monistrol-d'Allier,202,2,204
Monistrol-sur-Loire,8718,420,9138
Monlet,420,12,432
Montclard,55,0,55
Le Monteil,670,23,693
Montfaucon-en-Velay,1202,26,1228
Montregard,596,10,606
Montusclat,138,0,138
Moudeyres,100,3,103
Ouides,57,0,57
Paulhac,636,22,658
Paulhaguet,876,18,894
Pébrac,114,2,116
Le Pertuis,455,12,467
Pinols,192,6,198
Polignac,2814,85,2899
Pont-Salomon,2019,31,2050
Pradelles,549,27,576
Prades,64,2,66
Présailles,116,6,122
Le Puy-en-Velay,18995,949,19944
Queyrières,305,17,322
Raucoules,923,23,946
Rauret,195,6,201
Retournac,2929,59,2988
Riotord,1174,17,1191
Roche-en-Régnier,500,7,507
Rosières,1528,32,1560
Saint-André-de-Chalencon,356,15,371
Saint-Arcons-d'Allier,189,4,193
Saint-Arcons-de-Barges,121,1,122
Saint-Austremoine,45,0,45
Saint-Beauzire,415,5,420
Saint-Bérain,90,3,93
Saint-Bonnet-le-Froid,244,2,246
Saint-Christophe-d'Allier,91,1,92
Saint-Christophe-sur-Dolaison,953,12,965
Saint-Cirgues,163,6,169
Saint-Didier-en-Velay,3403,51,3454
Saint-Didier-sur-Doulon,195,8,203
Saint-Étienne-du-Vigan,100,4,104
Saint-Étienne-Lardeyrol,759,20,779
Saint-Étienne-sur-Blesle,55,1,56
Saint-Ferréol-d'Auroure,2464,30,2494
Saint-Front,403,4,407
Saint-Geneys-près-Saint-Paulien,317,4,321
Saint-Georges-d'Aurac,466,6,472
Saint-Georges-Lagricol,527,13,540
Saint-Germain-Laprade,3634,82,3716
Saint-Géron,258,4,262
Saint-Haon,300,8,308
Saint-Hilaire,158,2,160
Saint-Hostien,755,18,773
Saint-Ilpize,189,5,194
Saint-Jean-d'Aubrigoux,177,2,179
Saint-Jean-de-Nay,355,5,360
Saint-Jean-Lachalm,289,8,297
Saint-Jeures,964,26,990
Saint-Julien-Chapteuil,1920,42,1962
Saint-Julien-d'Ance,247,8,255
Saint-Julien-des-Chazes,67,1,68
Saint-Julien-du-Pinet,471,13,484
Saint-Julien-Molhesabate,176,1,177
Saint-Just-Malmont,4194,76,4270
Saint-Just-près-Brioude,426,14,440
Saint-Laurent-Chabreuges,257,12,269
Saint-Martin-de-Fugères,219,5,224
Saint-Maurice-de-Lignon,2597,70,2667
Saint-Pal-de-Chalencon,1016,16,1032
Saint-Pal-de-Mons,2281,54,2335
Saint-Pal-de-Senouire,109,2,111
Saint-Paul-de-Tartas,194,7,201
Saint-Paulien,2416,54,2470
Saint-Pierre-du-Champ,530,12,542
Saint-Pierre-Eynac,1147,28,1175
Saint-Préjet-Armandon,107,3,110
Saint-Préjet-d'Allier,165,5,170
Saint-Privat-d'Allier,398,12,410
Saint-Privat-du-Dragon,157,3,160
Saint-Romain-Lachalm,1093,24,1117
Saint-Vénérand,52,0,52
Saint-Vert,112,3,115
Saint-Victor-Malescours,818,18,836
Saint-Victor-sur-Arlanc,89,2,91
Saint-Vidal,603,9,612
Saint-Vincent,1012,20,1032
Sainte-Eugénie-de-Villeneuve,107,2,109
Sainte-Florine,3154,67,3221
Sainte-Marguerite,43,2,45
Sainte-Sigolène,5959,99,6058
Salettes,136,4,140
Salzuit,362,7,369
Sanssac-l'Église,1116,41,1157
Saugues,1736,127,1863
La Séauve-sur-Semène,1470,19,1489
Sembadel,229,6,235
Séneujols,310,7,317
Siaugues-Sainte-Marie,799,16,815
Solignac-sous-Roche,243,7,250
Solignac-sur-Loire,1270,32,1302
Tailhac,72,3,75
Tence,3098,45,3143
Thoras,229,8,237
Tiranges,479,16,495
Torsiac,68,1,69
Valprivas,509,11,520
Vals-le-Chastel,44,3,47
Vals-près-le-Puy,3396,130,3526
Varennes-Saint-Honorat,24,2,26
Les Vastres,203,6,209
Vazeilles-Limandre,253,4,257
Venteuges,347,6,353
Vergezac,502,6,508
Vergongheon,1851,58,1909
Vernassal,355,11,366
Le Vernet,24,0,24
Vézézoux,593,6,599
Vieille-Brioude,1194,39,1233
Vielprat,55,1,56
Villeneuve-d'Allier,290,10,300
Les Villettes,1423,24,1447
Vissac-Auteyrac,327,12,339
Vorey,1447,15,1462
Yssingeaux,7202,465,7667
Abbaretz,2088,27,2115
Aigrefeuille-sur-Maine,3936,107,4043
Ancenis-Saint-Géréon,10802,382,11184
Assérac,1790,32,1822
Avessac,2476,54,2530
Basse-Goulaine,9036,232,9268
Batz-sur-Mer,2906,75,2981
La Baule-Escoublac,16132,526,16658
La Bernerie-en-Retz,2968,48,3016
Besné,3051,35,3086
Le Bignon,3770,69,3839
Blain,9793,170,9963
La Boissière-du-Doré,1045,19,1064
Bouaye,7844,153,7997
Bouée,991,14,1005
Bouguenais,19331,278,19609
Boussay,2621,35,2656
Bouvron,3115,46,3161
Brains,2840,58,2898
Campbon,3998,69,4067
Carquefou,19805,433,20238
Casson,2303,26,2329
Le Cellier,3793,99,3892
La Chapelle-des-Marais,4185,85,4270
La Chapelle-Glain,812,8,820
La Chapelle-Heulin,3263,45,3308
La Chapelle-Launay,3052,42,3094
La Chapelle-sur-Erdre,19609,435,20044
Château-Thébaud,3026,174,3200
Châteaubriant,11974,518,12492
Chaumes-en-Retz,6759,109,6868
Chauvé,2876,46,2922
Cheix-en-Retz,1067,8,1075
La Chevallerais,1549,20,1569
La Chevrolière,5589,81,5670
Clisson,7187,234,7421
Conquereuil,1116,18,1134
Corcoué-sur-Logne,2927,39,2966
Cordemais,3705,46,3751
Corsept,2667,54,2721
Couëron,21372,243,21615
Couffé,2563,51,2614
Le Croisic,4093,54,4147
Crossac,2952,28,2980
Derval,3489,427,3916
Divatte-sur-Loire,6844,99,6943
Donges,7961,92,8053
Drefféac,2228,33,2261
Erbray,3006,72,3078
Fay-de-Bretagne,3618,56,3674
Fégréac,2445,49,2494
Fercé,474,11,485
Frossay,3221,57,3278
Le Gâvre,1796,37,1833
Geneston,3641,47,3688
Gétigné,3669,65,3734
Gorges,4658,338,4996
Grand-Auverné,768,13,781
Grandchamps-des-Fontaines,6016,109,6125
La Grigonnais,1675,23,1698
Guémené-Penfao,5200,81,5281
Guenrouet,3349,56,3405
Guérande,15873,553,16426
La Haie-Fouassière,4659,110,4769
Haute-Goulaine,5764,122,5886
Herbignac,6822,124,6946
Héric,6049,82,6131
Indre,3969,44,4013
Issé,1833,39,1872
Jans,1370,23,1393
Joué-sur-Erdre,2482,34,2516
Juigné-des-Moutiers,345,3,348
Le Landreau,2995,296,3291
Lavau-sur-Loire,767,26,793
Legé,4514,112,4626
Ligné,5174,66,5240
La Limouzinière,2414,29,2443
Loireauxence,7522,137,7659
Le Loroux-Bottereau,8227,133,8360
Louisfert,1029,29,1058
Lusanger,1047,20,1067
Machecoul-Saint-Même,7473,243,7716
Maisdon-sur-Sèvre,2942,38,2980
Malville,3463,52,3515
La Marne,1503,17,1520
Marsac-sur-Don,1507,21,1528
Massérac,691,13,704
Mauves-sur-Loire,3215,44,3259
La Meilleraye-de-Bretagne,1527,24,1551
Mésanger,4687,75,4762
Mesquer,1941,41,1982
Missillac,5342,68,5410
Moisdon-la-Rivière,1951,59,2010
Monnières,2239,46,2285
La Montagne,6231,148,6379
Montbert,3125,55,3180
Montoir-de-Bretagne,7088,78,7166
Montrelais,852,11,863
Mouais,385,4,389
Les Moutiers-en-Retz,1640,24,1664
Mouzeil,1889,25,1914
Mouzillon,2830,52,2882
Nantes,309346,5157,314503
Nort-sur-Erdre,8763,186,8949
Notre-Dame-des-Landes,2184,24,2208
Noyal-sur-Brutz,592,11,603
Nozay,4150,45,4195
Orvault,26355,727,27082
Oudon,3805,65,3870
Paimbœuf,3090,110,3200
Le Pallet,3239,53,3292
Pannecé,1364,23,1387
Paulx,1981,27,2008
Le Pellerin,5100,159,5259
Petit-Auverné,428,4,432
Petit-Mars,3601,52,3653
Pierric,976,15,991
Le Pin,754,15,769
Piriac-sur-Mer,2245,51,2296
La Plaine-sur-Mer,4266,85,4351
La Planche,2640,32,2672
Plessé,5248,131,5379
Pont-Saint-Martin,6037,81,6118
Pontchâteau,10684,219,10903
Pornic,15018,389,15407
Pornichet,10669,293,10962
Port-Saint-Père,2913,42,2955
Pouillé-les-Côteaux,1051,25,1076
Le Pouliguen,4275,101,4376
Préfailles,1246,30,1276
Prinquiau,3459,65,3524
Puceul,1128,19,1147
Quilly,1380,11,1391
La Regrippière,1527,26,1553
La Remaudière,1285,13,1298
Remouillé,1903,35,1938
Rezé,41411,743,42154
Riaillé,2333,58,2391
La Roche-Blanche,1194,13,1207
Rouans,2956,37,2993
Rougé,2230,58,2288
Ruffigné,703,8,711
Saffré,3907,50,3957
Saint-Aignan-Grandlieu,3944,60,4004
Saint-André-des-Eaux,6473,170,6643
Saint-Aubin-des-Châteaux,1795,43,1838
Saint-Brevin-les-Pins,13802,302,14104
Saint-Colomban,3355,75,3430
Saint-Étienne-de-Mer-Morte,1733,20,1753
Saint-Étienne-de-Montluc,7129,183,7312
Saint-Fiacre-sur-Maine,1207,22,1229
Saint-Gildas-des-Bois,3774,69,3843
Saint-Herblain,46268,730,46998
Saint-Hilaire-de-Chaléons,2287,44,2331
Saint-Hilaire-de-Clisson,2285,44,2329
Saint-Jean-de-Boiseau,5827,109,5936
Saint-Joachim,4033,64,4097
Saint-Julien-de-Concelles,6917,98,7015
Saint-Julien-de-Vouvantes,984,15,999
Saint-Léger-les-Vignes,1844,33,1877
Saint-Lumine-de-Clisson,2103,45,2148
Saint-Lumine-de-Coutais,2162,39,2201
Saint-Lyphard,4760,96,4856
Saint-Malo-de-Guersac,3166,64,3230
Saint-Mars-de-Coutais,2610,43,2653
Saint-Mars-du-Désert,4899,80,4979
Saint-Michel-Chef-Chef,4993,85,5078
Saint-Molf,2622,57,2679
Saint-Nazaire,69993,1779,71772
Saint-Nicolas-de-Redon,3179,68,3247
Saint-Père-en-Retz,4564,156,4720
Saint-Philbert-de-Grand-Lieu,8921,192,9113
Saint-Sébastien-sur-Loire,26838,670,27508
Saint-Viaud,2510,42,2552
Saint-Vincent-des-Landes,1528,27,1555
Sainte-Anne-sur-Brivet,2967,52,3019
Sainte-Luce-sur-Loire,15360,256,15616
Sainte-Pazanne,6774,127,6901
Sainte-Reine-de-Bretagne,2374,29,2403
Sautron,8192,158,8350
Savenay,8679,177,8856
Sévérac,1627,22,1649
Sion-les-Mines,1583,40,1623
Les Sorinières,8541,128,8669
Soudan,1997,56,2053
Soulvache,350,4,354
Sucé-sur-Erdre,7023,197,7220
Teillé,1791,25,1816
Le Temple-de-Bretagne,1967,16,1983
Thouaré-sur-Loire,10025,187,10212
Les Touches,2474,31,2505
Touvois,1828,25,1853
Trans-sur-Erdre,1077,6,1083
Treffieux,883,11,894
Treillières,9219,238,9457
Trignac,7868,79,7947
La Turballe,4426,97,4523
Vair-sur-Loire,4671,101,4772
Vallet,9015,170,9185
Vallons-de-l'Erdre,6556,120,6676
Vay,2046,28,2074
Vertou,24219,649,24868
Vieillevigne,3959,72,4031
Vigneux-de-Bretagne,6030,127,6157
Villeneuve-en-Retz,4929,53,4982
Villepot,669,14,683
Vue,1638,26,1664
Adon,220,5,225
Aillant-sur-Milleron,398,8,406
Amilly,12977,600,13577
Andonville,246,6,252
Ardon,1117,28,1145
Artenay,1890,27,1917
Aschères-le-Marché,1145,30,1175
Ascoux,1164,21,1185
Attray,211,4,215
Audeville,190,2,192
Augerville-la-Rivière,232,3,235
Aulnay-la-Rivière,506,13,519
Autruy-sur-Juine,688,13,701
Autry-le-Châtel,961,27,988
Auvilliers-en-Gâtinais,360,3,363
Auxy,987,18,1005
Baccon,690,29,719
Le Bardon,1036,18,1054
Barville-en-Gâtinais,324,6,330
Batilly-en-Gâtinais,458,3,461
Batilly-en-Puisaye,116,2,118
Baule,2073,38,2111
Bazoches-les-Gallerandes,1538,21,1559
Bazoches-sur-le-Betz,946,18,964
Beauchamps-sur-Huillard,405,7,412
Beaugency,7298,185,7483
Beaulieu-sur-Loire,1815,21,1836
Beaune-la-Rolande,2008,128,2136
Bellegarde,1620,83,1703
Le Bignon-Mirabeau,323,8,331
Boësses,380,20,400
Boigny-sur-Bionne,2128,51,2179
Boiscommun,1140,23,1163
Boismorand,815,17,832
Boisseaux,497,10,507
Bondaroy,412,13,425
Bonnée,713,12,725
Bonny-sur-Loire,1952,27,1979
Bordeaux-en-Gâtinais,112,3,115
Les Bordes,1892,43,1935
Bou,958,23,981
Bougy-lez-Neuville,159,3,162
Bouilly-en-Gâtinais,319,15,334
Boulay-les-Barres,982,18,1000
Bouzonville-aux-Bois,428,14,442
Bouzy-la-Forêt,1221,29,1250
Boynes,1355,37,1392
Bray-Saint-Aignan,1746,34,1780
Breteau,90,0,90
Briare,5209,94,5303
Briarres-sur-Essonne,544,10,554
Bricy,554,15,569
Bromeilles,329,6,335
Bucy-le-Roi,171,1,172
Bucy-Saint-Liphard,191,1,192
La Bussière,805,18,823
Cepoy,2367,51,2418
Cercottes,1459,25,1484
Cerdon,942,19,961
Cernoy-en-Berry,451,10,461
Césarville-Dossainville,273,2,275
Chailly-en-Gâtinais,683,11,694
Chaingy,3663,124,3787
Châlette-sur-Loing,12576,259,12835
Chambon-la-Forêt,942,14,956
Champoulet,55,0,55
Chanteau,1470,21,1491
Chantecoq,494,8,502
La Chapelle-Onzerain,124,2,126
La Chapelle-Saint-Mesmin,10353,197,10550
La Chapelle-Saint-Sépulcre,241,6,247
La Chapelle-sur-Aveyron,636,6,642
Chapelon,257,0,257
Le Charme,151,0,151
Charmont-en-Beauce,367,9,376
Charsonville,616,18,634
Château-Renard,2187,33,2220
Châteauneuf-sur-Loire,8126,112,8238
Châtenoy,471,10,481
Châtillon-Coligny,1889,25,1914
Châtillon-le-Roi,276,8,284
Châtillon-sur-Loire,3144,52,3196
Chaussy,316,11,327
Chécy,8667,175,8842
Chevannes,320,13,333
Chevillon-sur-Huillard,1422,37,1459
Chevilly,2662,38,2700
Chevry-sous-le-Bignon,226,2,228
Chilleurs-aux-Bois,1992,33,2025
Les Choux,515,9,524
Chuelles,1196,13,1209
Cléry-Saint-André,3443,66,3509
Coinces,543,9,552
Combleux,498,22,520
Combreux,276,6,282
Conflans-sur-Loing,365,10,375
Corbeilles,1544,17,1561
Corquilleroy,2792,54,2846
Cortrat,76,2,78
Coudroy,322,0,322
Coullons,2370,37,2407
Coulmiers,536,12,548
La Cour-Marigny,350,11,361
Courcelles-le-Roi,309,2,311
Courcy-aux-Loges,442,2,444
Courtemaux,257,2,259
Courtempierre,235,3,238
Courtenay,4018,68,4086
Cravant,977,17,994
Crottes-en-Pithiverais,339,6,345
Dadonville,2433,64,2497
Dammarie-en-Puisaye,173,2,175
Dammarie-sur-Loing,489,9,498
Dampierre-en-Burly,1508,26,1534
Darvoy,1865,32,1897
Desmonts,170,3,173
Dimancheville,115,3,118
Donnery,2854,39,2893
Dordives,3313,37,3350
Douchy-Montcorbon,1385,26,1411
Dry,1391,33,1424
Échilleuses,396,8,404
Égry,360,5,365
Engenville,564,17,581
Épieds-en-Beauce,1435,27,1462
Erceville,307,5,312
Ervauville,546,6,552
Escrennes,732,17,749
Escrignelles,52,0,52
Estouy,514,18,532
Faverelles,154,1,155
Fay-aux-Loges,3756,67,3823
Feins-en-Gâtinais,35,1,36
Férolles,1153,83,1236
Ferrières-en-Gâtinais,3687,80,3767
La Ferté-Saint-Aubin,7454,123,7577
Fleury-les-Aubrais,21026,279,21305
Fontenay-sur-Loing,1720,14,1734
Foucherolles,278,2,280
Fréville-du-Gâtinais,180,4,184
Gaubertin,257,8,265
Gémigny,206,4,210
Germigny-des-Prés,722,24,746
Gidy,2009,33,2042
Gien,14007,423,14430
Girolles,619,20,639
Givraines,414,6,420
Gondreville,335,10,345
Grangermont,193,3,196
Greneville-en-Beauce,700,8,708
Griselles,792,19,811
Guigneville,529,14,543
Guilly,644,16,660
Gy-les-Nonains,628,9,637
Huêtre,283,5,288
Huisseau-sur-Mauves,1655,30,1685
Ingrannes,537,3,540
Ingré,9087,227,9314
Intville-la-Guétard,140,2,142
Isdes,556,12,568
Jargeau,4604,45,4649
Jouy-en-Pithiverais,272,0,272
Jouy-le-Potier,1350,30,1380
Juranville,442,4,446
Laas,236,4,240
Ladon,1389,18,1407
Lailly-en-Val,3112,45,3157
Langesse,79,0,79
Léouville,83,2,85
Ligny-le-Ribault,1236,29,1265
Lion-en-Beauce,140,1,141
Lion-en-Sullias,405,6,411
Lombreuil,303,10,313
Lorcy,560,8,568
Lorris,2943,50,2993
Loury,2452,59,2511
Louzouer,266,7,273
Le Malesherbois,8201,162,8363
Marcilly-en-Villette,2124,39,2163
Mardié,2816,52,2868
Mareau-aux-Bois,576,14,590
Mareau-aux-Prés,1351,23,1374
Marigny-les-Usages,1560,35,1595
Marsainvilliers,297,8,305
Melleroy,504,4,508
Ménestreau-en-Villette,1468,35,1503
Mérinville,185,3,188
Messas,923,14,937
Meung-sur-Loire,6440,93,6533
Mézières-en-Gâtinais,272,5,277
Mézières-lez-Cléry,824,21,845
Mignères,320,3,323
Mignerette,395,8,403
Montargis,14643,569,15212
Montbarrois,311,4,315
Montbouy,739,18,757
Montcresson,1281,26,1307
Montereau,608,14,622
Montigny,246,4,250
Montliard,235,3,238
Mormant-sur-Vernisson,120,2,122
Morville-en-Beauce,168,6,174
Le Moulinet-sur-Solin,119,1,120
Moulon,195,1,196
Nancray-sur-Rimarde,599,18,617
Nargis,1498,33,1531
Nesploy,368,7,375
Neuville-aux-Bois,4714,72,4786
La Neuville-sur-Essonne,386,14,400
Neuvy-en-Sullias,1362,26,1388
Nevoy,1171,23,1194
Nibelle,1177,11,1188
Nogent-sur-Vernisson,2556,33,2589
Noyers,756,4,760
Oison,130,9,139
Olivet,21951,523,22474
Ondreville-sur-Essonne,407,9,416
Orléans,116685,2400,119085
Ormes,4122,78,4200
Orville,119,1,120
Ousson-sur-Loire,752,9,761
Oussoy-en-Gâtinais,409,13,422
Outarville,1337,23,1360
Ouvrouer-les-Champs,558,11,569
Ouzouer-des-Champs,244,8,252
Ouzouer-sous-Bellegarde,313,6,319
Ouzouer-sur-Loire,2738,70,2808
Ouzouer-sur-Trézée,1131,21,1152
Pannecières,131,1,132
Pannes,3698,63,3761
Patay,2190,34,2224
Paucourt,904,24,928
Pers-en-Gâtinais,256,1,257
Pierrefitte-ès-Bois,309,4,313
Pithiviers,8981,148,9129
Pithiviers-le-Vieil,1813,47,1860
Poilly-lez-Gien,2406,62,2468
Préfontaines,452,9,461
Presnoy,246,6,252
Pressigny-les-Pins,498,7,505
Puiseaux,3416,58,3474
Quiers-sur-Bézonde,1152,22,1174
Ramoulu,251,9,260
Rebréchien,1324,17,1341
Rouvray-Sainte-Croix,142,0,142
Rouvres-Saint-Jean,281,8,289
Rozières-en-Beauce,194,5,199
Rozoy-le-Vieil,418,5,423
Ruan,205,1,206
Saint-Aignan-le-Jaillard,606,7,613
Saint-Ay,3454,68,3522
Saint-Benoît-sur-Loire,2030,44,2074
Saint-Brisson-sur-Loire,981,25,1006
Saint-Cyr-en-Val,3309,72,3381
Saint-Denis-de-l'Hôtel,3045,39,3084
Saint-Denis-en-Val,7517,177,7694
Saint-Firmin-des-Bois,462,4,466
Saint-Firmin-sur-Loire,521,5,526
Saint-Florent,457,11,468
Saint-Germain-des-Prés,1916,18,1934
Saint-Gondon,1109,19,1128
Saint-Hilaire-les-Andrésis,916,15,931
Saint-Hilaire-Saint-Mesmin,3040,83,3123
Saint-Hilaire-sur-Puiseaux,175,4,179
Saint-Jean-de-Braye,20751,598,21349
Saint-Jean-de-la-Ruelle,16273,306,16579
Saint-Jean-le-Blanc,8702,222,8924
Saint-Loup-de-Gonois,97,3,100
Saint-Loup-des-Vignes,398,10,408
Saint-Lyé-la-Forêt,1170,18,1188
Saint-Martin-d'Abbat,1769,28,1797
Saint-Martin-sur-Ocre,1240,37,1277
Saint-Maurice-sur-Aveyron,865,14,879
Saint-Maurice-sur-Fessard,1183,26,1209
Saint-Michel,123,0,123
Saint-Péravy-la-Colombe,759,15,774
Saint-Père-sur-Loire,1049,12,1061
Saint-Pryvé-Saint-Mesmin,5803,98,5901
Saint-Sigismond,262,4,266
Sainte-Geneviève-des-Bois,1083,34,1117
Sandillon,3971,87,4058
Santeau,420,3,423
Saran,16365,208,16573
Sceaux-du-Gâtinais,635,13,648
Seichebrières,207,1,208
La Selle-en-Hermoy,810,14,824
La Selle-sur-le-Bied,1012,20,1032
Semoy,3176,73,3249
Sennely,709,6,715
Sermaises,1646,23,1669
Sigloy,678,5,683
Solterre,469,7,476
Sougy,826,13,839
Sully-la-Chapelle,431,8,439
Sully-sur-Loire,5348,91,5439
Sury-aux-Bois,792,19,811
Tavers,1346,36,1382
Thignonville,400,11,411
Thimory,737,11,748
Thorailles,179,4,183
Thou,229,4,233
Tigy,2315,48,2363
Tivernon,285,4,289
Tournoisis,407,9,416
Traînou,3343,79,3422
Treilles-en-Gâtinais,287,5,292
Triguères,1293,25,1318
Trinay,225,4,229
Vannes-sur-Cosson,602,8,610
Varennes-Changy,1489,26,1515
Vennecy,1812,37,1849
Vieilles-Maisons-sur-Joudry,638,8,646
Vienne-en-Val,1942,29,1971
Viglain,871,7,878
Villamblain,285,8,293
Villemandeur,6815,349,7164
Villemoutiers,486,6,492
Villemurlin,585,3,588
Villeneuve-sur-Conie,206,7,213
Villereau,375,3,378
Villevoques,212,6,218
Villorceau,1132,22,1154
Vimory,1173,35,1208
Vitry-aux-Loges,2185,37,2222
Vrigny,823,24,847
Yèvre-la-Ville,702,17,719
Albas,525,13,538
Albiac,70,2,72
Alvignac,720,26,746
Anglars,214,2,216
Anglars-Juillac,326,8,334
Anglars-Nozac,365,4,369
Arcambal,994,24,1018
Les Arques,195,5,200
Assier,651,20,671
Aujols,364,10,374
Autoire,358,9,367
Aynac,550,10,560
Bach,178,2,180
Bagnac-sur-Célé,1475,38,1513
Baladou,399,16,415
Bannes,135,3,138
Barguelonne-en-Quercy,680,17,697
Le Bastit,143,3,146
Beauregard,233,12,245
Béduer,720,26,746
Bélaye,224,1,225
Belfort-du-Quercy,516,6,522
Bellefont-La Rauze,1230,24,1254
Belmont-Bretenoux,401,11,412
Belmont-Sainte-Foi,101,3,104
Berganty,116,2,118
Bessonies,81,2,83
Bétaille,1006,26,1032
Biars-sur-Cère,2139,52,2191
Bio,348,13,361
Blars,138,3,141
Boissières,397,5,402
Le Bourg,331,10,341
Boussac,185,8,193
Le Bouyssou,139,2,141
Bouziès,84,1,85
Brengues,211,5,216
Bretenoux,1356,26,1382
Cabrerets,229,8,237
Cadrieu,158,7,165
Cahors,19878,930,20808
Cahus,206,2,208
Caillac,599,21,620
Cajarc,1125,34,1159
Calamane,458,10,468
Calès,167,6,173
Calvignac,207,3,210
Cambayrac,154,5,159
Cambes,364,10,374
Camboulit,257,5,262
Camburat,421,13,434
Caniac-du-Causse,367,3,370
Capdenac,1105,26,1131
Carayac,101,5,106
Cardaillac,602,18,620
Carennac,408,15,423
Carlucet,220,9,229
Carnac-Rouffiac,219,1,220
Cassagnes,181,4,185
Castelfranc,426,8,434
Castelnau Montratier-Sainte Alauzie,1880,41,1921
Catus,860,15,875
Cavagnac,461,14,475
Cazals,625,15,640
Cénevières,172,3,175
Cézac,168,2,170
Cieurac,550,14,564
Concorès,313,7,320
Concots,423,17,440
Condat,414,8,422
Corn,227,5,232
Cornac,348,9,357
Couzou,92,2,94
Cras,103,2,105
Crayssac,770,13,783
Crégols,76,3,79
Cremps,361,9,370
Cressensac-Sarrazac,1136,23,1159
Creysse,305,8,313
Cuzac,241,6,247
Cuzance,607,13,620
Cœur de Causse,954,20,974
Dégagnac,667,18,685
Douelle,816,29,845
Duravel,965,7,972
Durbans,141,2,143
Escamps,209,5,214
Esclauzels,224,4,228
Espagnac-Sainte-Eulalie,91,3,94
Espédaillac,270,5,275
Espère,1044,26,1070
Espeyroux,97,2,99
Estal,109,6,115
Fajoles,288,6,294
Faycelles,659,26,685
Felzins,443,6,449
Figeac,9792,681,10473
Flaujac-Gare,99,6,105
Flaujac-Poujols,772,17,789
Floirac,258,7,265
Floressas,163,5,168
Fons,405,17,422
Fontanes,476,8,484
Fourmagnac,161,4,165
Francoulès,220,5,225
Frayssinet,304,7,311
Frayssinet-le-Gélat,358,7,365
Frayssinhes,167,6,173
Frontenac,69,6,75
Gagnac-sur-Cère,671,44,715
Gignac,666,13,679
Gigouzac,275,0,275
Gindou,321,4,325
Ginouillac,154,5,159
Gintrac,103,4,107
Girac,379,8,387
Glanes,308,11,319
Gorses,325,10,335
Goujounac,225,2,227
Gourdon,4094,128,4222
Gramat,3528,65,3593
Gréalou,282,9,291
Grézels,224,5,229
Grèzes,175,5,180
Issendolus,516,22,538
Issepts,241,4,245
Les Junies,269,5,274
Labastide-du-Haut-Mont,49,1,50
Labastide-du-Vert,269,7,276
Labastide-Marnhac,1226,22,1248
Labathude,209,6,215
Laburgade,353,14,367
Lacapelle-Cabanac,162,2,164
Lacapelle-Marival,1272,24,1296
Lacave,262,13,275
Lachapelle-Auzac,792,13,805
Ladirat,97,5,102
Lagardelle,124,0,124
Lalbenque,1684,45,1729
Lamagdelaine,698,21,719
Lamothe-Cassel,129,3,132
Lamothe-Fénelon,293,4,297
Lanzac,588,17,605
Laramière,348,12,360
Larnagol,137,1,138
Larroque-Toirac,133,5,138
Latouille-Lentillac,226,13,239
Latronquière,441,15,456
Lauresses,263,6,269
Lauzès,189,6,195
Laval-de-Cère,296,8,304
Lavercantière,244,12,256
Lavergne,446,17,463
Lendou-en-Quercy,642,15,657
Lentillac-du-Causse,99,0,99
Lentillac-Saint-Blaise,179,1,180
Léobard,210,7,217
Leyme,933,24,957
Lherm,229,2,231
Lhospitalet,496,17,513
Limogne-en-Quercy,762,19,781
Linac,223,1,224
Lissac-et-Mouret,918,32,950
Livernon,680,17,697
Loubressac,537,21,558
Loupiac,260,1,261
Lugagnac,127,5,132
Lunan,567,21,588
Lunegarde,100,3,103
Luzech,1815,30,1845
Marcilhac-sur-Célé,200,2,202
Marminiac,361,11,372
Martel,1597,50,1647
Masclat,361,7,368
Mauroux,526,11,537
Maxou,305,7,312
Mayrac,249,7,256
Mayrinhac-Lentour,511,13,524
Mechmont,125,3,128
Mercuès,1116,21,1137
Meyronne,278,7,285
Miers,455,13,468
Milhac,183,3,186
Molières,362,7,369
Montamel,108,3,111
Le Montat,1036,118,1154
Montbrun,99,1,100
Montcabrier,355,3,358
Montcléra,271,5,276
Montcuq-en-Quercy-Blanc,1706,55,1761
Montdoumerc,538,7,545
Montet-et-Bouxal,218,7,225
Montfaucon,592,9,601
Montgesty,339,3,342
Montlauzun,123,4,127
Montredon,297,5,302
Montvalent,286,11,297
Nadaillac-de-Rouge,159,8,167
Nadillac,61,2,63
Nuzéjouls,372,2,374
Orniac,72,3,75
Padirac,158,10,168
Parnac,377,9,386
Payrac,620,17,637
Payrignac,671,14,685
Les Pechs du Vers,310,8,318
Pern,449,10,459
Pescadoires,190,3,193
Peyrilles,354,13,367
Pinsac,774,24,798
Planioles,525,9,534
Pomarède,189,3,192
Pontcirq,158,0,158
Porte-du-Quercy,576,10,586
Pradines,3467,100,3567
Prayssac,2397,74,2471
Prendeignes,230,8,238
Promilhanes,226,3,229
Prudhomat,715,15,730
Puy-l'Évêque,1973,31,2004
Puybrun,1005,18,1023
Puyjourdes,89,2,91
Quissac,112,3,115
Rampoux,98,2,100
Reilhac,172,4,176
Reilhaguet,130,5,135
Reyrevignes,386,12,398
Rignac,266,14,280
Le Roc,220,6,226
Rocamadour,606,20,626
Rouffilhac,186,4,190
Rudelle,173,7,180
Rueyres,196,2,198
Sabadel-Latronquière,96,0,96
Sabadel-Lauzès,79,1,80
Saignes,78,1,79
Saillac,159,5,164
Saint-Bressou,114,3,117
Saint-Caprais,75,2,77
Saint-Céré,3462,167,3629
Saint-Chamarand,187,2,189
Saint-Chels,141,5,146
Saint-Cirgues,350,14,364
Saint-Cirq-Lapopie,203,2,205
Saint-Cirq-Madelon,128,3,131
Saint-Cirq-Souillaguet,159,1,160
Saint-Clair,145,2,147
Saint-Denis-Catus,181,6,187
Saint-Denis-lès-Martel,333,7,340
Saint-Félix,522,8,530
Saint-Germain-du-Bel-Air,562,12,574
Saint Géry-Vers,863,18,881
Saint-Hilaire,66,2,68
Saint-Jean-de-Laur,237,4,241
Saint-Jean-Lagineste,336,6,342
Saint-Jean-Lespinasse,393,17,410
Saint-Jean-Mirabel,240,4,244
Saint-Laurent-les-Tours,891,25,916
Saint-Martin-Labouval,186,6,192
Saint-Martin-le-Redon,210,12,222
Saint-Maurice-en-Quercy,218,4,222
Saint-Médard,177,6,183
Saint-Médard-de-Presque,202,7,209
Saint-Médard-Nicourby,93,0,93
Saint-Michel-de-Bannières,318,8,326
Saint-Michel-Loubéjou,401,15,416
Saint-Paul-de-Vern,181,4,185
Saint-Paul-Flaugnac,997,27,1024
Saint-Perdoux,211,9,220
Saint-Pierre-Lafeuille,367,12,379
Saint-Pierre-Toirac,153,0,153
Saint-Projet,342,8,350
Saint-Simon,172,2,174
Saint-Sozy,468,12,480
Saint-Sulpice,144,4,148
Saint-Vincent-du-Pendit,191,6,197
Saint-Vincent-Rive-d'Olt,443,15,458
Sainte-Colombe,208,2,210
Salviac,1211,26,1237
Sauliac-sur-Célé,121,3,124
Sauzet,515,5,520
Sénaillac-Latronquière,142,4,146
Sénaillac-Lauzès,128,3,131
Séniergues,131,1,132
Sérignac,300,1,301
Sonac,85,3,88
Soturac,637,5,642
Soucirac,101,1,102
Souillac,3284,392,3676
Soulomès,120,2,122
Sousceyrac-en-Quercy,1351,23,1374
Strenquels,271,2,273
Tauriac,418,8,426
Terrou,168,45,213
Teyssieu,173,4,177
Thédirac,296,5,301
Thégra,472,13,485
Thémines,218,3,221
Théminettes,169,6,175
Tour-de-Faure,323,14,337
Touzac,373,8,381
Trespoux-Rassiels,812,32,844
Ussel,95,2,97
Uzech,216,4,220
Varaire,314,6,320
Vaylats,323,4,327
Vayrac,1292,26,1318
Viazac,328,4,332
Vidaillac,171,4,175
Le Vigan,1603,37,1640
Le Vignon-en-Quercy,1014,25,1039
Villesèque,396,17,413
Vire-sur-Lot,350,31,381
Agen,33576,841,34417
Agmé,104,4,108
Agnac,422,7,429
Aiguillon,4387,141,4528
Allemans-du-Dropt,493,5,498
Allez-et-Cazeneuve,567,20,587
Allons,165,6,171
Ambrus,113,0,113
Andiran,222,8,230
Antagnac,231,3,234
Anthé,201,7,208
Anzex,313,2,315
Argenton,315,11,326
Armillac,198,7,205
Astaffort,2050,38,2088
Aubiac,1119,25,1144
Auradou,396,9,405
Auriac-sur-Dropt,177,6,183
Bajamont,978,19,997
Baleyssagues,176,5,181
Barbaste,1522,126,1648
Bazens,546,9,555
Beaugas,359,4,363
Beaupuy,1650,41,1691
Beauville,566,7,573
Beauziac,237,8,245
Bias,3031,66,3097
Birac-sur-Trec,843,18,861
Blanquefort-sur-Briolance,470,9,479
Blaymont,209,6,215
Boé,5593,92,5685
Bon-Encontre,6199,147,6346
Boudy-de-Beauregard,414,3,417
Bouglon,616,13,629
Bourgougnague,321,80,401
Bourlens,380,5,385
Bournel,246,4,250
Bourran,616,9,625
Boussès,37,0,37
Brax,2070,46,2116
Bruch,748,15,763
Brugnac,183,7,190
Buzet-sur-Baïse,1284,14,1298
Cahuzac,307,3,310
Calignac,478,5,483
Calonges,648,12,660
Cambes,180,5,185
Cancon,1340,20,1360
Casseneuil,2386,46,2432
Cassignas,125,1,126
Castelculier,2375,52,2427
Casteljaloux,4579,57,4636
Castella,367,7,374
Castelmoron-sur-Lot,1748,24,1772
Castelnau-sur-Gupie,890,32,922
Castelnaud-de-Gratecambe,508,7,515
Castillonnès,1417,21,1438
Caubeyres,253,1,254
Caubon-Saint-Sauveur,255,4,259
Caudecoste,1072,19,1091
Caumont-sur-Garonne,726,9,735
Cauzac,423,4,427
Cavarc,159,2,161
Cazideroque,230,7,237
Clairac,2622,194,2816
Clermont-Dessous,876,12,888
Clermont-Soubiran,382,8,390
Cocumont,1081,22,1103
Colayrac-Saint-Cirq,3074,48,3122
Condezaygues,854,24,878
Coulx,238,2,240
Courbiac,114,2,116
Cours,202,5,207
Couthures-sur-Garonne,339,2,341
La Croix-Blanche,1053,23,1076
Cuq,268,4,272
Cuzorn,849,17,866
Damazan,1354,46,1400
Dausse,510,18,528
Dévillac,133,3,136
Dolmayrac,712,15,727
Dondas,214,1,215
Doudrac,90,3,93
Douzains,269,5,274
Durance,293,3,296
Duras,1284,21,1305
Engayrac,169,3,172
Escassefort,600,9,609
Esclottes,151,2,153
Espiens,374,8,382
Estillac,2007,44,2051
Fals,378,4,382
Fargues-sur-Ourbise,344,9,353
Fauguerolles,790,8,798
Fauillet,848,16,864
Ferrensac,211,6,217
Feugarolles,993,21,1014
Fieux,351,9,360
Fongrave,625,16,641
Foulayronnes,5430,217,5647
Fourques-sur-Garonne,1318,28,1346
Francescas,747,11,758
Fréchou,229,4,233
Frégimont,259,4,263
Frespech,293,5,298
Fumel,4834,92,4926
Galapian,316,6,322
Gaujac,255,7,262
Gavaudun,284,5,289
Gontaud-de-Nogaret,1695,29,1724
Granges-sur-Lot,596,8,604
Grateloup-Saint-Gayrand,428,13,441
Grayssas,130,3,133
Grézet-Cavagnan,385,1,386
Guérin,249,7,256
Hautefage-la-Tour,993,17,1010
Hautesvignes,177,1,178
Houeillès,569,8,577
Jusix,116,3,119
Labastide-Castel-Amouroux,308,1,309
Labretonie,180,3,183
Lacapelle-Biron,423,5,428
Lacaussade,216,6,222
Lacépède,320,7,327
Lachapelle,84,1,85
Lafitte-sur-Lot,827,13,840
Lafox,1141,30,1171
Lagarrigue,276,6,282
Lagruère,324,6,330
Lagupie,713,15,728
Lalandusse,222,4,226
Lamontjoie,605,8,613
Lannes,369,9,378
Laparade,370,10,380
Laperche,127,4,131
Laplume,1390,33,1423
Laroque-Timbaut,1721,41,1762
Lasserre,76,3,79
Laugnac,667,15,682
Laussou,295,7,302
Lauzun,745,6,751
Lavardac,2260,60,2320
Lavergne,593,13,606
Layrac,3623,55,3678
Lédat,1398,36,1434
Lévignac-de-Guyenne,663,14,677
Leyritz-Moncassin,205,1,206
Longueville,366,7,373
Loubès-Bernac,415,3,418
Lougratte,402,10,412
Lusignan-Petit,362,4,366
Madaillan,651,15,666
Marcellus,863,8,871
Marmande,17691,589,18280
Marmont-Pachas,169,3,172
Le Mas-d'Agenais,1490,34,1524
Masquières,181,2,183
Massels,115,0,115
Massoulès,215,5,220
Mauvezin-sur-Gupie,593,8,601
Mazières-Naresse,127,4,131
Meilhan-sur-Garonne,1326,69,1395
Mézin,1554,27,1581
Miramont-de-Guyenne,3154,105,3259
Moirax,1156,41,1197
Monbahus,596,30,626
Monbalen,421,10,431
Moncaut,614,19,633
Monclar,871,13,884
Moncrabeau,733,18,751
Monflanquin,2313,55,2368
Mongaillard,180,7,187
Monheurt,192,3,195
Monségur,399,8,407
Monsempron-Libos,2091,29,2120
Montagnac-sur-Auvignon,615,14,629
Montagnac-sur-Lède,273,3,276
Montastruc,265,1,266
Montauriol,173,6,179
Montaut,251,3,254
Montayral,2680,66,2746
Montesquieu,783,12,795
Monteton,331,2,333
Montignac-de-Lauzun,286,4,290
Montignac-Toupinerie,149,0,149
Montpezat,559,46,605
Montpouillan,800,8,808
Monviel,79,1,80
Moulinet,198,4,202
Moustier,326,4,330
Nérac,6827,506,7333
Nicole,225,3,228
Nomdieu,255,8,263
Pailloles,339,6,345
Pardaillan,308,3,311
Parranquet,116,1,117
Le Passage,9561,171,9732
Paulhiac,308,7,315
Penne-d'Agenais,2346,49,2395
Peyrière,278,3,281
Pindères,209,8,217
Pinel-Hauterive,572,5,577
Pompiey,215,5,220
Pompogne,210,6,216
Pont-du-Casse,4212,121,4333
Port-Sainte-Marie,1931,32,1963
Poudenas,254,4,258
Poussignac,275,6,281
Prayssas,998,27,1025
Puch-d'Agenais,700,13,713
Pujols,3635,135,3770
Puymiclan,656,13,669
Puymirol,930,21,951
Puysserampion,245,4,249
Rayet,179,2,181
Razimet,305,6,311
Réaup-Lisse,606,18,624
La Réunion,488,9,497
Rives,221,8,229
Romestaing,166,6,172
Roquefort,1885,36,1921
Roumagne,542,10,552
Ruffiac,173,2,175
Saint-Antoine-de-Ficalba,722,11,733
Saint-Astier,222,5,227
Saint-Aubin,415,9,424
Saint-Avit,170,2,172
Saint-Barthélemy-d'Agenais,516,4,520
Saint-Caprais-de-Lerm,646,20,666
Saint-Colomb-de-Lauzun,478,4,482
Saint-Étienne-de-Fougères,829,13,842
Saint-Étienne-de-Villeréal,298,9,307
Saint-Eutrope-de-Born,680,18,698
Saint-Front-sur-Lémance,530,13,543
Saint-Georges,550,19,569
Saint-Géraud,95,2,97
Saint-Hilaire-de-Lusignan,1491,39,1530
Saint-Jean-de-Duras,245,9,254
Saint-Jean-de-Thurac,560,7,567
Saint-Laurent,525,4,529
Saint-Léger,133,4,137
Saint-Léon,322,5,327
Saint-Martin-Curton,313,8,321
Saint-Martin-de-Beauville,177,3,180
Saint-Martin-de-Villeréal,107,4,111
Saint-Martin-Petit,586,8,594
Saint-Maurice-de-Lestapel,106,4,110
Saint-Maurin,454,6,460
Saint-Nicolas-de-la-Balerme,408,4,412
Saint-Pardoux-du-Breuil,612,14,626
Saint-Pardoux-Isaac,1141,14,1155
Saint-Pastour,389,8,397
Saint-Pé-Saint-Simon,211,4,215
Saint-Pierre-de-Buzet,290,2,292
Saint-Pierre-de-Clairac,865,19,884
Saint-Pierre-sur-Dropt,338,3,341
Saint-Quentin-du-Dropt,195,7,202
Saint-Robert,184,6,190
Saint-Romain-le-Noble,418,6,424
Saint-Salvy,200,1,201
Saint-Sardos,295,7,302
Saint-Sauveur-de-Meilhan,333,1,334
Saint-Sernin,434,8,442
Saint-Sixte,358,5,363
Saint-Sylvestre-sur-Lot,2296,51,2347
Saint-Urcisse,236,1,237
Saint-Vincent-de-Lamontjoie,245,7,252
Saint-Vite,1170,25,1195
Sainte-Bazeille,3136,126,3262
Sainte-Colombe-de-Duras,105,1,106
Sainte-Colombe-de-Villeneuve,492,11,503
Sainte-Colombe-en-Bruilhois,1662,48,1710
Sainte-Gemme-Martaillac,411,5,416
Sainte-Livrade-sur-Lot,6459,177,6636
Sainte-Marthe,605,5,610
Sainte-Maure-de-Peyriac,332,11,343
Salles,293,7,300
Samazan,884,18,902
Sauméjan,107,0,107
Saumont,256,3,259
Sauvagnas,527,14,541
La Sauvetat-de-Savères,536,11,547
La Sauvetat-du-Dropt,535,10,545
La Sauvetat-sur-Lède,633,15,648
Sauveterre-la-Lémance,537,7,544
Sauveterre-Saint-Denis,387,17,404
Savignac-de-Duras,220,1,221
Savignac-sur-Leyze,302,6,308
Ségalas,156,5,161
Sembas,141,3,144
Sénestis,211,3,214
Sérignac-Péboudou,175,5,180
Sérignac-sur-Garonne,1172,21,1193
Seyches,1050,10,1060
Sos,664,7,671
Soumensac,231,9,240
Taillebourg,65,2,67
Tayrac,397,7,404
Le Temple-sur-Lot,1027,18,1045
Thézac,200,5,205
Thouars-sur-Garonne,218,3,221
Tombebœuf,460,4,464
Tonneins,9069,223,9292
Tourliac,135,7,142
Tournon-d'Agenais,761,13,774
Tourtrès,134,0,134
Trémons,392,10,402
Trentels,872,27,899
Varès,671,8,679
Verteuil-d'Agenais,607,11,618
Vianne,1016,15,1031
Villebramar,100,4,104
Villefranche-du-Queyran,390,1,391
Villeneuve-de-Duras,319,5,324
Villeneuve-sur-Lot,22064,705,22769
Villeréal,1279,40,1319
Villeton,456,6,462
Virazeil,1702,33,1735
Xaintrailles,418,3,421
Albaret-le-Comtal,174,5,179
Albaret-Sainte-Marie,568,24,592
Allenc,241,5,246
Altier,202,11,213
Antrenas,331,8,339
Arzenc-d'Apcher,50,0,50
Arzenc-de-Randon,200,8,208
Auroux,385,8,393
Badaroux,969,41,1010
Balsièges,549,19,568
Banassac-Canilhac,1044,33,1077
Barjac,751,17,768
Barre-des-Cévennes,202,7,209
Bassurels,61,0,61
La Bastide-Puylaurent,157,3,160
Bédouès-Cocurès,471,14,485
Bel-Air-Val-d'Ance,526,7,533
Les Bessons,440,28,468
Blavignac,258,1,259
Les Bondons,141,4,145
Le Born,147,0,147
Bourgs sur Colagne,2137,49,2186
Brenoux,382,9,391
Brion,79,1,80
Le Buisson,224,6,230
La Canourgue,2161,95,2256
Cans et Cévennes,284,11,295
Cassagnas,123,2,125
Chadenet,109,2,111
Chanac,1455,32,1487
Chastanier,78,0,78
Chastel-Nouvel,882,33,915
Châteauneuf-de-Randon,550,8,558
Chauchailles,90,2,92
Chaudeyrac,305,11,316
Chaulhac,70,1,71
Cheylard-l'Évêque,64,3,67
Le Collet-de-Dèze,748,48,796
Cubières,179,7,186
Cubiérettes,53,1,54
Cultures,165,4,169
Esclanèdes,392,9,401
La Fage-Montivernoux,155,5,160
La Fage-Saint-Julien,303,6,309
Florac Trois Rivières,2075,42,2117
Fontans,219,3,222
Fournels,367,8,375
Fraissinet-de-Fourques,79,0,79
Gabriac,100,3,103
Gabrias,152,5,157
Gatuzières,56,0,56
Gorges du Tarn Causses,953,31,984
Grandrieu,747,13,760
Grandvals,72,1,73
Grèzes,224,6,230
Les Hermaux,99,2,101
Hures-la-Parade,247,14,261
Ispagnac,890,20,910
Julianges,53,2,55
Lachamp-Ribennes,344,10,354
Lajo,106,3,109
Langogne,2891,194,3085
Lanuéjols,323,10,333
Laubert,97,4,101
Les Laubies,159,4,163
Laval-du-Tarn,96,4,100
Luc,216,5,221
La Malène,138,4,142
Le Malzieu-Forain,476,11,487
Le Malzieu-Ville,730,15,745
Marchastel,57,6,63
Marvejols,4722,241,4963
Mas-Saint-Chély,113,5,118
Massegros Causses Gorges,991,27,1018
Mende,12134,833,12967
Meyrueis,831,132,963
Moissac-Vallée-Française,218,9,227
Molezon,93,4,97
Mont Lozère et Goulet,1041,48,1089
Montbel,114,3,117
Montrodat,1236,79,1315
Monts-de-Randon,1301,20,1321
Les Monts-Verts,354,11,365
Nasbinals,528,29,557
Naussac-Fontanes,356,18,374
Noalhac,99,0,99
Palhers,182,7,189
La Panouse,77,2,79
Paulhac-en-Margeride,101,4,105
Pelouse,234,8,242
Peyre en Aubrac,2287,81,2368
Pied-de-Borne,180,12,192
Pierrefiche,163,5,168
Le Pompidou,160,7,167
Pont de Montvert - Sud Mont Lozère,584,24,608
Pourcharesses,120,2,122
Prévenchères,254,13,267
Prinsuéjols-Malbouzon,280,10,290
Prunières,256,17,273
Recoules-d'Aubrac,186,6,192
Recoules-de-Fumas,103,0,103
Rimeize,585,21,606
Rocles,233,6,239
Rousses,118,1,119
Le Rozier,132,6,138
Saint-Alban-sur-Limagnole,1349,31,1380
Saint-André-Capcèze,183,0,183
Saint-André-de-Lancize,134,2,136
Saint-Bauzile,621,25,646
Saint-Bonnet-de-Chirac,68,1,69
Saint Bonnet-Laval,253,2,255
Saint-Chély-d'Apcher,4164,582,4746
Saint-Denis-en-Margeride,171,7,178
Saint-Étienne-du-Valdonnez,647,40,687
Saint-Étienne-Vallée-Française,510,31,541
Saint-Flour-de-Mercoire,192,7,199
Saint-Frézal-d'Albuges,70,2,72
Saint-Gal,87,5,92
Saint-Germain-de-Calberte,448,6,454
Saint-Germain-du-Teil,889,12,901
Saint-Hilaire-de-Lavit,113,4,117
Saint-Jean-la-Fouillouse,158,7,165
Saint-Juéry,67,2,69
Saint-Julien-des-Points,109,1,110
Saint-Laurent-de-Muret,185,10,195
Saint-Laurent-de-Veyrès,37,1,38
Saint-Léger-de-Peyre,187,5,192
Saint-Léger-du-Malzieu,215,4,219
Saint-Martin-de-Boubaux,184,5,189
Saint-Martin-de-Lansuscle,188,5,193
Saint-Michel-de-Dèze,243,3,246
Saint-Paul-le-Froid,140,3,143
Saint-Pierre-de-Nogaret,180,5,185
Saint-Pierre-des-Tripiers,88,4,92
Saint-Pierre-le-Vieux,318,9,327
Saint-Privat-de-Vallongue,227,6,233
Saint-Privat-du-Fau,124,2,126
Saint-Saturnin,64,2,66
Saint-Sauveur-de-Ginestoux,57,2,59
Sainte-Croix-Vallée-Française,274,9,283
Sainte-Eulalie,37,2,39
Sainte-Hélène,101,4,105
Les Salces,97,1,98
Les Salelles,164,6,170
Serverette,257,5,262
Termes,210,8,218
La Tieule,91,3,94
Trélans,92,2,94
Vebron,204,1,205
Ventalon en Cévennes,237,6,243
Vialas,432,48,480
Villefort,548,12,560
Allonnes,3029,55,3084
Angers,152960,3077,156037
Angrie,949,13,962
Antoigné,465,4,469
Armaillé,314,5,319
Artannes-sur-Thouet,424,17,441
Aubigné-sur-Layon,366,11,377
Avrillé,13692,332,14024
Baracé,580,5,585
Baugé-en-Anjou,11892,250,12142
Beaucouzé,5156,100,5256
Beaufort-en-Anjou,7226,157,7383
Beaulieu-sur-Layon,1391,29,1420
Beaupréau-en-Mauges,23228,712,23940
Bécon-les-Granits,2803,114,2917
Bégrolles-en-Mauges,2068,40,2108
Béhuard,125,6,131
Bellevigne-en-Layon,5730,113,5843
Bellevigne-les-Châteaux,3520,81,3601
Blaison-Saint-Sulpice,1250,29,1279
Blou,994,21,1015
Les Bois d'Anjou,2653,56,2709
Bouchemaine,6774,138,6912
Bouillé-Ménard,750,20,770
Bourg-l'Évêque,251,4,255
Brain-sur-Allonnes,2003,32,2035
La Breille-les-Pins,602,13,615
Briollay,2967,39,3006
Brissac Loire Aubance,10807,278,11085
Brossay,364,4,368
Candé,2834,62,2896
Cantenay-Épinard,2303,36,2339
Carbay,260,6,266
Cernusson,354,6,360
Les Cerqueux,873,9,882
Challain-la-Potherie,808,19,827
Chalonnes-sur-Loire,6535,171,6706
Chambellay,403,10,413
Champtocé-sur-Loire,1868,30,1898
Chanteloup-les-Bois,700,10,710
La Chapelle-Saint-Laud,762,7,769
Chaudefonds-sur-Layon,952,15,967
Chazé-sur-Argos,1055,28,1083
Cheffes,974,12,986
Chemillé-en-Anjou,21392,590,21982
Chenillé-Champteussé,351,6,357
Cholet,53917,1870,55787
Cizay-la-Madeleine,464,4,468
Cléré-sur-Layon,341,6,347
Cornillé-les-Caves,470,16,486
Coron,1593,32,1625
Corzé,1841,15,1856
Le Coudray-Macouard,923,27,950
Courchamps,506,10,516
Courléon,147,4,151
Denée,1394,24,1418
Dénezé-sous-Doué,470,9,479
Distré,1713,57,1770
Doué-en-Anjou,11005,273,11278
Durtal,3387,72,3459
Écouflant,4159,55,4214
Écuillé,639,7,646
Épieds,761,13,774
Erdre-en-Anjou,5746,83,5829
Étriché,1549,17,1566
Feneu,2193,38,2231
Fontevraud-l'Abbaye,1536,26,1562
Les Garennes sur Loire,4508,121,4629
Gennes-Val-de-Loire,8724,165,8889
Grez-Neuville,1441,39,1480
Les Hauts-d'Anjou,8759,188,8947
Huillé-Lézigné,1322,18,1340
Ingrandes-Le Fresne sur Loire,2624,56,2680
La Jaille-Yvon,321,10,331
Jarzé Villages,2742,28,2770
Juvardeil,815,14,829
La Lande-Chasles,124,1,125
Le Lion-d'Angers,4924,72,4996
Loiré,864,28,892
Loire-Authion,15702,592,16294
Longué-Jumelles,6794,119,6913
Longuenée-en-Anjou,6331,168,6499
Louresse-Rochemenier,864,16,880
Lys-Haut-Layon,7880,186,8066
Marcé,841,14,855
Mauges-sur-Loire,18284,446,18730
Maulévrier,3176,77,3253
Le May-sur-Èvre,3805,70,3875
Mazé-Milon,5799,101,5900
Mazières-en-Mauges,1177,27,1204
La Ménitré,2072,34,2106
Miré,984,12,996
Montigné-lès-Rairies,423,3,426
Montilliers,1223,30,1253
Montreuil-Bellay,3822,249,4071
Montreuil-Juigné,7517,147,7664
Montreuil-sur-Loir,569,6,575
Montreuil-sur-Maine,759,11,770
Montrevault-sur-Èvre,15859,306,16165
Montsoreau,446,8,454
Morannes sur Sarthe-Daumeray,3664,55,3719
Mouliherne,849,23,872
Mozé-sur-Louet,1991,43,2034
Mûrs-Erigné,5522,98,5620
Neuillé,992,14,1006
Noyant-Villages,5633,170,5803
Nuaillé,1469,39,1508
Ombrée d'Anjou,8998,251,9249
Orée d'Anjou,16413,265,16678
Parnay,431,15,446
Passavant-sur-Layon,125,5,130
La Pellerine,139,2,141
La Plaine,1017,34,1051
Le Plessis-Grammoire,2381,57,2438
Les Ponts-de-Cé,12679,573,13252
La Possonnière,2437,41,2478
Le Puy-Notre-Dame,1192,21,1213
Les Rairies,1013,16,1029
Rives-du-Loir-en-Anjou,5560,90,5650
Rochefort-sur-Loire,2355,41,2396
La Romagne,1879,91,1970
Rou-Marson,664,9,673
Saint-Augustin-des-Bois,1218,28,1246
Saint-Barthélemy-d'Anjou,9195,238,9433
Saint-Christophe-du-Bois,2755,57,2812
Saint-Clément-de-la-Place,2131,27,2158
Saint-Clément-des-Levées,1106,20,1126
Saint-Georges-sur-Loire,3610,39,3649
Saint-Germain-des-Prés,1398,21,1419
Saint-Jean-de-la-Croix,229,6,235
Saint-Just-sur-Dive,389,5,394
Saint-Lambert-la-Potherie,2843,29,2872
Saint-Léger-de-Linières,3597,62,3659
Saint-Léger-sous-Cholet,2930,89,3019
Saint-Macaire-du-Bois,457,5,462
Saint-Martin-du-Fouilloux,1674,36,1710
Saint-Melaine-sur-Aubance,2063,56,2119
Saint-Paul-du-Bois,589,14,603
Saint-Philbert-du-Peuple,1309,27,1336
Saint-Sigismond,381,8,389
Sainte-Gemmes-sur-Loire,3406,261,3667
Sarrigné,817,19,836
Saumur,26734,967,27701
Savennières,1338,23,1361
Sceaux-d'Anjou,1195,14,1209
Segré-en-Anjou Bleu,17562,826,18388
La Séguinière,4150,78,4228
Seiches-sur-le-Loir,2978,42,3020
Sermaise,329,5,334
Sèvremoine,25414,569,25983
Somloire,889,16,905
Soulaines-sur-Aubance,1423,29,1452
Soulaire-et-Bourg,1495,31,1526
Souzay-Champigny,761,23,784
Terranjou,3967,83,4050
La Tessoualle,3198,71,3269
Thorigné-d'Anjou,1226,25,1251
Tiercé,4381,72,4453
Toutlemonde,1334,26,1360
Trélazé,14658,152,14810
Trémentines,3005,54,3059
Tuffalun,1772,38,1810
Turquant,576,14,590
Les Ulmes,579,15,594
Val d'Erdre-Auxence,4892,60,4952
Val-du-Layon,3402,51,3453
Varennes-sur-Loire,1839,40,1879
Varrains,1221,50,1271
Vaudelnay,1143,20,1163
Vernantes,1997,26,2023
Vernoil-le-Fourrier,1266,19,1285
Verrie,480,7,487
Verrières-en-Anjou,7153,292,7445
Vezins,1717,31,1748
Villebernier,1490,34,1524
Vivy,2582,36,2618
Yzernay,1841,30,1871
Agneaux,4027,509,4536
Agon-Coutainville,2791,95,2886
Airel,547,3,550
Amigny,147,5,152
Anctoville-sur-Boscq,450,26,476
Anneville-en-Saire,390,8,398
Annoville,672,11,683
Appeville,178,2,180
Aucey-la-Plaine,427,6,433
Audouville-la-Hubert,79,1,80
Aumeville-Lestre,114,3,117
Auvers,675,10,685
Auxais,174,3,177
Avranches,10155,556,10711
Azeville,85,1,86
Bacilly,935,25,960
La Baleine,91,1,92
Barenton,1172,65,1237
Barfleur,570,10,580
Barneville-Carteret,2231,57,2288
La Barre-de-Semilly,1000,39,1039
Baubigny,145,4,149
Baudre,539,18,557
Baupte,431,8,439
Beauchamps,408,11,419
Beaucoudray,132,3,135
Beauficel,135,6,141
Beauvoir,423,5,428
Belval,315,1,316
Benoîtville,617,23,640
Bérigny,425,6,431
Beslon,560,9,569
Besneville,665,15,680
Beuvrigny,138,0,138
Beuzeville-la-Bastille,144,2,146
Biéville,189,5,194
Biniville,114,2,116
Blainville-sur-Mer,1653,59,1712
Blosville,313,1,314
La Bloutière,428,8,436
Boisyvon,113,0,113
La Bonneville,186,7,193
Bourguenolles,344,12,356
Bourgvallées,3213,69,3282
Boutteville,73,5,78
Brainville,215,7,222
Brécey,2120,147,2267
Bréhal,3410,87,3497
Bretteville,1074,46,1120
Bretteville-sur-Ay,382,8,390
Breuville,422,6,428
Bréville-sur-Mer,778,29,807
Bricquebec-en-Cotentin,5899,154,6053
Bricquebosq,588,7,595
Bricqueville-la-Blouette,554,18,572
Bricqueville-sur-Mer,1212,40,1252
Brillevast,325,4,329
Brix,2131,52,2183
Brouains,136,2,138
Buais-Les-Monts,623,8,631
Cambernon,710,15,725
Cametours,423,6,429
Camprond,411,9,420
Canisy,1796,56,1852
Canteloup,208,8,216
Canville-la-Rocque,129,2,131
Carantilly,638,15,653
Carentan-les-Marais,10118,188,10306
Carneville,236,6,242
Carolles,744,19,763
Catteville,99,5,104
Cavigny,263,2,265
Céaux,422,14,436
Cérences,1819,40,1859
Cerisy-la-Forêt,1034,20,1054
Cerisy-la-Salle,1043,19,1062
La Chaise-Baudouin,471,8,479
Champeaux,360,12,372
Champrepus,337,7,344
Chanteloup,356,4,360
La Chapelle-Cécelin,248,4,252
La Chapelle-Urée,158,3,161
Chaulieu,295,1,296
Chavoy,128,7,135
Cherbourg-en-Cotentin,79200,2366,81566
Chérencé-le-Héron,409,6,415
Clitourps,208,3,211
La Colombe,631,14,645
Colomby,537,10,547
Condé-sur-Vire,4027,162,4189
Coudeville-sur-Mer,856,34,890
Coulouvray-Boisbenâtre,559,3,562
Courcy,596,13,609
Courtils,229,2,231
Coutances,8501,1204,9705
Couvains,507,4,511
Couville,1143,16,1159
Crasville,242,2,244
Créances,2137,29,2166
Les Cresnays,230,3,233
Crollon,302,8,310
Crosville-sur-Douve,63,0,63
Cuves,283,8,291
Dangy,672,15,687
Le Dézert,589,10,599
Digosville,1546,51,1597
Domjean,1038,28,1066
Donville-les-Bains,3166,90,3256
Doville,321,15,336
Dragey-Ronthon,824,18,842
Ducey-Les Chéris,2786,61,2847
Écausseville,102,1,103
Émondeville,352,11,363
Équilly,195,9,204
Éroudeville,222,9,231
L' Étang-Bertrand,341,14,355
Étienville,371,7,378
Fermanville,1281,23,1304
Feugères,333,8,341
La Feuillie,270,12,282
Fierville-les-Mines,339,6,345
Flamanville,1759,23,1782
Fleury,1035,24,1059
Flottemanville,196,7,203
Folligny,1089,28,1117
Fontenay-sur-Mer,178,3,181
Fourneaux,146,0,146
Le Fresne-Poret,216,2,218
Fresville,367,8,375
Gathemo,245,2,247
Gatteville-le-Phare,490,15,505
Gavray-sur-Sienne,1966,28,1994
Geffosses,440,5,445
Genêts,435,6,441
Ger,806,8,814
La Godefroy,275,7,282
Golleville,174,2,176
Gonfreville,151,2,153
Gonneville-Le Theil,1553,45,1598
Gorges,349,8,357
Gouvets,270,7,277
Gouville-sur-Mer,3173,84,3257
Graignes-Mesnil-Angot,802,104,906
Le Grand-Celland,586,10,596
Grandparigny,2682,88,2770
Granville,12580,665,13245
Gratot,656,12,668
Grimesnil,61,2,63
Le Grippon,370,11,381
Grosville,787,21,808
Le Guislain,135,1,136
La Hague,11634,364,11998
Le Ham,307,4,311
Hambye,1150,27,1177
Hamelin,92,1,93
Hardinvast,881,34,915
Hauteville-la-Guichard,469,18,487
Hauteville-sur-Mer,697,20,717
Hautteville-Bocage,155,5,160
La Haye,4006,118,4124
La Haye-Bellefond,83,0,83
La Haye-d'Ectot,257,5,262
La Haye-Pesnel,1330,26,1356
Héauville,468,6,474
Helleville,525,7,532
Hémevez,181,5,186
Heugueville-sur-Sienne,552,7,559
Hiesville,65,1,66
Hocquigny,184,5,189
Huberville,369,10,379
Hudimesnil,900,16,916
Huisnes-sur-Mer,185,9,194
Isigny-le-Buat,3319,83,3402
Joganville,109,3,112
Juilley,656,27,683
Jullouville,2312,71,2383
Juvigny les Vallées,1700,32,1732
Lamberville,174,1,175
La Lande-d'Airou,518,6,524
Lapenty,369,10,379
Laulne,189,2,191
Lengronne,423,10,433
Lessay,2245,39,2284
Lestre,248,5,253
Liesville-sur-Douve,204,6,210
Lieusaint,418,13,431
Lingeard,82,1,83
Lingreville,1011,21,1032
Les Loges-Marchis,992,158,1150
Les Loges-sur-Brécey,134,7,141
Lolif,566,19,585
Longueville,604,15,619
Le Loreur,275,6,281
Le Lorey,604,15,619
La Lucerne-d'Outremer,780,19,799
Le Luot,273,9,282
La Luzerne,76,1,77
Magneville,330,4,334
Marcey-les-Grèves,1284,29,1313
Marchésieux,716,12,728
Marcilly,328,10,338
Margueray,131,4,135
Marigny-Le-Lozon,2645,58,2703
Martinvast,1266,35,1301
Maupertuis,137,2,139
Maupertus-sur-Mer,220,9,229
La Meauffe,1040,30,1070
Méautis,656,12,668
Le Mesnil,219,7,226
Le Mesnil-Adelée,169,7,176
Le Mesnil-Amey,277,7,284
Le Mesnil-au-Val,728,18,746
Le Mesnil-Aubert,186,7,193
Le Mesnil-Eury,174,3,177
Le Mesnil-Garnier,228,8,236
Le Mesnil-Gilbert,136,3,139
Le Mesnil-Ozenne,268,3,271
Le Mesnil-Rouxelin,508,21,529
Le Mesnil-Véneron,123,2,125
Le Mesnil-Villeman,235,1,236
Le Mesnillard,260,7,267
La Meurdraquière,172,4,176
Millières,799,9,808
Les Moitiers-d'Allonne,690,15,705
Le Mont-Saint-Michel,30,0,30
Montabot,280,3,283
Montaigu-la-Brisette,510,15,525
Montaigu-les-Bois,226,3,229
Montbray,308,3,311
Montcuit,185,4,189
Montebourg,2096,102,2198
Montfarville,808,17,825
Monthuchon,680,32,712
Montjoie-Saint-Martin,243,4,247
Montmartin-sur-Mer,1337,45,1382
Montpinchon,529,9,538
Montrabot,85,2,87
Montreuil-sur-Lozon,330,7,337
Montsenelle,1407,20,1427
Moon-sur-Elle,842,12,854
Morigny,84,1,85
Mortain-Bocage,2942,266,3208
Morville,272,12,284
La Mouche,243,6,249
Moulines,291,5,296
Moyon Villages,1478,37,1515
Muneville-le-Bingard,693,8,701
Muneville-sur-Mer,475,11,486
Nay,70,2,72
Négreville,810,21,831
Néhou,626,11,637
Le Neufbourg,414,12,426
Neufmesnil,193,3,196
Neuville-au-Plain,90,4,94
Neuville-en-Beaumont,35,1,36
Nicorps,409,17,426
Notre-Dame-de-Cenilly,648,9,657
Notre-Dame-de-Livoye,147,3,150
Nouainville,603,17,620
Octeville-l'Avenel,218,3,221
Orglandes,371,0,371
Orval sur Sienne,1150,40,1190
Ouville,448,12,460
Ozeville,155,2,157
Le Parc,911,26,937
Percy-en-Normandie,2583,105,2688
Périers,2259,30,2289
La Pernelle,259,4,263
Perriers-en-Beauficel,216,3,219
Le Perron,207,2,209
Le Petit-Celland,189,4,193
Picauville,3278,39,3317
Pierreville,735,14,749
Les Pieux,3223,89,3312
Pirou,1438,36,1474
Le Plessis-Lastelle,236,8,244
Poilley,882,25,907
Pont-Hébert,1987,210,2197
Pontaubault,555,7,562
Pontorson,4342,78,4420
Ponts,655,16,671
Port-Bail-sur-Mer,2588,69,2657
Précey,550,6,556
Quettehou,1787,26,1813
Quettreville-sur-Sienne,3194,67,3261
Quibou,914,24,938
Quinéville,273,6,279
Raids,192,0,192
Rampan,204,6,210
Rauville-la-Bigot,1153,36,1189
Rauville-la-Place,376,6,382
Reffuveille,509,4,513
Regnéville-sur-Mer,736,34,770
Reigneville-Bocage,38,3,41
Remilly Les Marais,1103,13,1116
Réville,1038,16,1054
Rocheville,604,15,619
Romagny Fontenay,1318,44,1362
Roncey,804,11,815
Le Rozel,252,6,258
Sacey,516,10,526
Saint-Amand-Villages,2529,58,2587
Saint-André-de-Bohon,338,4,342
Saint-André-de-l'Épine,548,13,561
Saint-Aubin-de-Terregatte,683,15,698
Saint-Aubin-des-Préaux,438,13,451
Saint-Barthélemy,332,7,339
Saint-Brice,131,2,133
Saint-Brice-de-Landelles,687,23,710
Saint-Christophe-du-Foc,428,9,437
Saint-Clair-sur-l'Elle,953,20,973
Saint-Clément-Rancoudray,550,8,558
Saint-Cyr,181,12,193
Saint-Cyr-du-Bailleul,399,9,408
Saint-Denis-le-Gast,534,10,544
Saint-Denis-le-Vêtu,620,5,625
Saint-Floxel,491,13,504
Saint-Fromond,769,15,784
Saint-Georges-d'Elle,401,5,406
Saint-Georges-de-la-Rivière,278,11,289
Saint-Georges-de-Livoye,198,7,205
Saint-Georges-de-Rouelley,551,11,562
Saint-Georges-Montcocq,919,44,963
Saint-Germain-d'Elle,224,1,225
Saint-Germain-de-Tournebut,441,8,449
Saint-Germain-de-Varreville,113,4,117
Saint-Germain-le-Gaillard,748,22,770
Saint-Germain-sur-Ay,909,19,928
Saint-Germain-sur-Sèves,165,3,168
Saint-Gilles,923,35,958
Saint-Hilaire-du-Harcouët,6094,373,6467
Saint-Jacques-de-Néhou,608,11,619
Saint-James,4954,114,5068
Saint-Jean-d'Elle,2460,54,2514
Saint-Jean-de-Daye,629,6,635
Saint-Jean-de-la-Haize,521,14,535
Saint-Jean-de-la-Rivière,350,9,359
Saint-Jean-de-Savigny,446,6,452
Saint-Jean-des-Champs,1410,34,1444
Saint-Jean-du-Corail-des-Bois,71,5,76
Saint-Jean-le-Thomas,393,8,401
Saint-Joseph,792,28,820
Saint-Laurent-de-Cuves,483,7,490
Saint-Laurent-de-Terregatte,646,11,657
Saint-Lô,19116,883,19999
Saint-Louet-sur-Vire,205,1,206
Saint-Loup,708,36,744
Saint-Malo-de-la-Lande,479,5,484
Saint-Marcouf,341,6,347
Saint-Martin-d'Aubigny,595,4,599
Saint-Martin-d'Audouville,131,4,135
Saint-Martin-de-Bonfossé,529,9,538
Saint-Martin-de-Cenilly,182,3,185
Saint-Martin-de-Varreville,181,5,186
Saint-Martin-le-Bouillant,318,4,322
Saint-Martin-le-Gréard,515,7,522
Saint-Maur-des-Bois,151,4,155
Saint-Maurice-en-Cotentin,257,7,264
Saint-Michel-de-Montjoie,314,1,315
Saint-Nicolas-de-Pierrepont,306,12,318
Saint-Nicolas-des-Bois,86,2,88
Saint-Ovin,768,28,796
Saint-Pair-sur-Mer,4066,150,4216
Saint-Patrice-de-Claids,176,3,179
Saint-Pierre-d'Arthéglise,140,0,140
Saint-Pierre-de-Coutances,408,19,427
Saint-Pierre-de-Semilly,444,8,452
Saint-Pierre-Église,1803,25,1828
Saint-Pierre-Langers,601,19,620
Saint-Planchers,1350,39,1389
Saint-Pois,511,12,523
Saint-Quentin-sur-le-Homme,1296,30,1326
Saint-Sauveur-de-Pierrepont,128,2,130
Saint-Sauveur-la-Pommeraye,376,6,382
Saint-Sauveur-le-Vicomte,2132,41,2173
Saint-Sauveur-Villages,3588,147,3735
Saint-Sébastien-de-Raids,334,6,340
Saint-Senier-de-Beuvron,368,6,374
Saint-Senier-sous-Avranches,1417,88,1505
Saint-Vaast-la-Hougue,1730,33,1763
Saint-Vigor-des-Monts,285,9,294
Sainte-Cécile,816,19,835
Sainte-Colombe,210,5,215
Sainte-Geneviève,318,6,324
Sainte-Marie-du-Mont,720,17,737
Sainte-Mère-Église,3077,50,3127
Sainte-Suzanne-sur-Vire,685,10,695
Sartilly-Baie-Bocage,2812,56,2868
Saussemesnil,884,21,905
Saussey,467,15,482
Savigny,446,8,454
Savigny-le-Vieux,451,2,453
Sébeville,34,1,35
Sénoville,201,8,209
Servon,278,4,282
Sideville,744,13,757
Siouville-Hague,1033,34,1067
Sortosville,87,1,88
Sortosville-en-Beaumont,313,8,321
Sottevast,1385,29,1414
Sotteville,470,9,479
Sourdeval,3173,63,3236
Subligny,390,6,396
Surtainville,1180,28,1208
Taillepied,21,1,22
Tamerville,659,23,682
Tanis,293,12,305
Le Tanu,396,6,402
Le Teilleul,1683,28,1711
Terre-et-Marais,1295,28,1323
Tessy-Bocage,2357,50,2407
Teurthéville-Bocage,591,8,599
Teurthéville-Hague,1059,21,1080
Thèreval,1800,44,1844
Théville,330,12,342
Tirepied-sur-Sée,947,23,970
Tocqueville,278,5,283
Tollevast,1523,43,1566
Torigny-les-Villes,4352,56,4408
Tourville-sur-Sienne,785,24,809
Tréauville,735,13,748
Tribehou,533,5,538
La Trinité,395,6,401
Turqueville,138,3,141
Urville,210,6,216
Vains,722,67,789
Le Val-Saint-Père,2043,81,2124
Valcanville,416,10,426
Valognes,6803,267,7070
Varenguebec,323,2,325
Varouville,266,6,272
Le Vast,324,10,334
Vaudreville,73,0,73
La Vendelée,464,23,487
Ver,374,10,384
Vernix,158,4,162
Vesly,725,4,729
Le Vicel,121,0,121
Vicq-sur-Mer,1033,13,1046
Videcosville,81,1,82
Villebaudon,310,3,313
Villedieu-les-Poêles-Rouffigny,3878,82,3960
Villiers-Fossard,643,15,658
Virandeville,794,14,808
Yquelon,1091,42,1133
Yvetot-Bocage,1145,30,1175
Ablancourt,162,1,163
Aigny,275,5,280
Allemanche-Launay-et-Soyer,111,4,115
Allemant,164,3,167
Alliancelles,142,4,146
Ambonnay,970,25,995
Ambrières,226,11,237
Anglure,879,18,897
Angluzelles-et-Courcelles,146,4,150
Anthenay,70,1,71
Aougny,100,4,104
Arcis-le-Ponsart,313,9,322
Argers,117,1,118
Arrigny,244,4,248
Arzillières-Neuville,327,6,333
Athis,887,20,907
Aubérive,238,8,246
Aubilly,53,3,56
Aulnay-l'Aître,181,5,186
Aulnay-sur-Marne,259,6,265
Auménancourt,1048,8,1056
Auve,298,21,319
Avenay-Val-d'Or,1026,11,1037
Avize,1740,160,1900
Aÿ-Champagne,5592,92,5684
Baconnes,270,10,280
Bagneux,448,8,456
Le Baizil,253,3,256
Bannay,19,0,19
Bannes,273,3,276
Barbonne-Fayel,502,6,508
Baslieux-lès-Fismes,327,2,329
Baslieux-sous-Châtillon,191,6,197
Bassu,103,5,108
Bassuet,257,7,264
Baudement,110,5,115
Baye,410,8,418
Bazancourt,2212,26,2238
Beaumont-sur-Vesle,825,13,838
Beaunay,106,0,106
Beine-Nauroy,1010,15,1025
Belval-en-Argonne,47,3,50
Belval-sous-Châtillon,147,6,153
Bergères-lès-Vertus,615,4,619
Bergères-sous-Montmirail,123,2,125
Berméricourt,205,2,207
Berru,574,4,578
Berzieux,74,7,81
Bétheniville,1275,13,1288
Bétheny,6971,104,7075
Bethon,281,8,289
Bettancourt-la-Longue,78,2,80
Bezannes,2121,58,2179
Bignicourt-sur-Marne,343,12,355
Bignicourt-sur-Saulx,190,2,192
Billy-le-Grand,121,2,123
Binarville,99,3,102
Binson-et-Orquigny,169,2,171
Blacy,657,12,669
Blaise-sous-Arzillières,342,6,348
Blancs-Coteaux,3325,176,3501
Blesme,214,2,216
Bligny,122,1,123
Boissy-le-Repos,220,1,221
Bouchy-Saint-Genest,193,7,200
Bouilly,203,3,206
Bouleuse,212,3,215
Boult-sur-Suippe,1705,26,1731
Bourgogne-Fresne,1396,32,1428
Boursault,451,9,460
Bouvancourt,193,7,200
Bouy,567,13,580
Bouzy,921,25,946
Brandonvillers,184,1,185
Branscourt,309,5,314
Braux-Saint-Remy,86,1,87
Braux-Sainte-Cohière,96,6,102
Bréban,81,1,82
Le Breuil,387,4,391
Breuil-sur-Vesle,342,11,353
Breuvery-sur-Coole,217,8,225
Brimont,432,7,439
Brouillet,77,4,81
Broussy-le-Grand,312,12,324
Broussy-le-Petit,129,3,132
Broyes,361,4,365
Brugny-Vaudancourt,450,14,464
Brusson,184,7,191
Le Buisson,92,3,95
Bussy-le-Château,171,4,175
Bussy-le-Repos,135,4,139
Bussy-Lettrée,341,10,351
La Caure,103,2,105
Caurel,655,8,663
Cauroy-lès-Hermonville,491,8,499
La Celle-sous-Chantemerle,143,1,144
Cernay-en-Dormois,150,4,154
Cernay-lès-Reims,1426,23,1449
Cernon,128,5,133
Chaintrix-Bierges,329,3,332
Châlons-en-Champagne,44753,1244,45997
Châlons-sur-Vesle,192,2,194
Chaltrait,58,1,59
Chambrecy,148,8,156
Chamery,416,6,422
Champaubert,121,4,125
Champfleury,551,4,555
Champguyon,274,3,277
Champigneul-Champagne,314,5,319
Champigny,1493,22,1515
Champillon,505,8,513
Champlat-et-Boujacourt,165,0,165
Champvoisy,249,6,255
Changy,118,5,123
Chantemerle,44,5,49
Chapelaine,49,1,50
La Chapelle-Felcourt,50,4,54
La Chapelle-Lasson,85,2,87
La Chapelle-sous-Orbais,54,2,56
Charleville,238,9,247
Charmont,227,5,232
Les Charmontois,118,1,119
Le Châtelier,60,0,60
Châtelraould-Saint-Louvent,233,8,241
Châtillon-sur-Broué,77,0,77
Châtillon-sur-Marne,668,90,758
Châtillon-sur-Morin,217,3,220
Châtrices,34,2,36
Chaudefontaine,320,13,333
Chaumuzy,378,1,379
La Chaussée-sur-Marne,781,15,796
Chavot-Courcourt,343,11,354
Le Chemin,50,0,50
Cheminon,609,9,618
Chenay,227,6,233
Cheniers,107,4,111
La Cheppe,335,10,345
Cheppes-la-Prairie,177,1,178
Chepy,429,13,442
Cherville,81,1,82
Chichey,175,2,177
Chigny-les-Roses,556,14,570
Chouilly,1019,30,1049
Clamanges,206,10,216
Clesles,623,10,633
Cloyes-sur-Marne,129,1,130
Coizard-Joches,75,1,76
Compertrix,1490,47,1537
Condé-sur-Marne,805,16,821
Conflans-sur-Seine,641,7,648
Congy,262,2,264
Connantray-Vaurefroy,159,4,163
Connantre,1084,31,1115
Contault,66,2,68
Coole,145,1,146
Coolus,222,8,230
Corbeil,92,1,93
Corfélix,112,2,114
Cormicy,1476,26,1502
Cormontreuil,6524,90,6614
Cormoyeux,117,3,120
Corribert,60,0,60
Corrobert,205,7,212
Corroy,163,5,168
Coulommes-la-Montagne,208,4,212
Coupetz,78,2,80
Coupéville,161,1,162
Courcelles-Sapicourt,378,5,383
Courcemain,104,3,107
Courcy,1053,17,1070
Courdemanges,392,12,404
Courgivaux,328,10,338
Courjeonnet,46,0,46
Courlandon,288,4,292
Courmas,209,7,216
Courtagnon,63,0,63
Courtémont,61,1,62
Courthiézy,360,5,365
Courtisols,2425,94,2519
Courville,455,6,461
Couvrot,848,23,871
Cramant,894,13,907
La Croix-en-Champagne,78,2,80
Crugny,647,5,652
Cuchery,405,10,415
Cuis,386,13,399
Cuisles,133,4,137
Cumières,759,13,772
Cuperly,228,2,230
Damery,1438,26,1464
Dampierre-au-Temple,273,6,279
Dampierre-le-Château,106,2,108
Dampierre-sur-Moivre,113,2,115
Dizy,1524,37,1561
Dommartin-Dampierre,69,0,69
Dommartin-Lettrée,153,1,154
Dommartin-sous-Hans,57,2,59
Dommartin-Varimont,138,8,146
Dompremy,146,3,149
Dontrien,272,2,274
Dormans,2921,55,2976
Drosnay,216,1,217
Drouilly,135,1,136
Éclaires,96,4,100
Écollemont,53,0,53
Écriennes,174,2,176
Écueil,304,2,306
Écury-le-Repos,59,1,60
Écury-sur-Coole,501,14,515
Élise-Daucourt,96,0,96
Épense,124,6,130
Épernay,22671,449,23120
L' Épine,644,15,659
Époye,430,6,436
Escardes,78,3,81
Esclavolles-Lurey,589,19,608
Les Essarts-le-Vicomte,143,2,145
Les Essarts-lès-Sézanne,255,10,265
Esternay,1871,31,1902
Étoges,469,8,477
Étréchy,108,3,111
Étrepy,139,1,140
Euvy,83,1,84
Fagnières,4834,108,4942
Faux-Fresnay,318,8,326
Faux-Vésigneul,244,6,250
Faverolles-et-Coëmy,566,8,574
Favresse,224,6,230
Fère-Champenoise,2145,43,2188
Fèrebrianges,151,3,154
Festigny,399,5,404
Fismes,5487,49,5536
Flavigny,165,5,170
Fleury-la-Rivière,516,7,523
Florent-en-Argonne,235,5,240
Fontaine-Denis-Nuisy,234,1,235
Fontaine-en-Dormois,13,0,13
Fontaine-sur-Ay,343,8,351
La Forestière,217,14,231
Francheville,207,4,211
Le Fresne,77,0,77
Frignicourt,1876,38,1914
Fromentières,377,7,384
Le Gault-Soigny,529,15,544
Gaye,588,12,600
Germaine,514,15,529
Germigny,180,2,182
Germinon,174,4,178
Giffaumont-Champaubert,272,1,273
Gigny-Bussy,228,5,233
Givry-en-Argonne,448,5,453
Givry-lès-Loisy,72,4,76
Gizaucourt,115,3,118
Glannes,189,3,192
Gourgançon,149,7,156
Les Grandes-Loges,274,5,279
Granges-sur-Aube,184,1,185
Gratreuil,28,0,28
Grauves,619,13,632
Gueux,1687,51,1738
Hans,146,6,152
Haussignémont,286,1,287
Haussimont,140,5,145
Hauteville,241,8,249
Hautvillers,695,18,713
Heiltz-l'Évêque,301,5,306
Heiltz-le-Hutier,234,8,242
Heiltz-le-Maurupt,420,8,428
Hermonville,1417,31,1448
Herpont,136,5,141
Heutrégiville,444,6,450
Hourges,81,1,82
Huiron,302,2,304
Humbauville,79,1,80
Igny-Comblizy,412,3,415
Isle-sur-Marne,99,2,101
Isles-sur-Suippe,898,14,912
Isse,115,8,123
Les Istres-et-Bury,97,1,98
Jâlons,561,10,571
Janvilliers,167,4,171
Janvry,131,2,133
Joiselle,100,3,103
Jonchery-sur-Suippe,222,3,225
Jonchery-sur-Vesle,1860,50,1910
Jonquery,114,4,118
Jouy-lès-Reims,220,2,222
Jussecourt-Minecourt,208,2,210
Juvigny,925,28,953
Lachy,331,5,336
Lagery,217,3,220
Landricourt,148,2,150
Larzicourt,279,5,284
Laval-sur-Tourbe,58,0,58
Lavannes,592,16,608
Lenharrée,95,3,98
Leuvrigny,338,9,347
Lhéry,83,3,86
Lignon,127,0,127
Linthelles,108,6,114
Linthes,117,0,117
Lisse-en-Champagne,122,2,124
Livry-Louvercy,1102,14,1116
Loisy-en-Brie,200,2,202
Loisy-sur-Marne,1097,24,1121
Loivre,1283,17,1300
Ludes,640,7,647
Luxémont-et-Villotte,450,10,460
Maffrécourt,57,1,58
Magenta,1708,17,1725
Magneux,279,3,282
Mailly-Champagne,661,17,678
Mairy-sur-Marne,546,12,558
Maisons-en-Champagne,532,13,545
Malmy,33,2,35
Mancy,253,5,258
Marcilly-sur-Seine,639,15,654
Mardeuil,1501,22,1523
Mareuil-en-Brie,275,2,277
Mareuil-le-Port,1166,18,1184
Marfaux,123,1,124
Margerie-Hancourt,181,5,186
Margny,121,6,127
Marigny,107,1,108
Marolles,894,18,912
Marsangis,48,1,49
Marson,290,8,298
Massiges,49,0,49
Matignicourt-Goncourt,146,4,150
Matougues,591,15,606
Maurupt-le-Montois,582,10,592
Mécringes,204,3,207
Le Meix-Saint-Epoing,282,2,284
Le Meix-Tiercelin,175,1,176
Merfy,605,20,625
Merlaut,237,6,243
Méry-Prémecy,61,1,62
Les Mesneux,861,20,881
Le Mesnil-sur-Oger,1109,15,1124
Minaucourt-le-Mesnil-lès-Hurlus,50,3,53
Moiremont,199,10,209
Moivre,62,1,63
Moncetz-l'Abbaye,95,4,99
Moncetz-Longevas,535,9,544
Mondement-Montgivroux,29,0,29
Mont-sur-Courville,127,4,131
Montbré,278,4,282
Montépreux,45,0,45
Montgenost,154,3,157
Monthelon,353,6,359
Montigny-sur-Vesle,516,8,524
Montmirail,3598,50,3648
Montmort-Lucy,608,9,617
Morangis,389,7,396
Morsains,133,3,136
Moslins,308,3,311
Mourmelon-le-Grand,5085,47,5132
Mourmelon-le-Petit,813,13,826
Moussy,761,13,774
Muizon,2161,64,2225
Mutigny,188,5,193
Mœurs-Verdey,319,8,327
Nanteuil-la-Forêt,282,7,289
Nesle-la-Reposte,104,3,107
Nesle-le-Repons,150,3,153
La Neuville-au-Pont,546,11,557
La Neuville-aux-Bois,143,2,145
La Neuville-aux-Larris,170,2,172
Neuvy,255,7,262
Nogent-l'Abbesse,537,5,542
Noirlieu,106,6,112
Norrois,149,1,150
La Noue,407,5,412
Nuisement-sur-Coole,358,9,367
Ognes,63,2,65
Oiry,833,17,850
Olizy,160,5,165
Omey,211,0,211
Orbais-l'Abbaye,561,3,564
Orconte,384,5,389
Ormes,436,3,439
Outines,134,5,139
Outrepont,84,2,86
Oyes,86,3,89
Pargny-lès-Reims,462,10,472
Pargny-sur-Saulx,1855,21,1876
Passavant-en-Argonne,209,1,210
Passy-Grigny,380,14,394
Péas,67,3,70
Les Petites-Loges,482,7,489
Pévy,204,3,207
Pierre-Morains,91,2,93
Pierry,1181,26,1207
Pleurs,856,19,875
Plichancourt,244,3,247
Plivot,748,21,769
Pocancy,168,2,170
Pogny,916,18,934
Poilly,96,3,99
Poix,71,1,72
Pomacle,454,7,461
Pontfaverger-Moronvilliers,1753,18,1771
Ponthion,109,1,110
Possesse,159,0,159
Potangis,131,0,131
Pouillon,494,8,502
Pourcy,193,1,194
Pringy,417,8,425
Prosnes,490,2,492
Prouilly,560,4,564
Prunay,1032,26,1058
Puisieulx,415,8,423
Queudes,100,2,102
Rapsécourt,36,1,37
Recy,1031,30,1061
Reims,182460,3116,185576
Reims-la-Brûlée,228,3,231
Remicourt,57,1,58
Reuil,277,19,296
Reuves,71,0,71
Réveillon,106,1,107
Rieux,198,5,203
Rilly-la-Montagne,988,21,1009
Les Rivières-Henruel,180,3,183
Romain,315,18,333
Romery,157,2,159
Romigny,213,5,218
Rosnay,354,9,363
Rouffy,113,6,119
Rouvroy-Ripont,8,0,8
Sacy,371,3,374
Saint-Amand-sur-Fion,1024,17,1041
Saint-Bon,113,4,117
Saint-Brice-Courcelles,3522,51,3573
Saint-Chéron,60,3,63
Saint-Étienne-au-Temple,812,12,824
Saint-Étienne-sur-Suippe,316,4,320
Saint-Eulien,440,12,452
Saint-Euphraise-et-Clairizet,234,5,239
Saint-Germain-la-Ville,671,13,684
Saint-Gibrien,538,7,545
Saint-Gilles,293,4,297
Saint-Hilaire-au-Temple,342,6,348
Saint-Hilaire-le-Grand,363,4,367
Saint-Hilaire-le-Petit,339,7,346
Saint-Imoges,320,25,345
Saint-Jean-devant-Possesse,31,3,34
Saint-Jean-sur-Moivre,210,3,213
Saint-Jean-sur-Tourbe,92,3,95
Saint-Just-Sauvage,1461,39,1500
Saint-Léonard,106,3,109
Saint-Loup,87,1,88
Saint-Lumier-en-Champagne,263,5,268
Saint-Lumier-la-Populeuse,49,0,49
Saint-Mard-lès-Rouffy,163,7,170
Saint-Mard-sur-Auve,64,1,65
Saint-Mard-sur-le-Mont,118,0,118
Saint-Martin-aux-Champs,104,0,104
Saint-Martin-d'Ablois,1426,23,1449
Saint-Martin-l'Heureux,85,1,86
Saint-Martin-sur-le-Pré,797,32,829
Saint-Masmes,458,8,466
Saint-Memmie,5511,78,5589
Saint-Ouen-Domprot,205,6,211
Saint-Pierre,301,8,309
Saint-Quentin-le-Verger,121,2,123
Saint-Quentin-les-Marais,139,2,141
Saint-Quentin-sur-Coole,104,1,105
Saint-Remy-en-Bouzemont-Saint-Genest-et-Isson,518,6,524
Saint-Remy-sous-Broyes,105,2,107
Saint-Remy-sur-Bussy,343,8,351
Saint-Saturnin,59,0,59
Saint-Souplet-sur-Py,125,4,129
Saint-Thierry,627,23,650
Saint-Thomas-en-Argonne,40,2,42
Saint-Utin,79,1,80
Saint-Vrain,233,2,235
Sainte-Gemme,139,3,142
Sainte-Marie-à-Py,198,5,203
Sainte-Marie-du-Lac-Nuisement,268,2,270
Sainte-Menehould,4120,114,4234
Sapignicourt,410,4,414
Sarcy,254,4,258
Saron-sur-Aube,304,6,310
Sarry,2046,86,2132
Saudoy,369,10,379
Savigny-sur-Ardres,270,4,274
Scrupt,132,0,132
Selles,405,1,406
Sept-Saulx,615,11,626
Sermaize-les-Bains,1906,35,1941
Sermiers,561,14,575
Servon-Melzicourt,108,1,109
Serzy-et-Prin,207,4,211
Sézanne,4834,108,4942
Sillery,1724,37,1761
Sivry-Ante,182,5,187
Sogny-aux-Moulins,111,2,113
Sogny-en-l'Angle,62,0,62
Soizy-aux-Bois,184,1,185
Somme-Bionne,80,8,88
Somme-Suippe,475,164,639
Somme-Tourbe,143,3,146
Somme-Vesle,430,245,675
Somme-Yèvre,117,3,120
Sommepy-Tahure,623,16,639
Sommesous,533,14,547
Sompuis,291,12,303
Somsois,196,6,202
Songy,263,4,267
Souain-Perthes-lès-Hurlus,238,5,243
Soudé,183,0,183
Soudron,301,5,306
Soulanges,470,9,479
Soulières,142,1,143
Suippes,3913,47,3960
Suizy-le-Franc,107,3,110
Taissy,2199,36,2235
Talus-Saint-Prix,108,4,112
Thaas,99,0,99
Thibie,291,2,293
Thiéblemont-Farémont,541,6,547
Thil,296,4,300
Thillois,449,68,517
Le Thoult-Trosnay,103,2,105
Tilloy-et-Bellay,219,10,229
Tinqueux,10030,139,10169
Togny-aux-Bœufs,137,2,139
Tours-sur-Marne,1382,14,1396
Tramery,151,3,154
Trécon,82,1,83
Tréfols,168,3,171
Trépail,431,5,436
Treslon,242,1,243
Trigny,543,9,552
Trois-Fontaines-l'Abbaye,198,5,203
Trois-Puits,153,2,155
Troissy,829,93,922
Unchair,166,4,170
Vadenay,241,6,247
Val de Livre,633,17,650
Val-de-Vesle,912,10,922
Val-de-Vière,129,2,131
Val-des-Marais,567,11,578
Valmy,294,5,299
Vanault-le-Châtel,178,1,179
Vanault-les-Dames,363,8,371
Vandeuil,196,3,199
Vandières,307,6,313
Vassimont-et-Chapelaine,61,1,62
Vatry,158,2,160
Vauchamps,360,10,370
Vauciennes,332,7,339
Vauclerc,494,21,515
Vaudemange,309,5,314
Vaudesincourt,92,1,93
Vavray-le-Grand,161,3,164
Vavray-le-Petit,66,3,69
Vélye,196,2,198
Ventelay,259,6,265
Venteuil,529,10,539
Verdon,209,2,211
Vernancourt,88,4,92
Verneuil,840,20,860
Verrières,402,6,408
Vert-Toulon,291,4,295
Verzenay,1052,8,1060
Verzy,974,23,997
Vésigneul-sur-Marne,237,3,240
La Veuve,614,11,625
Le Vézier,191,3,194
Le Vieil-Dampierre,115,3,118
Vienne-la-Ville,173,7,180
Vienne-le-Château,520,7,527
Ville-Dommange,401,8,409
Ville-en-Selve,279,46,325
Ville-en-Tardenois,657,6,663
La Ville-sous-Orbais,49,1,50
Ville-sur-Tourbe,219,1,220
Villeneuve-la-Lionne,285,3,288
La Villeneuve-lès-Charleville,113,1,114
Villeneuve-Renneville-Chevigny,316,6,322
Villeneuve-Saint-Vistre-et-Villevotte,123,5,128
Villers-Allerand,885,18,903
Villers-aux-Bois,326,5,331
Villers-aux-Nœuds,188,4,192
Villers-en-Argonne,232,6,238
Villers-Franqueux,297,16,313
Villers-le-Château,254,8,262
Villers-le-Sec,117,1,118
Villers-Marmery,524,11,535
Villers-sous-Châtillon,215,0,215
Villeseneux,221,5,226
Villevenard,215,2,217
Villiers-aux-Corneilles,109,4,113
Vinay,589,5,594
Vincelles,290,3,293
Vindey,116,2,118
Virginy,84,3,87
Vitry-en-Perthois,828,24,852
Vitry-la-Ville,377,9,386
Vitry-le-François,12133,283,12416
Voilemont,44,5,49
Vouarces,60,0,60
Vouillers,258,6,264
Vouzy,293,5,298
Vraux,460,8,468
Vrigny,232,0,232
Vroil,104,0,104
Wargemoulin-Hurlus,46,1,47
Warmeriville,2468,26,2494
Witry-lès-Reims,5020,55,5075
Œuilly,648,10,658
Ageville,309,8,317
Aigremont,20,0,20
Aillianville,165,2,167
Aingoulaincourt,13,0,13
Aizanville,34,4,38
Allichamps,347,4,351
Ambonville,82,2,84
Andelot-Blancheville,870,10,880
Andilly-en-Bassigny,108,1,109
Annéville-la-Prairie,86,0,86
Annonville,32,1,33
Anrosey,121,5,126
Aprey,187,6,193
Arbigny-sous-Varennes,89,0,89
Arbot,70,2,72
Arc-en-Barrois,743,13,756
Arnancourt,91,4,95
Attancourt,260,4,264
Aubepierre-sur-Aube,188,3,191
Auberive,169,5,174
Audeloncourt,87,2,89
Aujeurres,83,2,85
Aulnoy-sur-Aube,51,0,51
Autigny-le-Grand,149,2,151
Autigny-le-Petit,63,2,65
Autreville-sur-la-Renne,382,9,391
Avrecourt,114,4,118
Bailly-aux-Forges,143,5,148
Baissey,193,3,196
Bannes,374,3,377
Bassoncourt,67,0,67
Baudrecourt,92,0,92
Bay-sur-Aube,52,1,53
Bayard-sur-Marne,1322,27,1349
Beauchemin,104,1,105
Belmont,57,1,58
Bettancourt-la-Ferrée,1697,37,1734
Beurville,104,0,104
Biesles,1352,31,1383
Bize,92,1,93
Blaisy,75,1,76
Blécourt,112,2,114
Blessonville,196,6,202
Blumeray,109,7,116
Bologne,1899,38,1937
Bonnecourt,135,0,135
Bourbonne-les-Bains,2073,54,2127
Bourdons-sur-Rognon,285,2,287
Bourg,156,5,161
Bourg-Sainte-Marie,101,1,102
Bourmont-entre-Meuse-et-Mouzon,803,30,833
Bouzancourt,65,1,66
Brachay,61,3,64
Brainville-sur-Meuse,78,0,78
Braux-le-Châtel,145,1,146
Brennes,133,3,136
Brethenay,368,10,378
Breuvannes-en-Bassigny,678,20,698
Briaucourt,181,6,187
Bricon,449,14,463
Brousseval,694,9,703
Bugnières,153,5,158
Busson,39,0,39
Buxières-lès-Clefmont,26,2,28
Buxières-lès-Villiers,195,20,215
Ceffonds,635,16,651
Celles-en-Bassigny,83,1,84
Celsoy,105,1,106
Cerisières,83,7,90
Chalancey,105,2,107
Chalindrey,2407,41,2448
Chalvraines,187,2,189
Chamarandes-Choignes,1034,172,1206
Chambroncourt,49,1,50
Chamouilley,806,10,816
Champigneulles-en-Bassigny,44,1,45
Champigny-lès-Langres,426,13,439
Champigny-sous-Varennes,115,2,117
Champsevraine,734,16,750
Chancenay,1087,27,1114
Changey,304,11,315
Chanoy,127,2,129
Chantraines,222,5,227
Charmes,146,4,150
Charmes-en-l'Angle,10,0,10
Charmes-la-Grande,156,6,162
Chassigny,253,2,255
Châteauvillain,1584,17,1601
Le Châtelet-sur-Meuse,150,0,150
Chatenay-Mâcheron,105,2,107
Chatenay-Vaudin,52,2,54
Chatonrupt-Sommermont,298,6,304
Chaudenay,345,7,352
Chauffourt,204,4,208
Chaumont,21945,1227,23172
Chaumont-la-Ville,116,1,117
Chevillon,1313,20,1333
Chézeaux,72,0,72
Choilley-Dardenay,162,4,166
Choiseul,78,4,82
Cirey-lès-Mareilles,140,3,143
Cirey-sur-Blaise,119,1,120
Cirfontaines-en-Azois,186,1,187
Cirfontaines-en-Ornois,77,1,78
Clefmont,176,3,179
Clinchamp,77,3,80
Cohons,233,5,238
Coiffy-le-Bas,92,0,92
Coiffy-le-Haut,116,0,116
Colmier-le-Bas,22,0,22
Colmier-le-Haut,59,1,60
Colombey les Deux Églises,714,22,736
Condes,304,6,310
Consigny,69,1,70
Coublanc,117,5,122
Coupray,146,2,148
Cour-l'Évêque,159,2,161
Courcelles-en-Montagne,90,0,90
Courcelles-sur-Blaise,98,1,99
Culmont,539,10,549
Curel,412,6,418
Curmont,12,1,13
Cusey,282,4,286
Cuves,25,1,26
Daillancourt,67,2,69
Daillecourt,74,0,74
Dammartin-sur-Meuse,198,2,200
Dampierre,387,4,391
Damrémont,197,4,201
Dancevoir,189,9,198
Darmannes,260,3,263
Dinteville,56,3,59
Domblain,80,2,82
Dommarien,161,7,168
Dommartin-le-Franc,248,2,250
Dommartin-le-Saint-Père,276,7,283
Domremy-Landéville,78,4,82
Doncourt-sur-Meuse,39,1,40
Donjeux,386,4,390
Doulaincourt-Saucourt,816,44,860
Doulevant-le-Château,363,13,376
Doulevant-le-Petit,26,3,29
Échenay,92,2,94
Éclaron-Braucourt-Sainte-Livière,2019,44,2063
Ecot-la-Combe,37,1,38
Effincourt,61,5,66
Enfonvelle,68,1,69
Épizon,168,4,172
Esnouveaux,296,5,301
Euffigneix,302,13,315
Eurville-Bienville,2065,32,2097
Farincourt,39,0,39
Faverolles,101,4,105
Fayl-Billot,1323,123,1446
Fays,73,3,76
Ferrière-et-Lafolie,50,2,52
Flagey,83,3,86
Flammerécourt,69,0,69
Fontaines-sur-Marne,148,2,150
Forcey,64,4,68
Foulain,697,17,714
Frampas,161,4,165
Frécourt,96,3,99
Fresnes-sur-Apance,148,2,150
Froncles,1521,24,1545
Fronville,323,3,326
Genevrières,132,5,137
La Genevroye,32,1,33
Germaines,41,1,42
Germainvilliers,89,4,93
Germay,45,2,47
Germisay,18,0,18
Giey-sur-Aujon,130,1,131
Gillancourt,120,3,123
Gillaumé,37,0,37
Gilley,67,3,70
Graffigny-Chemin,232,6,238
Grandchamp,74,1,75
Grenant,148,2,150
Gudmont-Villiers,291,5,296
Guindrecourt-aux-Ormes,93,2,95
Guindrecourt-sur-Blaise,59,0,59
Guyonvelle,107,1,108
Hâcourt,39,0,39
Hallignicourt,285,3,288
Harréville-les-Chanteurs,292,10,302
Haute-Amance,956,15,971
Heuilley-le-Grand,209,7,216
Huilliécourt,118,1,119
Humbécourt,780,10,790
Humberville,67,5,72
Humes-Jorquenay,570,15,585
Illoud,220,9,229
Is-en-Bassigny,542,13,555
Isômes,150,6,156
Joinville,3069,68,3137
Jonchery,1014,35,1049
Juzennecourt,213,3,216
Lachapelle-en-Blaisy,81,3,84
Lafauche,77,4,81
Laferté-sur-Amance,107,1,108
Laferté-sur-Aube,331,2,333
Lamancine,124,3,127
Laneuvelle,65,2,67
Laneuville-à-Rémy,66,0,66
Laneuville-au-Pont,209,3,212
Langres,7731,415,8146
Lanques-sur-Rognon,186,2,188
Lanty-sur-Aube,121,2,123
Larivière-Arnoncourt,117,1,118
Latrecey-Ormoy-sur-Aube,295,9,304
Lavernoy,76,0,76
Laville-aux-Bois,205,9,214
Lavilleneuve,60,1,61
Lavilleneuve-au-Roi,78,0,78
Lecey,210,3,213
Leffonds,349,9,358
Leschères-sur-le-Blaiseron,101,0,101
Leuchey,85,1,86
Leurville,84,0,84
Levécourt,87,1,88
Lezéville,125,0,125
Liffol-le-Petit,320,8,328
Les Loges,137,6,143
Longchamp,71,0,71
Longeau-Percey,743,19,762
Louvemont,701,10,711
Louvières,97,0,97
Luzy-sur-Marne,258,10,268
Maâtz,75,0,75
Magneux,167,2,169
Maisoncelles,58,1,59
Maizières,198,3,201
Maizières-sur-Amance,98,1,99
Malaincourt-sur-Meuse,57,1,58
Mandres-la-Côte,538,5,543
Manois,451,9,460
Marac,214,4,218
Maranville,410,4,414
Marbéville,98,2,100
Marcilly-en-Bassigny,218,4,222
Mardor,47,3,50
Mareilles,155,1,156
Marnay-sur-Marne,325,1,326
Mathons,65,2,67
Melay,258,6,264
Mennouveaux,70,1,71
Merrey,100,3,103
Mertrud,177,7,184
Meures,131,4,135
Millières,114,5,119
Mirbel,42,0,42
Moëslains,425,12,437
Montcharvot,33,1,34
Montheries,65,2,67
Montot-sur-Rognon,131,2,133
Montreuil-sur-Blaise,165,2,167
Montreuil-sur-Thonnance,62,0,62
Le Montsaugeonnais,1265,26,1291
Morancourt,134,2,136
Morionvilliers,29,0,29
Mouilleron,35,2,37
Mussey-sur-Marne,372,6,378
Narcy,247,5,252
Neuilly-l'Évêque,591,19,610
Neuilly-sur-Suize,311,9,320
Neuvelle-lès-Voisey,72,0,72
Ninville,79,5,84
Nogent,3752,63,3815
Noidant-Chatenoy,82,0,82
Noidant-le-Rocheux,160,4,164
Nomécourt,110,4,114
Noncourt-sur-le-Rongeant,176,2,178
Noyers,83,0,83
Nully,161,4,165
Occey,157,3,160
Orbigny-au-Mont,133,4,137
Orbigny-au-Val,96,7,103
Orcevaux,99,3,102
Orges,354,3,357
Ormancey,79,1,80
Ormoy-lès-Sexfontaines,43,1,44
Orquevaux,80,0,80
Osne-le-Val,257,6,263
Oudincourt,143,2,145
Outremécourt,90,6,96
Ozières,39,1,40
Le Pailly,284,5,289
Palaiseul,59,0,59
Pansey,97,3,100
Parnoy-en-Bassigny,299,8,307
Paroy-sur-Saulx,47,2,49
Peigney,376,2,378
Perrancey-les-Vieux-Moulins,293,7,300
Perrogney-les-Fontaines,114,0,114
Perrusse,31,2,33
Perthes,526,4,530
Pierremont-sur-Amance,143,0,143
Pisseloup,51,0,51
Planrupt,304,6,310
Plesnoy,115,2,117
Poinsenot,52,0,52
Poinson-lès-Fayl,222,9,231
Poinson-lès-Grancey,45,0,45
Poinson-lès-Nogent,143,3,146
Poiseul,71,1,72
Poissons,667,15,682
Pont-la-Ville,120,8,128
La Porte du Der,2278,65,2343
Poulangy,386,12,398
Praslay,74,1,75
Pressigny,200,5,205
Prez-sous-Lafauche,296,7,303
Rachecourt-sur-Marne,779,11,790
Rachecourt-Suzémont,105,2,107
Rangecourt,64,1,65
Rançonnières,106,1,107
Rennepont,136,5,141
Reynel,119,2,121
Riaucourt,473,9,482
Richebourg,274,5,279
Rimaucourt,671,8,679
Rives Dervoises,1371,53,1424
Rivière-les-Fosses,199,4,203
Rivières-le-Bois,73,0,73
Rizaucourt-Buchey,125,1,126
Rochefort-sur-la-Côte,64,1,65
Roches-Bettaincourt,570,13,583
Roches-sur-Marne,557,3,560
Rochetaillée,167,2,169
Rolampont,1478,30,1508
Romain-sur-Meuse,104,2,106
Rouécourt,47,3,50
Rouelles,25,0,25
Rougeux,110,2,112
Rouvres-sur-Aube,96,1,97
Rouvroy-sur-Marne,384,7,391
Rupt,338,6,344
Sailly,33,0,33
Saint-Blin,381,10,391
Saint-Broingt-le-Bois,71,2,73
Saint-Broingt-les-Fosses,232,4,236
Saint-Ciergues,189,2,191
Saint-Dizier,24012,558,24570
Saint-Loup-sur-Aujon,142,4,146
Saint-Martin-lès-Langres,111,4,115
Saint-Maurice,135,1,136
Saint-Thiébault,238,7,245
Saint-Urbain-Maconcourt,643,11,654
Saint-Vallier-sur-Marne,176,3,179
Saints-Geosmes,1129,33,1162
Sarcey,113,1,114
Sarrey,376,10,386
Saudron,46,1,47
Saulles,46,1,47
Saulxures,128,0,128
Savigny,59,2,61
Semilly,108,4,112
Semoutiers-Montsaon,769,15,784
Serqueux,413,13,426
Sexfontaines,133,0,133
Signéville,89,1,90
Silvarouvres,39,0,39
Sommancourt,68,1,69
Sommerécourt,78,4,82
Sommevoire,693,19,712
Soncourt-sur-Marne,371,8,379
Soulaucourt-sur-Mouzon,98,2,100
Soyers,62,1,63
Suzannecourt,370,14,384
Ternat,63,0,63
Thilleux,76,3,79
Thivet,272,0,272
Thol-lès-Millières,34,1,35
Thonnance-lès-Joinville,717,21,738
Thonnance-les-Moulins,114,5,119
Torcenay,551,15,566
Tornay,32,0,32
Treix,230,6,236
Trémilly,86,2,88
Troisfontaines-la-Ville,429,9,438
Vaillant,42,1,43
Le Val-d'Esnoms,389,11,400
Val-de-Meuse,1861,54,1915
Valcourt,621,9,630
Valleret,61,0,61
Valleroy,23,0,23
Vals-des-Tilles,167,1,168
Varennes-sur-Amance,269,4,273
Vaudrecourt,35,0,35
Vaudrémont,102,3,105
Vaux-sur-Blaise,376,7,383
Vaux-sur-Saint-Urbain,57,2,59
Vauxbons,60,0,60
Vecqueville,529,15,544
Velles,66,1,67
Verbiesles,332,10,342
Verseilles-le-Bas,102,4,106
Verseilles-le-Haut,48,1,49
Vesaignes-sous-Lafauche,128,1,129
Vesaignes-sur-Marne,104,2,106
Vesvres-sous-Chalancey,47,0,47
Vicq,151,6,157
Viéville,338,10,348
Vignes-la-Côte,64,4,68
Vignory,243,2,245
Villars-en-Azois,66,1,67
Villars-Santenoge,84,1,85
Ville-en-Blaisois,151,1,152
Villegusien-le-Lac,1002,17,1019
Villiers-en-Lieu,1529,33,1562
Villiers-le-Sec,711,11,722
Villiers-lès-Aprey,45,0,45
Villiers-sur-Suize,263,2,265
Violot,67,2,69
Vitry-en-Montagne,23,0,23
Vitry-lès-Nogent,186,4,190
Vivey,55,1,56
Voillecomte,532,10,542
Voisey,288,2,290
Voisines,101,2,103
Voncourt,16,0,16
Vouécourt,207,1,208
Vraincourt,92,2,94
Vroncourt-la-Côte,25,0,25
Wassy,2905,126,3031
Ahuillé,1806,35,1841
Alexain,601,9,610
Ambrières-les-Vallées,2739,70,2809
Andouillé,2300,49,2349
Argentré,2814,94,2908
Aron,1803,49,1852
Arquenay,638,17,655
Assé-le-Bérenger,450,13,463
Astillé,870,14,884
Athée,495,20,515
Averton,585,16,601
La Baconnière,1923,44,1967
Bais,1239,21,1260
Ballots,1281,31,1312
Bannes,120,3,123
La Bazoge-Montpinçon,1015,27,1042
La Bazouge-de-Chemeré,516,10,526
La Bazouge-des-Alleux,544,6,550
Bazougers,1106,13,1119
Beaulieu-sur-Oudon,519,9,528
Beaumont-Pied-de-Bœuf,190,3,193
Belgeard,616,8,624
Bierné-les-Villages,1249,28,1277
Le Bignon-du-Maine,336,8,344
La Bigottière,498,2,500
Blandouet-Saint Jean,605,19,624
La Boissière,117,5,122
Bonchamp-lès-Laval,6037,193,6230
Bouchamps-lès-Craon,564,9,573
Bouère,1090,20,1110
Bouessay,736,19,755
Boulay-les-Ifs,156,3,159
Le Bourgneuf-la-Forêt,1778,37,1815
Bourgon,640,10,650
Brains-sur-les-Marches,269,5,274
Brecé,824,13,837
Brée,535,6,541
La Brûlatte,697,18,715
Le Buret,309,3,312
Carelles,267,4,271
Chailland,1171,34,1205
Châlons-du-Maine,708,8,716
Champéon,585,6,591
Champfrémont,309,7,316
Champgenéteux,515,20,535
Changé,6020,191,6211
Chantrigné,618,21,639
La Chapelle-Anthenaise,1014,14,1028
La Chapelle-au-Riboul,501,10,511
La Chapelle-Craonnaise,352,8,360
La Chapelle-Rainsouin,412,6,418
Charchigné,481,6,487
Château-Gontier-sur-Mayenne,16776,648,17424
Châtelain,469,13,482
Châtillon-sur-Colmont,1024,25,1049
Chemazé,1361,32,1393
Chémeré-le-Roi,402,11,413
Chérancé,164,2,166
Chevaigné-du-Maine,173,7,180
Colombiers-du-Plessis,485,18,503
Commer,1201,26,1227
Congrier,896,25,921
Contest,840,33,873
Cosmes,282,7,289
Cossé-en-Champagne,323,10,333
Cossé-le-Vivien,3134,75,3209
Coudray,855,16,871
Couesmes-Vaucé,370,12,382
Couptrain,131,2,133
Courbeveille,640,5,645
Courcité,906,21,927
Craon,4507,178,4685
Crennes-sur-Fraubée,193,2,195
La Croixille,688,16,704
La Cropte,211,4,215
Cuillé,871,30,901
Daon,502,5,507
Denazé,162,5,167
Désertines,466,14,480
La Dorée,282,5,287
Entrammes,2256,42,2298
Ernée,5731,98,5829
Évron,8671,232,8903
Fontaine-Couverte,441,6,447
Forcé,1099,32,1131
Fougerolles-du-Plessis,1205,15,1220
Fromentières,831,11,842
Gastines,166,2,168
Le Genest-Saint-Isle,2135,57,2192
Gennes-Longuefuye,1327,24,1351
Gesnes,228,5,233
Gesvres,519,11,530
Gorron,2560,55,2615
La Gravelle,546,6,552
Grazay,615,18,633
Grez-en-Bouère,1011,19,1030
La Haie-Traversaine,472,13,485
Le Ham,395,8,403
Hambers,609,14,623
Hardanges,203,1,204
Hercé,312,12,324
Le Horps,744,20,764
Houssay,491,5,496
Le Housseau-Brétignolles,247,1,248
L' Huisserie,4244,153,4397
Izé,458,9,467
Javron-les-Chapelles,1378,29,1407
Jublains,734,16,750
Juvigné,1456,14,1470
Landivy,1149,22,1171
Larchamp,1110,17,1127
Lassay-les-Châteaux,2253,62,2315
Laubrières,356,4,360
Launay-Villiers,385,5,390
Laval,49728,2556,52284
Lesbois,194,2,196
Levaré,289,11,300
Lignières-Orgères,742,16,758
Livet,158,1,159
Livré-la-Touche,745,20,765
Loiron-Ruillé,2667,61,2728
Loupfougères,408,6,414
Louverné,4302,94,4396
Louvigné,1146,21,1167
Madré,293,6,299
Maisoncelles-du-Maine,517,10,527
Marcillé-la-Ville,798,24,822
Marigné-Peuton,548,14,562
Martigné-sur-Mayenne,1853,28,1881
Mayenne,12841,710,13551
Mée,226,1,227
Ménil,939,29,968
Méral,1098,15,1113
Meslay-du-Maine,2875,70,2945
Mézangers,657,13,670
Montaudin,908,15,923
Montenay,1361,24,1385
Montflours,253,8,261
Montigné-le-Brillant,1277,51,1328
Montjean,1036,20,1056
Montreuil-Poulay,371,11,382
Montsûrs,3227,61,3288
Moulay,963,17,980
Neau,774,3,777
Neuilly-le-Vendin,346,8,354
Niafles,350,7,357
Nuillé-sur-Vicoin,1210,26,1236
Oisseau,1184,25,1209
Olivet,417,10,427
Origné,423,5,428
La Pallu,193,6,199
Parigné-sur-Braye,847,18,865
Parné-sur-Roc,1348,29,1377
Le Pas,548,11,559
La Pellerine,340,5,345
Peuton,227,10,237
Placé,340,8,348
Pommerieux,652,28,680
Pontmain,825,13,838
Port-Brillet,1801,28,1829
Pré-en-Pail-Saint-Samson,2331,78,2409
Préaux,166,7,173
Prée-d'Anjou,1421,45,1466
Quelaines-Saint-Gault,2157,65,2222
Ravigny,233,12,245
Renazé,2541,33,2574
Rennes-en-Grenouilles,107,2,109
Le Ribay,460,10,470
La Roche-Neuville,1167,38,1205
La Roë,245,2,247
La Rouaudière,328,4,332
Ruillé-Froid-Fonds,569,12,581
Sacé,499,8,507
Saint-Aignan-de-Couptrain,374,10,384
Saint-Aignan-sur-Roë,894,24,918
Saint-Aubin-du-Désert,240,7,247
Saint-Aubin-Fosse-Louvain,217,6,223
Saint-Baudelle,1119,43,1162
Saint-Berthevin,7344,241,7585
Saint-Berthevin-la-Tannière,332,3,335
Saint-Brice,528,13,541
Saint-Calais-du-Désert,387,7,394
Saint-Charles-la-Forêt,203,10,213
Saint-Cyr-en-Pail,490,17,507
Saint-Cyr-le-Gravelais,544,14,558
Saint-Denis-d'Anjou,1558,29,1587
Saint-Denis-de-Gastines,1509,35,1544
Saint-Denis-du-Maine,428,9,437
Saint-Ellier-du-Maine,510,8,518
Saint-Erblon,172,4,176
Saint-Fraimbault-de-Prières,1001,26,1027
Saint-Georges-Buttavent,1443,39,1482
Saint-Georges-le-Fléchard,418,12,430
Saint-Georges-sur-Erve,385,10,395
Saint-Germain-d'Anxure,388,9,397
Saint-Germain-de-Coulamer,348,11,359
Saint-Germain-le-Fouilloux,1166,31,1197
Saint-Germain-le-Guillaume,495,10,505
Saint-Hilaire-du-Maine,863,24,887
Saint-Jean-sur-Mayenne,1653,49,1702
Saint-Julien-du-Terroux,235,9,244
Saint-Léger,308,3,311
Saint-Loup-du-Dorat,364,2,366
Saint-Loup-du-Gast,365,13,378
Saint-Mars-du-Désert,166,1,167
Saint-Mars-sur-Colmont,469,13,482
Saint-Mars-sur-la-Futaie,538,10,548
Saint-Martin-de-Connée,421,8,429
Saint-Martin-du-Limet,444,6,450
Saint-Michel-de-la-Roë,265,9,274
Saint-Ouën-des-Toits,1749,35,1784
Saint-Pierre-des-Landes,928,27,955
Saint-Pierre-des-Nids,1990,27,2017
Saint-Pierre-la-Cour,2170,43,2213
Saint-Pierre-sur-Erve,142,1,143
Saint-Pierre-sur-Orthe,463,10,473
Saint-Poix,405,6,411
Saint-Quentin-les-Anges,435,7,442
Saint-Saturnin-du-Limet,508,13,521
Saint-Thomas-de-Courceriers,185,4,189
Sainte-Gemmes-le-Robert,851,27,878
Sainte-Marie-du-Bois,217,4,221
Sainte-Suzanne-et-Chammes,1280,31,1311
Saulges,318,4,322
La Selle-Craonnaise,941,29,970
Senonnes,357,8,365
Simplé,452,4,456
Soucé,164,3,167
Soulgé-sur-Ouette,1084,31,1115
Thorigné-en-Charnie,195,3,198
Thubœuf,289,8,297
Torcé-Viviers-en-Charnie,756,15,771
Trans,232,4,236
Vaiges,1167,13,1180
Val-du-Maine,929,28,957
Vautorte,599,5,604
Vieuvy,118,8,126
Villaines-la-Juhel,2808,43,2851
Villepail,177,1,178
Villiers-Charlemagne,1122,23,1145
Vimarcé,237,1,238
Voutré,910,14,924
Abaucourt,299,4,303
Abbéville-lès-Conflans,226,4,230
Aboncourt,103,2,105
Affléville,179,2,181
Affracourt,110,1,111
Agincourt,438,7,445
Aingeray,543,4,547
Allain,478,14,492
Allamont,158,3,161
Allamps,510,14,524
Allondrelle-la-Malmaison,644,2,646
Amance,340,5,345
Amenoncourt,77,3,80
Ancerviller,282,15,297
Anderny,254,6,260
Andilly,286,7,293
Angomont,78,1,79
Anoux,265,8,273
Ansauville,82,1,83
Anthelupt,461,5,466
Armaucourt,225,2,227
Arnaville,565,7,572
Arracourt,246,2,248
Arraye-et-Han,359,7,366
Art-sur-Meurthe,1470,243,1713
Athienville,176,3,179
Atton,832,12,844
Auboué,2514,29,2543
Audun-le-Roman,2462,50,2512
Autrepierre,82,0,82
Autreville-sur-Moselle,277,5,282
Autrey,186,2,188
Avillers,123,0,123
Avrainville,219,10,229
Avricourt,386,3,389
Avril,1131,15,1146
Azelot,422,2,424
Azerailles,771,18,789
Baccarat,4330,62,4392
Badonviller,1551,31,1582
Bagneux,160,5,165
Bainville-aux-Miroirs,305,1,306
Bainville-sur-Madon,1396,13,1409
Barbas,191,2,193
Barbonville,437,7,444
Barisey-au-Plain,399,7,406
Barisey-la-Côte,226,3,229
Les Baroches,351,14,365
Baslieux,581,15,596
Bathelémont,64,1,65
Batilly,1261,19,1280
Battigny,142,2,144
Bauzemont,154,6,160
Bayon,1610,16,1626
Bayonville-sur-Mad,301,5,306
Bazailles,142,2,144
Beaumont,72,0,72
Béchamps,86,2,88
Belleau,746,9,755
Belleville,1441,17,1458
Bénaménil,583,11,594
Benney,650,11,661
Bernécourt,179,5,184
Bertrambois,308,6,314
Bertrichamps,1094,23,1117
Bettainvillers,391,2,393
Beuveille,760,11,771
Beuvezin,96,2,98
Beuvillers,424,8,432
Bey-sur-Seille,169,0,169
Bezange-la-Grande,158,1,159
Bezaumont,263,5,268
Bicqueley,902,16,918
Bienville-la-Petite,34,0,34
Bionville,116,4,120
Blainville-sur-l'Eau,4035,24,4059
Blâmont,1072,12,1084
Blémerey,63,1,64
Blénod-lès-Pont-à-Mousson,4601,47,4648
Blénod-lès-Toul,1078,20,1098
Bois-de-Haye,2257,102,2359
Boismont,415,6,421
Boncourt,174,3,177
Bonviller,183,3,186
Borville,97,2,99
Boucq,356,11,367
Bouillonville,156,3,159
Bouvron,241,1,242
Bouxières-aux-Chênes,1422,20,1442
Bouxières-aux-Dames,4216,39,4255
Bouxières-sous-Froidmont,369,4,373
Bouzanville,62,0,62
Brainville,160,2,162
Bralleville,174,3,177
Bratte,44,0,44
Bréhain-la-Ville,412,5,417
Bréménil,109,5,114
Brémoncourt,167,3,170
Brin-sur-Seille,783,11,794
Brouville,132,1,133
Bruley,610,6,616
Bruville,226,5,231
Buissoncourt,265,2,267
Bulligny,531,15,546
Bures,62,2,64
Buriville,74,3,77
Burthecourt-aux-Chênes,113,3,116
Ceintrey,925,9,934
Cerville,566,12,578
Chaligny,2858,23,2881
Chambley-Bussières,695,9,704
Champenoux,1415,16,1431
Champey-sur-Moselle,343,4,347
Champigneulles,6745,70,6815
Chanteheux,2143,42,2185
Chaouilley,112,1,113
Charency-Vezin,616,9,625
Charey,82,3,85
Charmes-la-Côte,335,8,343
Charmois,190,1,191
Chaudeney-sur-Moselle,709,17,726
Chavigny,1843,14,1857
Chazelles-sur-Albe,44,0,44
Chenevières,495,9,504
Chenicourt,227,1,228
Chenières,632,17,649
Choloy-Ménillot,736,10,746
Cirey-sur-Vezouze,1644,26,1670
Clayeures,187,1,188
Clémery,495,14,509
Clérey-sur-Brenon,67,2,69
Coincourt,128,4,132
Colmey,250,7,257
Colombey-les-Belles,1459,21,1480
Conflans-en-Jarnisy,2359,34,2393
Cons-la-Grandville,523,17,540
Cosnes-et-Romain,2690,55,2745
Courbesseaux,337,3,340
Courcelles,104,3,107
Coyviller,141,1,142
Crantenoy,152,2,154
Crépey,394,7,401
Crévéchamps,393,2,395
Crévic,913,12,925
Crézilles,282,3,285
Crion,96,0,96
Croismare,640,8,648
Crusnes,1579,12,1591
Custines,3079,26,3105
Cutry,1033,28,1061
Damelevières,3217,44,3261
Dampvitoux,58,0,58
Deneuvre,522,15,537
Deuxville,423,7,430
Diarville,539,5,544
Dieulouard,4763,44,4807
Dolcourt,129,2,131
Dombasle-sur-Meurthe,9734,192,9926
Domèvre-en-Haye,385,9,394
Domèvre-sur-Vezouze,296,10,306
Domgermain,1185,13,1198
Domjevin,256,2,258
Dommarie-Eulmont,87,2,89
Dommartemont,585,28,613
Dommartin-la-Chaussée,34,2,36
Dommartin-lès-Toul,1984,39,2023
Dommartin-sous-Amance,278,2,280
Domprix,87,3,90
Domptail-en-l'Air,71,1,72
Doncourt-lès-Conflans,1185,21,1206
Doncourt-lès-Longuyon,298,7,305
Drouville,205,4,209
Écrouves,4376,52,4428
Einvaux,363,3,366
Einville-au-Jard,1183,23,1206
Emberménil,260,3,263
Épiez-sur-Chiers,185,3,188
Éply,300,8,308
Erbéviller-sur-Amezule,76,2,78
Errouville,724,17,741
Essey-et-Maizerais,360,11,371
Essey-la-Côte,81,0,81
Essey-lès-Nancy,8823,160,8983
Étreval,61,1,62
Eulmont,1080,20,1100
Euvezin,111,1,112
Faulx,1344,10,1354
Favières,591,9,600
Fécocourt,109,2,111
Fenneviller,95,2,97
Ferrières,296,4,300
Fey-en-Haye,78,1,79
Fillières,510,8,518
Flainval,204,0,204
Flavigny-sur-Moselle,1743,130,1873
Fléville-devant-Nancy,2263,27,2290
Fléville-Lixières,320,3,323
Flin,378,11,389
Flirey,151,1,152
Fontenoy-la-Joûte,315,5,320
Fontenoy-sur-Moselle,374,5,379
Forcelles-Saint-Gorgon,143,3,146
Forcelles-sous-Gugney,94,2,96
Foug,2663,29,2692
Fraimbois,386,6,392
Fraisnes-en-Saintois,104,2,106
Francheville,281,2,283
Franconville,85,0,85
Fréménil,216,4,220
Frémonville,187,2,189
Fresnois-la-Montagne,409,14,423
Friauville,367,5,372
Frolois,708,8,716
Frouard,6563,74,6637
Froville,125,0,125
Gélacourt,167,2,169
Gélaucourt,68,0,68
Gellenoncourt,77,0,77
Gémonville,75,0,75
Gerbécourt-et-Haplemont,230,1,231
Gerbéviller,1342,26,1368
Germiny,219,7,226
Germonville,115,1,116
Gézoncourt,177,3,180
Gibeaumeix,164,3,167
Giraumont,1320,17,1337
Giriviller,70,0,70
Glonville,359,5,364
Gogney,46,1,47
Gondrecourt-Aix,177,3,180
Gondreville,2801,30,2831
Gondrexon,43,2,45
Gorcy,2763,43,2806
Goviller,425,9,434
Grand-Failly,334,8,342
Grimonviller,89,3,92
Gripport,285,1,286
Griscourt,132,2,134
Grosrouvres,63,0,63
Gugney,76,3,79
Gye,251,4,255
Hablainville,219,7,226
Hagéville,113,3,116
Haigneville,58,0,58
Halloville,71,6,77
Hammeville,177,4,181
Hamonville,96,1,97
Han-devant-Pierrepont,152,0,152
Hannonville-Suzémont,259,5,264
Haraucourt,734,4,738
Harbouey,118,1,119
Haroué,510,6,516
Hatrize,769,13,782
Haucourt-Moulaine,3241,42,3283
Haudonville,87,6,93
Haussonville,303,8,311
Heillecourt,5527,84,5611
Hénaménil,147,3,150
Herbéviller,236,2,238
Hériménil,956,18,974
Herserange,4390,47,4437
Hoéville,198,0,198
Homécourt,6176,54,6230
Houdelmont,212,1,213
Houdemont,2108,67,2175
Houdreville,425,10,435
Housséville,158,3,161
Hudiviller,356,5,361
Hussigny-Godbrange,3571,63,3634
Igney,124,6,130
Jaillon,478,6,484
Jarny,8283,185,8468
Jarville-la-Malgrange,9264,259,9523
Jaulny,203,6,209
Jeandelaincourt,811,6,817
Jeandelize,374,5,379
Jevoncourt,99,1,100
Jezainville,960,22,982
Jolivet,904,18,922
Joppécourt,160,6,166
Jouaville,298,9,307
Joudreville,1170,13,1183
Juvrecourt,58,1,59
Jœuf,6549,56,6605
Labry,1566,29,1595
Lachapelle,266,1,267
Lagney,506,5,511
Laître-sous-Amance,397,11,408
Laix,208,3,211
Lalœuf,291,3,294
Lamath,201,1,202
Landécourt,88,4,92
Landremont,146,1,147
Landres,974,110,1084
Laneuvelotte,437,4,441
Laneuveville-aux-Bois,319,3,322
Laneuveville-derrière-Foug,149,4,153
Laneuveville-devant-Bayon,226,6,232
Laneuveville-devant-Nancy,6541,110,6651
Lanfroicourt,130,1,131
Lantéfontaine,765,18,783
Laronxe,371,3,374
Laxou,14444,214,14658
Lay-Saint-Christophe,2441,68,2509
Lay-Saint-Remy,352,5,357
Lebeuville,175,4,179
Leintrey,142,3,145
Lemainville,374,4,378
Leménil-Mitry,3,0,3
Lenoncourt,592,9,601
Lesménils,494,10,504
Létricourt,235,1,236
Lexy,3725,66,3791
Leyr,916,6,922
Limey-Remenauville,285,5,290
Lironville,129,5,134
Liverdun,6087,61,6148
Loisy,325,4,329
Longlaville,2486,39,2525
Longuyon,5320,61,5381
Longwy,14378,291,14669
Lorey,99,0,99
Loromontzey,87,3,90
Lubey,228,4,232
Lucey,633,9,642
Ludres,6216,100,6316
Lunéville,18287,396,18683
Lupcourt,448,9,457
Magnières,286,6,292
Maidières,1547,24,1571
Mailly-sur-Seille,244,3,247
Mairy-Mainville,566,11,577
Maixe,413,4,417
Maizières,959,12,971
Malavillers,133,3,136
Malleloy,981,14,995
Malzéville,8125,268,8393
Mamey,339,5,344
Mandres-aux-Quatre-Tours,187,5,192
Mangonville,226,3,229
Manoncourt-en-Vermois,342,5,347
Manoncourt-en-Woëvre,245,4,249
Manonville,240,8,248
Manonviller,166,2,168
Marainviller,684,8,692
Marbache,1704,14,1718
Maron,831,10,841
Mars-la-Tour,965,18,983
Marthemont,42,0,42
Martincourt,96,2,98
Mattexey,67,2,69
Maxéville,9814,121,9935
Mazerulles,271,4,275
Méhoncourt,240,3,243
Ménil-la-Tour,336,2,338
Mercy-le-Bas,1278,6,1284
Mercy-le-Haut,273,6,279
Méréville,1345,20,1365
Merviller,337,9,346
Messein,1863,20,1883
Mexy,2283,50,2333
Mignéville,187,3,190
Millery,622,8,630
Minorville,230,1,231
Moineville,1083,15,1098
Moivrons,500,2,502
Moncel-lès-Lunéville,626,5,631
Moncel-sur-Seille,523,7,530
Mont-Bonvillers,948,14,962
Mont-l'Étroit,92,0,92
Mont-le-Vignoble,419,10,429
Mont-Saint-Martin,8807,110,8917
Mont-sur-Meurthe,1114,11,1125
Montauville,1056,16,1072
Montenoy,414,6,420
Montigny,155,0,155
Montigny-sur-Chiers,482,8,490
Montreux,62,2,64
Morfontaine,1092,25,1117
Moriviller,93,1,94
Morville-sur-Seille,147,0,147
Mouacourt,72,2,74
Mouaville,97,2,99
Mousson,104,3,107
Moutiers,1563,24,1587
Moutrot,303,2,305
Moyen,550,7,557
Murville,243,6,249
Nancy,104286,1457,105743
Neufmaisons,234,8,242
Neuves-Maisons,6729,66,6795
Neuviller-lès-Badonviller,94,2,96
Neuviller-sur-Moselle,235,1,236
Nomeny,1174,22,1196
Nonhigny,122,5,127
Norroy-le-Sec,417,12,429
Norroy-lès-Pont-à-Mousson,1194,15,1209
Noviant-aux-Prés,260,5,265
Ochey,518,4,522
Ogéviller,283,7,290
Ognéville,100,3,103
Olley,238,3,241
Omelmont,189,0,189
Onville,527,3,530
Ormes-et-Ville,227,2,229
Othe,33,3,36
Ozerailles,151,1,152
Pagney-derrière-Barine,631,8,639
Pagny-sur-Moselle,4140,53,4193
Pannes,177,4,181
Parey-Saint-Césaire,243,3,246
Parroy,166,1,167
Parux,71,0,71
Petit-Failly,86,1,87
Petitmont,321,4,325
Pettonville,67,0,67
Pexonne,365,2,367
Phlin,42,1,43
Piennes,2498,30,2528
Pierre-la-Treiche,492,2,494
Pierre-Percée,92,1,93
Pierrepont,870,10,880
Pierreville,308,2,310
Pompey,4884,54,4938
Pont-à-Mousson,14228,218,14446
Pont-Saint-Vincent,1903,43,1946
Port-sur-Seille,225,7,232
Praye,268,2,270
Prény,355,5,360
Preutin-Higny,134,1,135
Pulligny,1165,18,1183
Pulney,59,2,61
Pulnoy,4962,59,5021
Puxe,120,0,120
Puxieux,250,5,255
Quevilloncourt,95,2,97
Raon-lès-Leau,38,0,38
Raucourt,219,2,221
Raville-sur-Sânon,102,0,102
Réchicourt-la-Petite,62,2,64
Réclonville,76,1,77
Rehainviller,1044,15,1059
Reherrey,125,1,126
Réhon,3827,67,3894
Reillon,87,6,93
Rembercourt-sur-Mad,158,1,159
Remenoville,162,4,166
Réméréville,558,7,565
Remoncourt,47,1,48
Repaix,97,1,98
Richardménil,2355,25,2380
Rogéville,176,3,179
Romain,69,2,71
Rosières-aux-Salines,2858,30,2888
Rosières-en-Haye,232,2,234
Rouves,102,0,102
Roville-devant-Bayon,785,9,794
Royaumeix,368,4,372
Rozelieures,191,5,196
Saffais,116,0,116
Saint-Ail,424,5,429
Saint-Baussant,73,2,75
Saint-Boingt,71,3,74
Saint-Clément,861,17,878
Saint-Firmin,275,6,281
Saint-Germain,158,6,164
Saint-Jean-lès-Longuyon,421,11,432
Saint-Julien-lès-Gorze,161,2,163
Saint-Marcel,151,3,154
Saint-Mard,87,2,89
Saint-Martin,58,1,59
Saint-Maurice-aux-Forges,101,3,104
Saint-Max,9965,110,10075
Saint-Nicolas-de-Port,7520,75,7595
Saint-Pancré,316,6,322
Saint-Remimont,354,5,359
Saint-Rémy-aux-Bois,67,0,67
Saint-Sauveur,39,0,39
Saint-Supplet,139,9,148
Sainte-Geneviève,189,0,189
Sainte-Pôle,191,3,194
Saizerais,1503,22,1525
Sancy,318,7,325
Sanzey,144,2,146
Saulnes,2413,43,2456
Saulxerotte,107,1,108
Saulxures-lès-Nancy,4120,55,4175
Saulxures-lès-Vannes,373,5,378
Saxon-Sion,102,3,105
Seichamps,4952,61,5013
Seicheprey,113,4,117
Selaincourt,180,2,182
Seranville,100,0,100
Serres,247,1,248
Serrouville,683,16,699
Sexey-aux-Forges,705,8,713
Sionviller,103,2,105
Sivry,257,11,268
Sommerviller,990,4,994
Sornéville,328,6,334
Sponville,121,4,125
Tanconville,114,1,115
Tantonville,641,4,645
Tellancourt,560,10,570
Thélod,251,0,251
They-sous-Vaudemont,14,1,15
Thézey-Saint-Martin,203,2,205
Thiaucourt-Regniéville,1132,10,1142
Thiaville-sur-Meurthe,573,5,578
Thiébauménil,380,9,389
Thil,1877,28,1905
Thorey-Lyautey,143,3,146
Thuilley-aux-Groseilles,443,2,445
Thumeréville,72,1,73
Tiercelet,655,12,667
Tomblaine,8887,277,9164
Tonnoy,698,26,724
Toul,15832,281,16113
Tramont-Émy,29,0,29
Tramont-Lassus,87,2,89
Tramont-Saint-André,57,1,58
Tremblecourt,171,3,174
Trieux,2557,32,2589
Trondes,544,17,561
Tronville,201,2,203
Tucquegnieux,2469,28,2497
Ugny,715,30,745
Uruffe,401,2,403
Vacqueville,238,12,250
Val de Briey,8228,245,8473
Val-et-Châtillon,597,7,604
Valhey,170,2,172
Valleroy,2334,34,2368
Vallois,157,2,159
Vandelainville,140,2,142
Vandeléville,212,5,217
Vandières,925,8,933
Vandœuvre-lès-Nancy,30002,271,30273
Vannes-le-Châtel,569,8,577
Varangéville,3652,37,3689
Vathiménil,346,9,355
Vaucourt,63,2,65
Vaudémont,63,2,65
Vaudeville,157,2,159
Vaudigny,75,1,76
Vaxainville,99,0,99
Vého,100,3,103
Velaine-sous-Amance,280,5,285
Velle-sur-Moselle,283,6,289
Veney,50,0,50
Vennezey,50,1,51
Verdenal,156,7,163
Vézelise,1454,14,1468
Viéville-en-Haye,147,4,151
Vigneulles,242,2,244
Vilcey-sur-Trey,163,2,165
Villacourt,390,12,402
Ville-au-Montois,269,3,272
Ville-au-Val,197,4,201
Ville-en-Vermois,598,7,605
Ville-Houdlémont,662,5,667
Ville-sur-Yron,295,8,303
Villecey-sur-Mad,340,7,347
Villers-en-Haye,179,0,179
Villers-la-Chèvre,568,20,588
Villers-la-Montagne,1501,36,1537
Villers-le-Rond,107,1,108
Villers-lès-Moivrons,148,0,148
Villers-lès-Nancy,14415,315,14730
Villers-sous-Prény,346,7,353
Villerupt,9737,106,9843
Villette,183,1,184
Villey-le-Sec,405,11,416
Villey-Saint-Étienne,1061,23,1084
Virecourt,470,6,476
Viterne,733,7,740
Vitrey,203,4,207
Vitrimont,401,8,409
Vittonville,126,6,132
Viviers-sur-Chiers,663,20,683
Voinémont,331,11,342
Vroncourt,268,3,271
Waville,429,4,433
Xammes,153,1,154
Xermaménil,556,7,563
Xeuilley,934,6,940
Xirocourt,442,3,445
Xivry-Circourt,272,6,278
Xonville,127,0,127
Xousse,127,1,128
Xures,108,1,109
Abainville,301,5,306
Abaucourt-Hautecourt,107,3,110
Aincreville,69,1,70
Amanty,40,1,41
Ambly-sur-Meuse,245,2,247
Amel-sur-l'Étang,151,5,156
Ancemont,551,19,570
Ancerville,2752,64,2816
Andernay,258,3,261
Apremont-la-Forêt,397,9,406
Arrancy-sur-Crusne,491,7,498
Aubréville,374,7,381
Aulnois-en-Perthois,506,14,520
Autrécourt-sur-Aire,115,5,120
Autréville-Saint-Lambert,40,2,42
Avillers-Sainte-Croix,61,1,62
Avioth,144,4,148
Avocourt,108,2,110
Azannes-et-Soumazannes,165,3,168
Baâlon,290,3,293
Badonvilliers-Gérauvilliers,138,5,143
Bannoncourt,155,3,158
Bantheville,119,2,121
Bar-le-Duc,14985,600,15585
Baudonvilliers,378,11,389
Baudrémont,50,1,51
Baulny,16,1,17
Bazeilles-sur-Othain,116,3,119
Bazincourt-sur-Saulx,147,6,153
Beauclair,90,1,91
Beaufort-en-Argonne,144,1,145
Beaulieu-en-Argonne,36,2,38
Beaumont-en-Verdunois,0,0,0
Beausite,250,6,256
Behonne,609,26,635
Belleray,508,12,520
Belleville-sur-Meuse,3092,54,3146
Belrain,36,3,39
Belrupt-en-Verdunois,572,8,580
Beney-en-Woëvre,131,4,135
Béthelainville,171,6,177
Béthincourt,35,2,37
Beurey-sur-Saulx,417,0,417
Bezonvaux,0,0,0
Biencourt-sur-Orge,123,4,127
Billy-sous-Mangiennes,373,1,374
Bislée,61,5,66
Blanzée,16,1,17
Boinville-en-Woëvre,73,2,75
Boncourt-sur-Meuse,328,10,338
Bonnet,200,7,207
Bonzée,350,13,363
Le Bouchon-sur-Saulx,241,5,246
Bouconville-sur-Madt,111,1,112
Bouligny,2558,39,2597
Bouquemont,111,0,111
Boureuilles,120,0,120
Bovée-sur-Barboure,142,6,148
Boviolles,97,2,99
Brabant-en-Argonne,106,3,109
Brabant-le-Roi,230,4,234
Brabant-sur-Meuse,124,6,130
Brandeville,184,5,189
Braquis,119,1,120
Bras-sur-Meuse,698,49,747
Brauvilliers,171,3,174
Bréhéville,171,0,171
Breux,258,9,267
Brieulles-sur-Meuse,315,8,323
Brillon-en-Barrois,671,20,691
Brixey-aux-Chanoines,84,4,88
Brizeaux,58,1,59
Brocourt-en-Argonne,47,1,48
Brouennes,150,4,154
Broussey-en-Blois,59,1,60
Broussey-Raulecourt,283,4,287
Bure,84,7,91
Burey-en-Vaux,154,4,158
Burey-la-Côte,87,1,88
Buxières-sous-les-Côtes,287,3,290
Buzy-Darmont,559,11,570
Cesse,114,3,117
Chaillon,112,0,112
Chalaines,318,6,324
Champneuville,120,1,121
Champougny,83,8,91
Chanteraine,185,4,189
Chardogne,304,7,311
Charny-sur-Meuse,518,22,540
Charpentry,22,2,24
Chassey-Beaupré,88,3,91
Châtillon-sous-les-Côtes,175,4,179
Chattancourt,182,3,185
Chaumont-devant-Damvillers,48,1,49
Chaumont-sur-Aire,126,4,130
Chauvency-le-Château,248,3,251
Chauvency-Saint-Hubert,239,6,245
Chauvoncourt,452,20,472
Cheppy,149,1,150
Chonville-Malaumont,212,5,217
Cierges-sous-Montfaucon,52,0,52
Le Claon,60,0,60
Clermont-en-Argonne,1480,34,1514
Cléry-le-Grand,91,2,93
Cléry-le-Petit,186,1,187
Combles-en-Barrois,797,26,823
Combres-sous-les-Côtes,118,5,123
Commercy,5536,242,5778
Consenvoye,307,4,311
Contrisson,817,19,836
Courcelles-en-Barrois,38,0,38
Courcelles-sur-Aire,40,0,40
Courouvre,35,2,37
Cousances-les-Forges,1688,32,1720
Cousances-lès-Triconville,140,0,140
Couvertpuis,87,6,93
Couvonges,156,4,160
Cuisy,46,0,46
Culey,141,3,144
Cumières-le-Mort-Homme,0,0,0
Cunel,14,0,14
Dagonville,85,1,86
Dainville-Bertheléville,116,4,120
Damloup,131,8,139
Dammarie-sur-Saulx,422,15,437
Damvillers,651,59,710
Dannevoux,228,4,232
Delouze-Rosières,113,4,117
Delut,125,0,125
Demange-Baudignécourt,554,13,567
Dieppe-sous-Douaumont,189,2,191
Dieue-sur-Meuse,1446,33,1479
Dombasle-en-Argonne,407,7,414
Dombras,138,4,142
Dommartin-la-Montagne,51,0,51
Dommary-Baroncourt,737,8,745
Dompcevrin,309,2,311
Dompierre-aux-Bois,39,0,39
Domremy-la-Canne,36,0,36
Doncourt-aux-Templiers,60,3,63
Douaumont-Vaux,81,0,81
Doulcon,445,12,457
Dugny-sur-Meuse,1307,24,1331
Dun-sur-Meuse,661,8,669
Duzey,42,3,45
Écouviez,510,6,516
Écurey-en-Verdunois,124,0,124
Eix,249,4,253
Les Éparges,67,1,68
Épiez-sur-Meuse,41,1,42
Épinonville,72,0,72
Érize-la-Brûlée,188,6,194
Érize-la-Petite,55,2,57
Érize-Saint-Dizier,189,6,195
Erneville-aux-Bois,160,3,163
Esnes-en-Argonne,136,1,137
Étain,3580,70,3650
Éton,209,3,212
Étraye,39,1,40
Euville,1665,27,1692
Èvres,103,6,109
Fains-Véel,2140,61,2201
Flassigny,47,1,48
Fleury-devant-Douaumont,0,0,0
Foameix-Ornel,247,8,255
Fontaines-Saint-Clair,55,2,57
Forges-sur-Meuse,122,2,124
Foucaucourt-sur-Thabas,57,0,57
Fouchères-aux-Bois,134,4,138
Frémeréville-sous-les-Côtes,137,1,138
Fresnes-au-Mont,171,4,175
Fresnes-en-Woëvre,673,10,683
Froidos,98,2,100
Fromeréville-les-Vallons,209,4,213
Fromezey,53,0,53
Futeau,161,3,164
Génicourt-sur-Meuse,290,5,295
Gercourt-et-Drillancourt,106,4,110
Géry,55,1,56
Gesnes-en-Argonne,59,3,62
Geville,620,16,636
Gimécourt,39,0,39
Gincrey,64,1,65
Girauvoisin,77,0,77
Givrauval,290,23,313
Gondrecourt-le-Château,1085,15,1100
Gouraincourt,59,0,59
Goussaincourt,116,6,122
Gremilly,40,0,40
Grimaucourt-en-Woëvre,104,2,106
Grimaucourt-près-Sampigny,85,0,85
Guerpont,249,5,254
Gussainville,35,1,36
Haironville,595,13,608
Halles-sous-les-Côtes,151,7,158
Han-lès-Juvigny,121,1,122
Han-sur-Meuse,277,2,279
Hannonville-sous-les-Côtes,567,11,578
Harville,118,0,118
Haudainville,952,21,973
Haudiomont,217,4,221
Haumont-près-Samogneux,0,0,0
Les Hauts-de-Chée,728,13,741
Heippes,76,3,79
Hennemont,111,4,115
Herbeuville,180,5,185
Herméville-en-Woëvre,241,1,242
Heudicourt-sous-les-Côtes,166,8,174
Hévilliers,146,1,147
Horville-en-Ornois,57,2,59
Houdelaincourt,299,8,307
Inor,185,8,193
Ippécourt,97,3,100
Iré-le-Sec,154,2,156
L' Isle-en-Rigault,481,15,496
Les Islettes,747,14,761
Jametz,257,5,262
Jonville-en-Woëvre,149,0,149
Jouy-en-Argonne,47,0,47
Julvécourt,57,2,59
Juvigny-en-Perthois,137,2,139
Juvigny-sur-Loison,260,2,262
Kœur-la-Grande,164,4,168
Kœur-la-Petite,285,5,290
Labeuville,135,5,140
Lachalade,54,0,54
Lachaussée,271,9,280
Lacroix-sur-Meuse,720,18,738
Lahaymeix,74,0,74
Lahayville,27,1,28
Laheycourt,405,9,414
Laimont,461,17,478
Lamorville,288,6,294
Lamouilly,91,5,96
Landrecourt-Lempire,211,1,212
Laneuville-au-Rupt,198,3,201
Laneuville-sur-Meuse,436,9,445
Lanhères,61,0,61
Latour-en-Woëvre,95,0,95
Lavallée,92,3,95
Lavincourt,70,0,70
Lavoye,153,3,156
Lemmes,249,3,252
Lérouville,1433,16,1449
Levoncourt,57,1,58
Lignières-sur-Aire,53,1,54
Ligny-en-Barrois,4052,138,4190
Liny-devant-Dun,190,5,195
Lion-devant-Dun,170,4,174
Lisle-en-Barrois,35,1,36
Lissey,111,1,112
Loisey,300,9,309
Loison,119,3,122
Longchamps-sur-Aire,122,8,130
Longeaux,227,6,233
Longeville-en-Barrois,1160,29,1189
Loupmont,75,3,78
Louppy-le-Château,157,4,161
Louppy-sur-Loison,126,1,127
Louvemont-Côte-du-Poivre,0,0,0
Luzy-Saint-Martin,114,4,118
Maizeray,33,1,34
Maizey,165,6,171
Malancourt,64,2,66
Mandres-en-Barrois,118,4,122
Mangiennes,395,7,402
Manheulles,137,7,144
Marchéville-en-Woëvre,68,2,70
Marre,161,7,168
Marson-sur-Barboure,47,1,48
Martincourt-sur-Meuse,66,1,67
Marville,504,13,517
Maucourt-sur-Orne,57,1,58
Maulan,117,2,119
Mauvages,259,2,261
Maxey-sur-Vaise,293,5,298
Mécrin,224,2,226
Méligny-le-Grand,95,2,97
Méligny-le-Petit,80,0,80
Menaucourt,238,5,243
Ménil-aux-Bois,42,1,43
Ménil-la-Horgne,169,3,172
Ménil-sur-Saulx,256,9,265
Merles-sur-Loison,150,5,155
Milly-sur-Bradon,162,5,167
Mogeville,85,1,86
Mognéville,381,10,391
Moirey-Flabas-Crépion,129,2,131
Mont-devant-Sassey,95,3,98
Montblainville,61,2,63
Montbras,19,0,19
Montfaucon-d'Argonne,307,6,313
Les Monthairons,374,3,377
Montiers-sur-Saulx,380,3,383
Montigny-devant-Sassey,117,6,123
Montigny-lès-Vaucouleurs,68,0,68
Montmédy,2136,85,2221
Montplonne,141,17,158
Montsec,85,0,85
Montzéville,155,1,156
Moranville,108,1,109
Morgemoulin,111,3,114
Morley,205,3,208
Mouilly,113,1,114
Moulainville,124,6,130
Moulins-Saint-Hubert,176,3,179
Moulotte,101,0,101
Mouzay,692,30,722
Murvaux,141,3,144
Muzeray,134,4,138
Naives-en-Blois,151,10,161
Naives-Rosières,802,20,822
Naix-aux-Forges,221,2,223
Nant-le-Grand,79,5,84
Nant-le-Petit,78,1,79
Nantillois,63,1,64
Nantois,85,4,89
Nançois-le-Grand,73,4,77
Nançois-sur-Ornain,384,9,393
Nepvant,86,1,87
Nettancourt,252,3,255
Le Neufour,72,2,74
Neuville-en-Verdunois,58,2,60
Neuville-lès-Vaucouleurs,176,8,184
Neuville-sur-Ornain,362,11,373
Neuvilly-en-Argonne,216,2,218
Nicey-sur-Aire,123,4,127
Nixéville-Blercourt,494,16,510
Nonsard-Lamarche,210,5,215
Nouillonpont,238,4,242
Noyers-Auzécourt,281,7,288
Nubécourt,249,7,256
Olizy-sur-Chiers,192,6,198
Ornes,5,0,5
Osches,55,3,58
Ourches-sur-Meuse,221,4,225
Pagny-la-Blanche-Côte,237,4,241
Pagny-sur-Meuse,1023,16,1039
Pareid,119,0,119
Parfondrupt,45,0,45
Les Paroches,416,10,426
Peuvillers,55,2,57
Pierrefitte-sur-Aire,316,12,328
Pillon,264,2,266
Pintheville,110,4,114
Pont-sur-Meuse,133,6,139
Pouilly-sur-Meuse,178,5,183
Pretz-en-Argonne,72,2,74
Quincy-Landzécourt,140,6,146
Raival,254,4,258
Rambluzin-et-Benoite-Vaux,102,1,103
Rambucourt,189,6,195
Rancourt-sur-Ornain,191,1,192
Ranzières,82,1,83
Rarécourt,222,8,230
Récicourt,167,4,171
Récourt-le-Creux,77,0,77
Reffroy,73,4,77
Regnéville-sur-Meuse,51,0,51
Rembercourt-Sommaisne,353,9,362
Remennecourt,55,0,55
Remoiville,134,0,134
Resson,391,14,405
Revigny-sur-Ornain,2805,51,2856
Réville-aux-Bois,116,0,116
Riaville,43,2,45
Ribeaucourt,72,1,73
Richecourt,59,0,59
Rigny-la-Salle,365,12,377
Rigny-Saint-Martin,53,4,57
Robert-Espagne,823,24,847
Les Roises,30,0,30
Romagne-sous-les-Côtes,118,3,121
Romagne-sous-Montfaucon,184,4,188
Ronvaux,88,5,93
Rouvres-en-Woëvre,604,6,610
Rouvrois-sur-Meuse,207,1,208
Rouvrois-sur-Othain,194,8,202
Rumont,83,0,83
Rupt-aux-Nonains,371,6,377
Rupt-devant-Saint-Mihiel,56,0,56
Rupt-en-Woëvre,299,6,305
Rupt-sur-Othain,44,2,46
Saint-Amand-sur-Ornain,53,2,55
Saint-André-en-Barrois,66,1,67
Saint-Aubin-sur-Aire,171,1,172
Saint-Germain-sur-Meuse,257,9,266
Saint-Hilaire-en-Woëvre,174,6,180
Saint-Jean-lès-Buzy,370,0,370
Saint-Joire,239,3,242
Saint-Julien-sous-les-Côtes,140,2,142
Saint-Laurent-sur-Othain,506,10,516
Saint-Maurice-sous-les-Côtes,352,11,363
Saint-Mihiel,4112,75,4187
Saint-Pierrevillers,156,8,164
Saint-Remy-la-Calonne,103,0,103
Salmagne,301,5,306
Samogneux,95,0,95
Sampigny,706,13,719
Sassey-sur-Meuse,103,0,103
Saudrupt,198,2,200
Saulmory-Villefranche,87,0,87
Saulvaux,115,5,120
Saulx-lès-Champlon,118,11,129
Sauvigny,232,7,239
Sauvoy,62,2,64
Savonnières-devant-Bar,474,14,488
Savonnières-en-Perthois,409,10,419
Seigneulles,173,3,176
Senon,336,2,338
Senoncourt-les-Maujouy,95,2,97
Septsarges,47,1,48
Sepvigny,74,3,77
Seuil-d'Argonne,519,4,523
Seuzey,115,3,118
Silmont,159,1,160
Sivry-la-Perche,274,6,280
Sivry-sur-Meuse,337,11,348
Sommedieue,977,13,990
Sommeilles,204,1,205
Sommelonne,455,22,477
Sorbey,272,0,272
Sorcy-Saint-Martin,1105,22,1127
Les Souhesmes-Rampont,343,12,355
Souilly,446,5,451
Spincourt,841,13,854
Stainville,418,12,430
Stenay,2597,124,2721
Taillancourt,127,2,129
Tannois,403,10,413
Thierville-sur-Meuse,3118,97,3215
Thillombois,30,0,30
Thillot,232,2,234
Thonne-la-Long,333,2,335
Thonne-le-Thil,269,3,272
Thonne-les-Près,135,2,137
Thonnelle,134,3,137
Tilly-sur-Meuse,288,4,292
Trémont-sur-Saulx,607,9,616
Trésauvaux,70,1,71
Tréveray,572,9,581
Les Trois-Domaines,124,2,126
Tronville-en-Barrois,1438,30,1468
Troussey,464,11,475
Troyon,263,7,270
Ugny-sur-Meuse,109,3,112
Vacherauville,177,4,181
Vadelaincourt,80,0,80
Vadonville,260,5,265
Val-d'Ornain,988,34,1022
Valbois,93,1,94
Varennes-en-Argonne,655,12,667
Varnéville,54,0,54
Vassincourt,266,27,293
Vaubecourt,314,4,318
Vaucouleurs,1943,23,1966
Vaudeville-le-Haut,55,0,55
Vaudoncourt,89,0,89
Vauquois,17,3,20
Vaux-lès-Palameix,57,1,58
Vavincourt,514,10,524
Velaines,950,21,971
Velosnes,165,2,167
Verdun,17475,974,18449
Verneuil-Grand,203,7,210
Verneuil-Petit,123,4,127
Véry,90,1,91
Vigneul-sous-Montmédy,87,3,90
Vigneulles-lès-Hattonchâtel,1572,93,1665
Vignot,1309,33,1342
Ville-devant-Belrain,35,0,35
Ville-devant-Chaumont,50,1,51
Ville-en-Woëvre,123,2,125
Ville-sur-Cousances,140,2,142
Ville-sur-Saulx,287,11,298
Villécloye,265,15,280
Villeroy-sur-Méholle,37,2,39
Villers-aux-Vents,132,4,136
Villers-devant-Dun,52,5,57
Villers-le-Sec,125,2,127
Villers-lès-Mangiennes,81,4,85
Villers-sous-Pareid,79,3,82
Villers-sur-Meuse,307,2,309
Villotte-devant-Louppy,164,4,168
Villotte-sur-Aire,200,8,208
Vilosnes-Haraumont,221,8,229
Vittarville,78,1,79
Void-Vacon,1639,30,1669
Vouthon-Bas,49,2,51
Vouthon-Haut,84,0,84
Waly,60,2,62
Warcq,196,7,203
Watronville,105,0,105
Wavrille,50,3,53
Willeroncourt,107,4,111
Wiseppe,97,1,98
Woël,200,2,202
Woimbey,122,3,125
Xivray-et-Marvoisin,99,2,101
Allaire,3854,125,3979
Ambon,1817,46,1863
Arradon,5340,172,5512
Arzal,1656,31,1687
Arzon,2073,41,2114
Augan,1547,32,1579
Auray,13627,389,14016
Baden,4340,120,4460
Bangor,999,24,1023
Baud,6261,193,6454
Béganne,1404,27,1431
Beignon,1863,40,1903
Belz,3711,56,3767
Berné,1531,142,1673
Berric,1904,29,1933
Bignan,2791,61,2852
Billiers,959,26,985
Billio,353,10,363
Bohal,830,15,845
Bono,2466,42,2508
Brandérion,1429,26,1455
Brandivy,1280,25,1305
Brech,6637,275,6912
Bréhan,2305,41,2346
Brignac,186,4,190
Bubry,2374,37,2411
Buléon,534,10,544
Caden,1630,39,1669
Calan,1206,23,1229
Camoël,1007,15,1022
Camors,3030,61,3091
Campénéac,1903,54,1957
Carentoir,3165,60,3225
Carnac,4251,123,4374
Caro,1151,30,1181
Caudan,6838,197,7035
La Chapelle-Neuve,980,21,1001
Cléguer,3323,60,3383
Cléguérec,2906,94,3000
Colpo,2222,35,2257
Concoret,734,11,745
Cournon,761,23,784
Le Cours,670,10,680
Crach,3339,92,3431
Crédin,1559,30,1589
Le Croisty,709,18,727
La Croix-Helléan,891,31,922
Croixanvec,164,3,167
Cruguel,651,5,656
Damgan,1702,25,1727
Elven,6021,116,6137
Erdeven,3666,79,3745
Étel,1971,189,2160
Évellys,3482,64,3546
Évriguet,181,3,184
Le Faouët,2803,58,2861
Férel,3220,71,3291
Forges de Lanouée,2223,52,2275
Les Fougerêts,945,35,980
La Gacilly,3975,80,4055
Gâvres,675,19,694
Gestel,2684,83,2767
Gourhel,702,24,726
Gourin,3803,149,3952
Grand-Champ,5404,131,5535
La Grée-Saint-Laurent,336,9,345
Groix,2263,57,2320
Guégon,2287,50,2337
Guéhenno,796,12,808
Gueltas,512,13,525
Guémené-sur-Scorff,1061,15,1076
Guénin,1769,24,1793
Guer,6192,285,6477
Guern,1306,40,1346
Le Guerno,969,16,985
Guidel,11550,341,11891
Guillac,1357,38,1395
Guilliers,1313,142,1455
Guiscriff,2088,54,2142
Helléan,375,7,382
Hennebont,15678,363,16041
Le Hézo,813,13,826
Hœdic,99,6,105
Île-aux-Moines,606,15,621
Île-d'Arz,225,8,233
Île-d'Houat,231,6,237
Inguiniel,2158,53,2211
Inzinzac-Lochrist,6526,131,6657
Josselin,2495,95,2590
Kerfourn,838,16,854
Kergrist,723,15,738
Kernascléden,398,10,408
Kervignac,6596,204,6800
Landaul,2298,50,2348
Landévant,3810,68,3878
Lanester,22728,491,23219
Langoëlan,380,6,386
Langonnet,1757,59,1816
Languidic,7971,148,8119
Lantillac,306,4,310
Lanvaudan,798,10,808
Lanvénégen,1165,25,1190
Larmor-Baden,887,19,906
Larmor-Plage,8299,240,8539
Larré,1040,20,1060
Lauzach,1146,9,1155
Lignol,853,21,874
Limerzel,1336,22,1358
Lizio,735,15,750
Locmalo,904,21,925
Locmaria,868,27,895
Locmaria-Grand-Champ,1707,39,1746
Locmariaquer,1566,45,1611
Locminé,4332,221,4553
Locmiquélic,4046,114,4160
Locoal-Mendon,3416,65,3481
Locqueltas,1758,37,1795
Lorient,57149,1468,58617
Loyat,1624,41,1665
Malansac,2202,43,2245
Malestroit,2456,77,2533
Malguénac,1843,53,1896
Marzan,2308,26,2334
Mauron,3082,63,3145
Melrand,1516,26,1542
Ménéac,1578,45,1623
Merlevenez,3207,68,3275
Meslan,1424,32,1456
Meucon,2248,52,2300
Missiriac,1145,27,1172
Mohon,983,10,993
Molac,1569,28,1597
Monteneuf,756,15,771
Monterblanc,3275,76,3351
Montertelot,355,10,365
Moréac,3765,63,3828
Moustoir-Ac,1804,40,1844
Muzillac,5015,124,5139
Néant-sur-Yvel,1087,25,1112
Neulliac,1412,50,1462
Nivillac,4612,84,4696
Nostang,1545,31,1576
Noyal-Muzillac,2520,53,2573
Noyal-Pontivy,3639,118,3757
Le Palais,2571,58,2629
Péaule,2682,42,2724
Peillac,1858,51,1909
Pénestin,1946,24,1970
Persquen,346,6,352
Plaudren,1946,33,1979
Plescop,5854,168,6022
Pleucadeuc,1804,43,1847
Pleugriffet,1272,21,1293
Ploemel,2888,86,2974
Ploemeur,17853,683,18536
Ploërdut,1216,28,1244
Ploeren,6575,209,6784
Ploërmel,9837,583,10420
Plouay,5670,127,5797
Plougoumelen,2439,63,2502
Plouharnel,2160,48,2208
Plouhinec,5353,126,5479
Plouray,1121,33,1154
Pluherlin,1528,27,1555
Plumelec,2680,67,2747
Pluméliau-Bieuzy,4379,97,4476
Plumelin,2723,68,2791
Plumergat,4112,93,4205
Pluneret,5722,133,5855
Pluvigner,7543,138,7681
Pont-Scorff,3744,91,3835
Pontivy,14606,938,15544
Porcaro,722,16,738
Port-Louis,2618,81,2699
Priziac,976,180,1156
Questembert,7585,272,7857
Quéven,8676,219,8895
Quiberon,4741,93,4834
Quistinic,1431,23,1454
Radenac,1059,17,1076
Réguiny,1992,55,2047
Réminiac,384,7,391
Riantec,5622,139,5761
Rieux,2845,75,2920
La Roche-Bernard,692,11,703
Rochefort-en-Terre,632,13,645
Rohan,1636,48,1684
Roudouallec,710,13,723
Ruffiac,1410,34,1444
Le Saint,587,11,598
Saint-Abraham,536,15,551
Saint-Aignan,605,13,618
Saint-Allouestre,627,8,635
Saint-Armel,886,18,904
Saint-Avé,11642,303,11945
Saint-Barthélemy,1164,18,1182
Saint-Brieuc-de-Mauron,331,10,341
Saint-Caradec-Trégomel,480,6,486
Saint-Congard,764,16,780
Saint-Dolay,2487,39,2526
Saint-Gérand,1115,29,1144
Saint-Gildas-de-Rhuys,1576,24,1600
Saint-Gonnery,1090,24,1114
Saint-Gorgon,394,4,398
Saint-Gravé,730,5,735
Saint-Guyomard,1362,22,1384
Saint-Jacut-les-Pins,1733,107,1840
Saint-Jean-Brévelay,2789,131,2920
Saint-Jean-la-Poterie,1500,50,1550
Saint-Laurent-sur-Oust,366,8,374
Saint-Léry,189,7,196
Saint-Malo-de-Beignon,511,16,527
Saint-Malo-des-Trois-Fontaines,568,14,582
Saint-Marcel,1074,47,1121
Saint-Martin-sur-Oust,1305,19,1324
Saint-Nicolas-du-Tertre,468,11,479
Saint-Nolff,3779,120,3899
Saint-Perreux,1145,43,1188
Saint-Philibert,1496,42,1538
Saint-Pierre-Quiberon,2060,38,2098
Saint-Servant,811,19,830
Saint-Thuriau,1863,74,1937
Saint-Tugdual,370,5,375
Saint-Vincent-sur-Oust,1512,41,1553
Sainte-Anne-d'Auray,2708,94,2802
Sainte-Brigitte,177,7,184
Sainte-Hélène,1247,29,1276
Sarzeau,8182,163,8345
Sauzon,988,28,1016
Séglien,669,18,687
Séné,8947,252,9199
Sérent,3048,41,3089
Silfiac,434,7,441
Le Sourn,2107,44,2151
Sulniac,3674,68,3742
Surzur,4429,91,4520
Taupont,2198,87,2285
Théhillac,596,5,601
Theix-Noyalo,7966,197,8163
Le Tour-du-Parc,1231,8,1239
Tréal,640,25,665
Trédion,1273,17,1290
Treffléan,2324,55,2379
Tréhorenteuc,122,1,123
La Trinité-Porhoët,677,18,695
La Trinité-sur-Mer,1610,46,1656
La Trinité-Surzur,1611,21,1632
Val d'Oust,2705,75,2780
Vannes,53352,2070,55422
La Vraie-Croix,1471,30,1501
Aboncourt,351,3,354
Aboncourt-sur-Seille,72,2,74
Abreschviller,1427,22,1449
Achain,82,2,84
Achen,1011,28,1039
Adaincourt,125,1,126
Adelange,209,7,216
Ajoncourt,103,1,104
Alaincourt-la-Côte,149,2,151
Albestroff,634,23,657
Algrange,6144,56,6200
Alsting,2589,46,2635
Altrippe,382,7,389
Altviller,586,7,593
Alzing,392,8,400
Amanvillers,2161,23,2184
Amelécourt,154,10,164
Amnéville,10416,62,10478
Ancerville,302,2,304
Ancy-Dornot,1560,33,1593
Angevillers,1253,29,1282
Antilly,172,0,172
Anzeling,521,7,528
Apach,1032,17,1049
Argancy,1343,19,1362
Arraincourt,126,3,129
Arriance,212,2,214
Arry,554,4,558
Ars-Laquenexy,910,15,925
Ars-sur-Moselle,4723,46,4769
Arzviller,535,16,551
Aspach,34,1,35
Assenoncourt,116,3,119
Attilloncourt,105,0,105
Aube,268,5,273
Audun-le-Tiche,6846,62,6908
Augny,1996,30,2026
Aulnois-sur-Seille,278,2,280
Aumetz,2319,31,2350
Avricourt,612,8,620
Ay-sur-Moselle,1491,31,1522
Azoudange,118,5,123
Bacourt,109,2,111
Baerenthal,778,13,791
Bambiderstroff,1060,20,1080
Le Ban-Saint-Martin,4341,98,4439
Bannay,73,2,75
Barchain,110,2,112
Baronville,364,8,372
Barst,579,9,588
Basse-Ham,2237,51,2288
Basse-Rentgen,491,10,501
Bassing,119,5,124
Baudrecourt,186,1,187
Bazoncourt,540,2,542
Bébing,201,4,205
Béchy,630,5,635
Behren-lès-Forbach,6562,64,6626
Bellange,55,2,57
Belles-Forêts,245,5,250
Bénestroff,550,7,557
Béning-lès-Saint-Avold,1140,25,1165
Berg-sur-Moselle,430,15,445
Bérig-Vintrange,219,8,227
Berling,270,4,274
Bermering,225,6,231
Berthelming,511,9,520
Bertrange,2691,54,2745
Berviller-en-Moselle,471,7,478
Bettange,242,2,244
Bettborn,395,5,400
Bettelainville,625,8,633
Betting,882,16,898
Bettviller,831,17,848
Beux,274,3,277
Beyren-lès-Sierck,517,17,534
Bezange-la-Petite,92,3,95
Bibiche,452,9,461
Bickenholtz,81,0,81
Bidestroff,129,1,130
Biding,324,6,330
Bining,1173,25,1198
Bioncourt,307,2,309
Bionville-sur-Nied,381,9,390
Bisten-en-Lorraine,246,4,250
Bistroff,311,7,318
Bitche,5098,118,5216
Blanche-Église,113,2,115
Blies-Ébersing,646,8,654
Blies-Guersviller,644,12,656
Bliesbruck,1017,19,1036
Boucheporn,581,14,595
Boulange,2494,25,2519
Boulay-Moselle,5587,71,5658
Bourdonnay,229,5,234
Bourgaltroff,245,2,247
Bourscheid,179,4,183
Bousbach,1226,24,1250
Bousse,3174,48,3222
Bousseviller,125,4,129
Boust,1228,23,1251
Boustroff,149,2,151
Bouzonville,3947,80,4027
Bréhain,107,0,107
Breidenbach,328,12,340
Breistroff-la-Grande,698,15,713
Brettnach,441,4,445
Bronvaux,546,3,549
Brouck,84,1,85
Brouderdorff,966,23,989
Brouviller,427,15,442
Brulange,100,4,104
Buchy,99,1,100
Buding,588,5,593
Budling,176,6,182
Buhl-Lorraine,1214,31,1245
Burlioncourt,138,3,141
Burtoncourt,196,5,201
Cappel,701,12,713
Carling,3445,43,3488
Cattenom,2654,35,2689
Chailly-lès-Ennery,381,6,387
Chambrey,337,10,347
Chanville,133,0,133
Charleville-sous-Bois,320,3,323
Charly-Oradour,679,21,700
Château-Bréhain,76,1,77
Château-Rouge,292,11,303
Château-Salins,2464,237,2701
Château-Voué,101,0,101
Châtel-Saint-Germain,1873,153,2026
Chémery-les-Deux,565,6,571
Cheminot,775,13,788
Chenois,80,3,83
Chérisey,305,4,309
Chesny,594,10,604
Chicourt,96,2,98
Chieulles,417,7,424
Clouange,3495,37,3532
Cocheren,3478,42,3520
Coin-lès-Cuvry,726,16,742
Coin-sur-Seille,338,14,352
Coincy,313,5,318
Colligny-Maizery,577,12,589
Colmen,197,4,201
Condé-Northen,678,7,685
Conthil,165,3,168
Contz-les-Bains,508,10,518
Corny-sur-Moselle,2219,25,2244
Coume,662,9,671
Courcelles-Chaussy,3075,322,3397
Courcelles-sur-Nied,1190,11,1201
Craincourt,254,1,255
Créhange,3868,55,3923
Creutzwald,13095,235,13330
Cutting,139,0,139
Cuvry,847,15,862
Dabo,2522,41,2563
Dalem,646,9,655
Dalhain,110,2,112
Dalstein,361,6,367
Danne-et-Quatre-Vents,686,11,697
Dannelbourg,500,12,512
Delme,1124,9,1133
Denting,274,1,275
Desseling,103,3,106
Destry,94,1,95
Diane-Capelle,221,6,227
Diebling,1643,39,1682
Diesen,1057,15,1072
Dieuze,2903,234,3137
Diffembach-lès-Hellimer,354,6,360
Distroff,1773,31,1804
Dolving,352,6,358
Domnom-lès-Dieuze,81,1,82
Donjeux,95,3,98
Donnelay,190,2,192
Ébersviller,949,20,969
Éblange,374,6,380
Éguelshardt,426,80,506
Eincheville,220,2,222
Elvange,398,4,402
Elzange,721,8,729
Enchenberg,1239,32,1271
Ennery,2010,24,2034
Entrange,1241,37,1278
Epping,570,14,584
Erching,415,11,426
Ernestviller,503,5,508
Erstroff,194,3,197
Escherange,631,14,645
Les Étangs,401,10,411
Etting,747,14,761
Etzling,1184,17,1201
Évrange,240,3,243
Failly,511,10,521
Falck,2487,32,2519
Fameck,13931,125,14056
Farébersviller,5541,59,5600
Farschviller,1356,34,1390
Faulquemont,5306,88,5394
Fénétrange,723,13,736
Fèves,1118,19,1137
Féy,738,9,747
Filstroff,777,17,794
Fixem,418,7,425
Flastroff,326,4,330
Fleisheim,148,5,153
Flétrange,931,19,950
Fleury,1223,27,1250
Flévy,557,6,563
Flocourt,116,2,118
Florange,11951,103,12054
Folkling,1303,37,1340
Folschviller,3993,72,4065
Fonteny,143,0,143
Fontoy,3036,43,3079
Forbach,21552,306,21858
Fossieux,219,2,221
Foulcrey,170,4,174
Fouligny,195,2,197
Foville,98,0,98
Francaltroff,771,12,783
Fraquelfing,83,1,84
Frauenberg,591,8,599
Freistroff,1050,20,1070
Frémery,77,0,77
Frémestroff,301,6,307
Fresnes-en-Saulnois,183,6,189
Freybouse,432,6,438
Freyming-Merlebach,12818,142,12960
Fribourg,165,8,173
Gandrange,2907,36,2943
Garrebourg,496,11,507
Gavisse,569,9,578
Gelucourt,217,4,221
Gerbécourt,88,3,91
Givrycourt,88,1,89
Glatigny,256,7,263
Goetzenbruck,1531,41,1572
Goin,335,2,337
Gomelange,497,10,507
Gondrexange,491,4,495
Gorze,1167,10,1177
Gosselming,587,23,610
Gravelotte,830,4,834
Grémecey,105,0,105
Gréning,131,1,132
Grindorff-Bizing,317,7,324
Gros-Réderching,1333,40,1373
Grosbliederstroff,3303,53,3356
Grostenquin,631,6,637
Grundviller,658,19,677
Guebenhouse,426,6,432
Guébestroff,48,4,52
Guéblange-lès-Dieuze,156,4,160
Guébling,124,4,128
Guénange,7210,65,7275
Guenviller,645,22,667
Guermange,93,5,98
Guerstling,415,8,423
Guerting,854,20,874
Guessling-Hémering,919,13,932
Guinglange,329,5,334
Guinkirchen,152,8,160
Guinzeling,69,0,69
Guntzviller,385,13,398
Haboudange,267,4,271
Hagen,362,1,363
Hagondange,9242,97,9339
Hallering,113,5,118
Halstroff,313,9,322
Ham-sous-Varsberg,2825,40,2865
Hambach,2886,67,2953
Hampont,185,2,187
Han-sur-Nied,258,8,266
Hangviller,263,4,267
Hannocourt,21,1,22
Hanviller,208,8,216
Haraucourt-sur-Seille,103,1,104
Hargarten-aux-Mines,1107,20,1127
Harprich,173,6,179
Harreberg,395,7,402
Hartzviller,912,15,927
Haselbourg,315,7,322
Haspelschiedt,303,12,315
Hattigny,187,1,188
Hauconcourt,623,9,632
Haut-Clocher,348,11,359
Haute-Kontz,588,7,595
Haute-Vigneulles,416,9,425
Havange,448,8,456
Hayange,15811,161,15972
Hayes,232,6,238
Hazembourg,138,5,143
Heining-lès-Bouzonville,477,9,486
Hellering-lès-Fénétrange,187,1,188
Hellimer,548,9,557
Helstroff,535,16,551
Hémilly,143,3,146
Héming,498,2,500
Henridorff,701,14,715
Henriville,753,15,768
Hérange,108,4,112
Hermelange,224,5,229
Herny,508,5,513
Hertzing,190,2,192
Hesse,572,24,596
Hestroff,449,14,463
Hettange-Grande,7653,166,7819
Hilbesheim,607,21,628
Hilsprich,857,17,874
Hinckange,325,4,329
Holacourt,88,2,90
Holling,440,5,445
Holving,1290,11,1301
Hombourg-Budange,556,10,566
Hombourg-Haut,6433,66,6499
Hommarting,850,24,874
Hommert,337,10,347
Honskirch,224,4,228
L' Hôpital,5350,55,5405
Hoste,611,18,629
Hottviller,522,6,528
Hultehouse,364,5,369
Hundling,1350,20,1370
Hunting,721,18,739
Ibigny,97,1,98
Illange,1870,30,1900
Imling,724,9,733
Inglange,441,25,466
Insming,584,23,607
Insviller,177,3,180
Ippling,785,17,802
Jallaucourt,166,0,166
Jouy-aux-Arches,1472,22,1494
Jury,1036,22,1058
Jussy,443,17,460
Juvelize,71,1,72
Juville,119,5,124
Kalhausen,837,18,855
Kanfen,1174,21,1195
Kappelkinger,398,9,407
Kédange-sur-Canner,1087,22,1109
Kemplich,168,4,172
Kerbach,1189,32,1221
Kerling-lès-Sierck,578,17,595
Kerprich-aux-Bois,165,3,168
Kirsch-lès-Sierck,308,4,312
Kirschnaumen,481,6,487
Kirviller,141,2,143
Klang,239,3,242
Knutange,3203,58,3261
Kuntzig,1314,14,1328
Kœnigsmacker,2244,41,2285
Lachambre,914,27,941
Lafrimbolle,202,6,208
Lagarde,190,1,191
Lambach,508,6,514
Landange,242,3,245
Landroff,271,1,272
Laneuveville-en-Saulnois,303,3,306
Laneuveville-lès-Lorquin,102,3,105
Langatte,559,6,565
Languimberg,173,4,177
Laning,604,18,622
Laquenexy,1143,20,1163
Laudrefang,341,7,348
Laumesfeld,284,1,285
Launstroff,264,4,268
Lelling,472,12,484
Lemberg,1455,24,1479
Lemoncourt,70,1,71
Lemud,501,3,504
Lengelsheim,205,3,208
Léning,339,12,351
Lesse,206,4,210
Lessy,745,28,773
Ley,97,1,98
Leyviller,493,10,503
Lezey,100,4,104
Lhor,134,3,137
Lidrezing,86,1,87
Liederschiedt,122,4,126
Liéhon,114,2,116
Lindre-Basse,218,7,225
Lindre-Haute,50,1,51
Liocourt,136,7,143
Lixheim,579,6,585
Lixing-lès-Rouhling,937,19,956
Lixing-lès-Saint-Avold,682,17,699
Lommerange,301,1,302
Longeville-lès-Metz,4030,59,4089
Longeville-lès-Saint-Avold,3666,81,3747
Lorquin,1151,26,1177
Lorry-lès-Metz,1786,77,1863
Lorry-Mardigny,650,16,666
Lostroff,69,0,69
Loudrefing,322,4,326
Loupershouse,925,23,948
Loutzviller,150,3,153
Louvigny,899,11,910
Lubécourt,73,0,73
Lucy,228,2,230
Luppy,570,5,575
Luttange,892,8,900
Lutzelbourg,584,9,593
Macheren,2767,68,2835
Mainvillers,335,8,343
Maizeroy,390,3,393
Maizières-lès-Metz,11388,122,11510
Maizières-lès-Vic,496,9,505
Malaucourt-sur-Seille,123,4,127
Malling,630,14,644
Malroy,355,4,359
Manderen-Ritzing,586,13,599
Manhoué,142,3,145
Manom,2872,58,2930
Many,259,2,261
Marange-Silvange,6179,59,6238
Marange-Zondrange,341,2,343
Marieulles,703,8,711
Marimont-lès-Bénestroff,38,1,39
Marly,10104,238,10342
Marsal,282,3,285
Marsilly,579,6,585
Marthille,171,3,174
La Maxe,924,15,939
Maxstadt,316,11,327
Mécleuves,1156,23,1179
Mégange,160,1,161
Meisenthal,699,17,716
Menskirch,140,2,142
Merschweiller,248,1,249
Merten,1504,26,1530
Métairies-Saint-Quirin,266,4,270
Metting,399,7,406
Metz,116429,1824,118253
Metzeresche,949,21,970
Metzervisse,2271,53,2324
Metzing,645,11,656
Mey,267,5,272
Mittelbronn,688,10,698
Mittersheim,596,5,601
Molring,5,0,5
Momerstroff,285,3,288
Moncheux,149,2,151
Moncourt,70,2,72
Mondelange,5665,73,5738
Mondorff,518,14,532
Monneren,420,6,426
Montbronn,1630,46,1676
Montdidier,80,0,80
Montenach,458,12,470
Montigny-lès-Metz,21819,374,22193
Montois-la-Montagne,2710,19,2729
Morhange,3445,82,3527
Morsbach,2686,29,2715
Morville-lès-Vic,123,1,124
Morville-sur-Nied,119,1,120
Moulins-lès-Metz,5055,62,5117
Moussey,561,8,569
Mouterhouse,308,6,314
Moyenvic,364,4,368
Moyeuvre-Grande,7823,71,7894
Moyeuvre-Petite,462,2,464
Mulcey,211,1,212
Munster,249,0,249
Narbéfontaine,118,1,119
Nébing,345,5,350
Nelling,263,9,272
Neufchef,2580,53,2633
Neufgrange,1389,31,1420
Neufmoulins,43,0,43
Neufvillage,36,0,36
Neunkirchen-lès-Bouzonville,339,12,351
Niderhoff,285,2,287
Niderviller,1218,22,1240
Niederstinzel,257,1,258
Niedervisse,257,3,260
Nilvange,4725,42,4767
Nitting,464,3,467
Noisseville,1031,11,1042
Norroy-le-Veneur,1002,23,1025
Nouilly,723,7,730
Nousseviller-lès-Bitche,141,1,142
Nousseviller-Saint-Nabor,1210,31,1241
Novéant-sur-Moselle,1797,26,1823
Oberdorff,343,10,353
Obergailbach,304,3,307
Oberstinzel,340,9,349
Obervisse,159,3,162
Obreck,36,2,38
Ogy-Montoy-Flanville,1724,34,1758
Ommeray,127,2,129
Oriocourt,57,1,58
Ormersviller,390,2,392
Orny,358,4,362
Oron,94,1,95
Ottange,3043,65,3108
Ottonville,445,6,451
Oudrenne,740,14,754
Pagny-lès-Goin,238,4,242
Pange,871,22,893
Peltre,1856,120,1976
Petit-Réderching,1488,37,1525
Petit-Tenquin,229,5,234
Petite-Rosselle,6338,94,6432
Pettoncourt,291,2,293
Pévange,51,3,54
Phalsbourg,4728,258,4986
Philippsbourg,611,14,625
Piblange,1011,11,1022
Pierrevillers,1509,24,1533
Plaine-de-Walsch,630,16,646
Plappeville,1998,74,2072
Plesnois,826,29,855
Pommérieux,695,9,704
Pontoy,466,2,468
Pontpierre,724,14,738
Porcelette,2485,66,2551
Postroff,211,0,211
Pouilly,614,8,622
Pournoy-la-Chétive,637,6,643
Pournoy-la-Grasse,629,19,648
Prévocourt,110,0,110
Puttelange-aux-Lacs,3025,45,3070
Puttelange-lès-Thionville,974,23,997
Puttigny,85,0,85
Puzieux,187,5,192
Racrange,605,12,617
Rahling,766,20,786
Ranguevaux,832,18,850
Raville,268,2,270
Réchicourt-le-Château,541,8,549
Rédange,994,13,1007
Réding,2384,66,2450
Rémelfang,165,1,166
Rémelfing,1405,29,1434
Rémeling,308,6,314
Rémering,436,10,446
Rémering-lès-Puttelange,1087,30,1117
Rémilly,2016,103,2119
Réning,133,3,136
Retonfey,1384,15,1399
Rettel,764,65,829
Reyersviller,367,8,375
Rezonville-Vionville,503,6,509
Rhodes,122,1,123
Riche,188,3,191
Richeling,337,9,346
Richemont,2075,40,2115
Richeval,133,2,135
Rimling,650,16,666
Rochonvillers,188,2,190
Rodalbe,253,5,258
Rodemack,1240,31,1271
Rohrbach-lès-Bitche,2283,49,2332
Rolbing,249,5,254
Rombas,9882,111,9993
Romelfing,356,2,358
Roncourt,1003,10,1013
Roppeviller,105,3,108
Rorbach-lès-Dieuze,51,1,52
Rosbruck,764,11,775
Rosselange,2693,18,2711
Rouhling,2060,53,2113
Roupeldange,369,9,378
Roussy-le-Village,1369,24,1393
Rozérieulles,1383,43,1426
Rurange-lès-Thionville,2494,46,2540
Russange,1285,17,1302
Rustroff,612,5,617
Sailly-Achâtel,292,5,297
Saint-Avold,15483,377,15860
Saint-Epvre,177,0,177
Saint-François-Lacroix,302,6,308
Saint-Georges,198,5,203
Saint-Hubert,233,5,238
Saint-Jean-de-Bassel,350,3,353
Saint-Jean-Kourtzerode,714,4,718
Saint-Jean-Rohrbach,966,12,978
Saint-Julien-lès-Metz,3421,83,3504
Saint-Jure,295,6,301
Saint-Louis,665,20,685
Saint-Louis-lès-Bitche,490,10,500
Saint-Médard,100,1,101
Saint-Privat-la-Montagne,1839,18,1857
Saint-Quirin,722,45,767
Sainte-Barbe,745,10,755
Sainte-Marie-aux-Chênes,4216,59,4275
Sainte-Ruffine,563,28,591
Salonnes,189,2,191
Sanry-lès-Vigy,528,8,536
Sanry-sur-Nied,291,3,294
Sarralbe,4555,103,4658
Sarraltroff,748,8,756
Sarrebourg,12045,306,12351
Sarreguemines,20783,449,21232
Sarreinsming,1268,30,1298
Saulny,1428,35,1463
Schalbach,343,7,350
Schmittviller,322,12,334
Schneckenbusch,303,9,312
Schorbach,540,9,549
Schwerdorff,473,14,487
Schweyen,315,4,319
Schœneck,2570,41,2611
Scy-Chazelles,2676,49,2725
Secourt,196,5,201
Seingbouse,1822,43,1865
Semécourt,995,9,1004
Serémange-Erzange,4273,55,4328
Servigny-lès-Raville,484,4,488
Servigny-lès-Sainte-Barbe,466,4,470
Sierck-les-Bains,1755,14,1769
Siersthal,665,11,676
Sillegny,478,5,483
Silly-en-Saulnois,33,1,34
Silly-sur-Nied,693,12,705
Solgne,1109,64,1173
Sorbey,372,6,378
Sotzeling,20,0,20
Soucht,1049,18,1067
Spicheren,3224,57,3281
Stiring-Wendel,11618,124,11742
Stuckange,1073,27,1100
Sturzelbronn,176,3,179
Suisse,103,5,108
Talange,7707,172,7879
Tarquimpol,62,1,63
Tenteling,1077,39,1116
Terville,7025,91,7116
Téterchen,819,7,826
Teting-sur-Nied,1305,35,1340
Théding,2501,46,2547
Thicourt,142,2,144
Thimonville,155,0,155
Thionville,40701,787,41488
Thonville,47,0,47
Tincry,174,5,179
Torcheville,110,1,111
Tragny,97,2,99
Trémery,1063,19,1082
Tressange,2132,31,2163
Tritteling-Redlach,533,4,537
Troisfontaines,1272,27,1299
Tromborn,357,5,362
Turquestein-Blancrupt,14,0,14
Uckange,6818,45,6863
Vahl-Ebersing,514,10,524
Vahl-lès-Bénestroff,148,2,150
Vahl-lès-Faulquemont,256,4,260
Val-de-Bride,588,12,600
Le Val-de-Guéblange,856,19,875
Vallerange,209,4,213
Valmestroff,308,5,313
Valmont,3131,70,3201
Valmunster,94,4,98
Vannecourt,79,0,79
Vantoux,851,19,870
Vany,410,6,416
Varize-Vaudoncourt,552,9,561
Varsberg,951,26,977
Vasperviller,316,9,325
Vatimont,324,0,324
Vaudreching,532,8,540
Vaux,798,24,822
Vaxy,166,0,166
Veckersviller,231,5,236
Veckring,670,15,685
Velving,205,5,210
Vergaville,578,15,593
Vernéville,616,8,624
Verny,1950,90,2040
Vescheim,321,7,328
Vibersviller,454,7,461
Vic-sur-Seille,1295,105,1400
Vieux-Lixheim,256,8,264
Vigny,366,3,369
Vigy,1716,33,1749
Viller,201,4,205
Villers-Stoncourt,222,3,225
Villers-sur-Nied,73,1,74
Villing,494,11,505
Vilsberg,357,11,368
Virming,296,6,302
Vitry-sur-Orne,3019,34,3053
Vittersbourg,358,7,365
Vittoncourt,375,3,378
Viviers,123,1,124
Voimhaut,253,3,256
Volmerange-lès-Boulay,559,11,570
Volmerange-les-Mines,2189,48,2237
Volmunster,793,21,814
Volstroff,1965,28,1993
Voyer,452,11,463
Vry,595,9,604
Vulmont,30,1,31
Vœlfling-lès-Bouzonville,155,6,161
Waldhouse,401,6,407
Waldweistroff,494,2,496
Waldwisse,824,12,836
Walschbronn,497,16,513
Walscheid,1536,42,1578
Waltembourg,243,7,250
Wiesviller,968,21,989
Willerwald,1544,36,1580
Wintersbourg,265,7,272
Wittring,790,15,805
Woippy,14214,139,14353
Woustviller,3175,59,3234
Wuisse,63,4,67
Wœlfling-lès-Sarreguemines,739,26,765
Xanrey,116,0,116
Xocourt,93,1,94
Xouaxange,305,4,309
Yutz,16537,254,16791
Zarbeling,58,2,60
Zetting,825,24,849
Zilling,274,4,278
Zimming,712,6,718
Zommange,44,2,46
Zoufftgen,1222,14,1236
Œting,2679,52,2731
Achun,162,3,165
Alligny-Cosne,877,18,895
Alligny-en-Morvan,613,7,620
Alluy,386,8,394
Amazy,228,1,229
Anlezy,246,5,251
Annay,339,5,344
Anthien,177,5,182
Arbourse,127,1,128
Arleuf,746,11,757
Armes,283,6,289
Arquian,581,13,594
Arthel,95,1,96
Arzembouy,68,1,69
Asnan,125,2,127
Asnois,146,3,149
Aunay-en-Bazois,228,5,233
Authiou,44,0,44
Avrée,80,1,81
Avril-sur-Loire,268,4,272
Azy-le-Vif,206,6,212
Bazoches,177,3,180
Bazolles,279,6,285
Béard,172,8,180
Beaulieu,159,10,169
Beaumont-la-Ferrière,123,3,126
Beaumont-Sardolles,115,4,119
Beuvron,79,0,79
Biches,287,11,298
Billy-Chevannes,308,4,312
Billy-sur-Oisy,370,8,378
Bitry,305,8,313
Blismes,180,6,186
Bona,313,2,315
Bouhy,460,8,468
Brassy,611,36,647
Breugnon,169,5,174
Brèves,243,2,245
Brinay,144,4,148
Brinon-sur-Beuvron,181,5,186
Bulcy,129,5,134
Bussy-la-Pesle,56,0,56
La Celle-sur-Loire,830,11,841
La Celle-sur-Nièvre,160,0,160
Cercy-la-Tour,1746,26,1772
Cervon,650,14,664
Cessy-les-Bois,94,3,97
Chalaux,86,2,88
Challement,51,2,53
Challuy,1537,133,1670
Champallement,49,3,52
Champlemy,332,7,339
Champlin,39,1,40
Champvert,797,17,814
Champvoux,309,9,318
Chantenay-Saint-Imbert,1172,20,1192
La Chapelle-Saint-André,315,5,320
La Charité-sur-Loire,4901,71,4972
Charrin,609,9,618
Chasnay,116,3,119
Château-Chinon (Campagne),548,10,558
Château-Chinon (Ville),1964,390,2354
Châteauneuf-Val-de-Bargis,530,14,544
Châtillon-en-Bazois,897,17,914
Châtin,88,0,88
Chaulgnes,1505,23,1528
Chaumard,208,5,213
Chaumot,158,3,161
Chazeuil,59,2,61
Chevannes-Changy,132,6,138
Chevenon,590,11,601
Chevroches,125,5,130
Chiddes,334,5,339
Chitry-les-Mines,208,4,212
Chougny,76,1,77
Ciez,369,6,375
Cizely,61,0,61
Clamecy,3759,161,3920
La Collancelle,175,1,176
Colméry,321,6,327
Corancy,301,4,305
Corbigny,1482,108,1590
Corvol-d'Embernard,87,3,90
Corvol-l'Orgueilleux,800,8,808
Cosne-Cours-sur-Loire,9874,257,10131
Cossaye,718,8,726
Coulanges-lès-Nevers,3629,84,3713
Couloutre,191,7,198
Courcelles,217,3,220
Crux-la-Ville,405,9,414
Cuncy-lès-Varzy,127,2,129
Dampierre-sous-Bouhy,457,7,464
Decize,5393,190,5583
Devay,493,9,502
Diennes-Aubigny,94,1,95
Dirol,116,4,120
Dommartin,170,4,174
Dompierre-sur-Nièvre,191,2,193
Donzy,1583,27,1610
Dornecy,481,8,489
Dornes,1430,26,1456
Druy-Parigny,320,6,326
Dun-les-Places,351,4,355
Dun-sur-Grandry,156,2,158
Empury,83,1,84
Entrains-sur-Nohain,769,16,785
Epiry,238,2,240
Fâchin,110,1,111
La Fermeté,655,7,662
Fertrève,101,3,104
Fléty,103,6,109
Fleury-sur-Loire,229,5,234
Flez-Cuzy,134,2,136
Fourchambault,4229,58,4287
Fours,645,7,652
Frasnay-Reugny,88,4,92
Gâcogne,245,0,245
Garchizy,3726,45,3771
Garchy,427,8,435
Germenay,145,4,149
Germigny-sur-Loire,769,9,778
Gien-sur-Cure,96,2,98
Gimouille,459,7,466
Giry,195,2,197
Glux-en-Glenne,93,0,93
Gouloux,181,6,187
Grenois,97,2,99
Guérigny,2514,40,2554
Guipy,240,22,262
Héry,74,3,77
Imphy,3345,43,3388
Isenay,98,0,98
Jailly,64,2,66
Lamenay-sur-Loire,61,0,61
Langeron,366,10,376
Lanty,122,0,122
Larochemillay,231,4,235
Lavault-de-Frétoy,66,0,66
Limanton,240,4,244
Limon,148,5,153
Livry,700,9,709
Lormes,1288,29,1317
Lucenay-lès-Aix,982,18,1000
Lurcy-le-Bourg,287,5,292
Luthenay-Uxeloup,625,13,638
Luzy,1980,46,2026
Lys,109,6,115
La Machine,3343,52,3395
Magny-Cours,1393,28,1421
Magny-Lormes,74,2,76
La Maison-Dieu,121,1,122
La Marche,565,15,580
Marcy,153,4,157
Marigny-l'Église,293,17,310
Marigny-sur-Yonne,206,7,213
Mars-sur-Allier,303,7,310
Marzy,3672,198,3870
Maux,142,0,142
Menestreau,113,1,114
Menou,181,1,182
Mesves-sur-Loire,690,33,723
Metz-le-Comte,162,7,169
Mhère,230,1,231
Millay,446,6,452
Moissy-Moulinot,18,3,21
Monceaux-le-Comte,122,2,124
Mont-et-Marré,163,1,164
Montambert,123,2,125
Montapas,288,2,290
Montaron,161,2,163
Montenoison,121,1,122
Montigny-aux-Amognes,618,22,640
Montigny-en-Morvan,290,1,291
Montigny-sur-Canne,152,3,155
Montreuillon,261,7,268
Montsauche-les-Settons,522,3,525
Moraches,142,5,147
Moulins-Engilbert,1445,23,1468
Mouron-sur-Yonne,96,1,97
Moussy,106,0,106
Moux-en-Morvan,538,4,542
Murlin,92,2,94
Myennes,532,6,538
Nannay,117,3,120
Narcy,513,4,517
Neuffontaines,104,3,107
Neuilly,118,2,120
Neuville-lès-Decize,230,9,239
Neuvy-sur-Loire,1438,30,1468
Nevers,32990,1107,34097
La Nocle-Maulaix,279,2,281
Nolay,357,3,360
Nuars,156,1,157
Oisy,305,5,310
Onlay,148,3,151
Ouagne,153,1,154
Oudan,144,3,147
Ougny,25,0,25
Oulon,64,2,66
Ouroux-en-Morvan,617,8,625
Parigny-la-Rose,41,0,41
Parigny-les-Vaux,960,36,996
Pazy,305,10,315
Perroy,160,4,164
Planchez,301,4,305
Poil,138,2,140
Poiseux,334,4,338
Pougny,462,14,476
Pougues-les-Eaux,2388,53,2441
Pouilly-sur-Loire,1636,25,1661
Pouques-Lormes,160,3,163
Pousseaux,194,8,202
Prémery,1838,31,1869
Préporché,206,4,210
Raveau,673,12,685
Rémilly,152,2,154
Rix,159,1,160
Rouy,613,8,621
Ruages,93,4,97
Saincaize-Meauce,376,7,383
Saint-Agnan,137,2,139
Saint-Amand-en-Puisaye,1258,26,1284
Saint-Andelain,519,4,523
Saint-André-en-Morvan,310,5,315
Saint-Aubin-des-Chaumes,68,0,68
Saint-Aubin-les-Forges,402,7,409
Saint-Benin-d'Azy,1278,15,1293
Saint-Benin-des-Bois,168,7,175
Saint-Bonnot,138,1,139
Saint-Brisson,264,3,267
Saint-Didier,28,4,32
Saint-Éloi,2146,45,2191
Saint-Firmin,175,2,177
Saint-Franchy,74,3,77
Saint-Germain-Chassenay,323,5,328
Saint-Germain-des-Bois,120,0,120
Saint-Gratien-Savigny,113,4,117
Saint-Hilaire-en-Morvan,220,7,227
Saint-Hilaire-Fontaine,172,5,177
Saint-Honoré-les-Bains,744,14,758
Saint-Jean-aux-Amognes,492,7,499
Saint-Laurent-l'Abbaye,215,4,219
Saint-Léger-de-Fougeret,373,3,376
Saint-Léger-des-Vignes,1886,46,1932
Saint-Loup,468,7,475
Saint-Malo-en-Donziois,128,3,131
Saint-Martin-d'Heuille,596,13,609
Saint-Martin-du-Puy,276,5,281
Saint-Martin-sur-Nohain,371,18,389
Saint-Maurice,62,0,62
Saint-Ouen-sur-Loire,561,6,567
Saint-Parize-en-Viry,150,3,153
Saint-Parize-le-Châtel,1301,29,1330
Saint-Père,1097,21,1118
Saint-Péreuse,219,10,229
Saint-Pierre-du-Mont,190,4,194
Saint-Pierre-le-Moûtier,1956,21,1977
Saint-Quentin-sur-Nohain,100,3,103
Saint-Révérien,160,0,160
Saint-Saulge,738,80,818
Saint-Seine,207,5,212
Saint-Sulpice,399,7,406
Saint-Vérain,340,6,346
Sainte-Colombe-des-Bois,132,2,134
Sainte-Marie,80,4,84
Saizy,189,3,192
Sardy-lès-Épiry,113,4,117
Sauvigny-les-Bois,1458,40,1498
Savigny-Poil-Fol,124,2,126
Saxi-Bourdon,299,4,303
Sémelay,234,3,237
Sermages,188,8,196
Sermoise-sur-Loire,1514,71,1585
Sichamps,194,2,196
Sougy-sur-Loire,625,17,642
Suilly-la-Tour,600,14,614
Surgy,328,20,348
Taconnay,77,3,80
Talon,40,1,41
Tamnay-en-Bazois,167,5,172
Tannay,585,11,596
Tazilly,198,3,201
Teigny,103,2,105
Ternant,192,0,192
Thaix,50,1,51
Thianges,171,0,171
Tintury,183,0,183
Toury-Lurcy,430,8,438
Toury-sur-Jour,120,2,122
Tracy-sur-Loire,970,14,984
Tresnay,148,0,148
Trois-Vèvres,240,1,241
Tronsanges,395,9,404
Trucy-l'Orgueilleux,220,3,223
Urzy,1775,35,1810
Vandenesse,309,5,314
Varennes-lès-Narcy,955,5,960
Varennes-Vauzelles,9298,176,9474
Varzy,1215,197,1412
Vauclaix,134,2,136
Vaux d'Amognes,543,8,551
Verneuil,296,9,305
Vielmanay,183,3,186
Vignol,62,0,62
Villapourçon,415,8,423
Ville-Langy,252,5,257
Villiers-le-Sec,48,1,49
Villiers-sur-Yonne,274,9,283
Vitry-Laché,82,3,85
Abancourt,463,13,476
Abscon,4447,36,4483
Aibes,370,5,375
Aix-en-Pévèle,1220,14,1234
Allennes-les-Marais,3460,60,3520
Amfroipret,223,8,231
Anhiers,898,10,908
Aniche,10244,104,10348
Anneux,272,2,274
Annœullin,10428,106,10534
Anor,3220,47,3267
Anstaing,1469,16,1485
Anzin,13305,95,13400
Arleux,3219,25,3244
Armbouts-Cappel,2281,48,2329
Armentières,24882,359,25241
Arnèke,1617,16,1633
Artres,1057,12,1069
Assevent,1825,18,1843
Attiches,2275,32,2307
Aubencheul-au-Bac,535,7,542
Auberchicourt,4448,32,4480
Aubers,1651,21,1672
Aubigny-au-Bac,1178,18,1196
Aubry-du-Hainaut,1679,14,1693
Auby,7274,41,7315
Auchy-lez-Orchies,1521,21,1542
Audignies,366,4,370
Aulnoy-lez-Valenciennes,7341,67,7408
Aulnoye-Aymeries,8811,238,9049
Avelin,2690,34,2724
Avesnelles,2495,30,2525
Avesnes-le-Sec,1458,16,1474
Avesnes-les-Aubert,3640,34,3674
Avesnes-sur-Helpe,4495,147,4642
Awoingt,817,17,834
Bachant,2324,25,2349
Bachy,1702,23,1725
Bailleul,14769,270,15039
Baisieux,4765,48,4813
Baives,167,2,169
Bambecque,770,10,780
Banteux,344,2,346
Bantigny,510,11,521
Bantouzelle,426,6,432
Bas-Lieu,349,8,357
La Bassée,6402,53,6455
Bauvin,5180,43,5223
Bavay,3326,78,3404
Bavinchove,972,9,981
Bazuel,525,10,535
Beaucamps-Ligny,856,23,879
Beaudignies,564,14,578
Beaufort,1000,13,1013
Beaumont-en-Cambrésis,446,4,450
Beaurain,231,3,234
Beaurepaire-sur-Sambre,260,1,261
Beaurieux,165,0,165
Beauvois-en-Cambrésis,2072,25,2097
Bellaing,1239,12,1251
Bellignies,827,9,836
Bérelles,146,3,149
Bergues,3653,47,3700
Berlaimont,3130,36,3166
Bermerain,723,11,734
Bermeries,373,4,377
Bersée,2230,47,2277
Bersillies,252,6,258
Berthen,551,13,564
Bertry,2177,37,2214
Béthencourt,749,11,760
Bettignies,310,5,315
Bettrechies,252,4,256
Beugnies,635,6,641
Beuvrages,6740,34,6774
Beuvry-la-Forêt,2758,28,2786
Bévillers,562,5,567
Bierne,1831,31,1862
Bissezeele,247,2,249
Blaringhem,2069,31,2100
Blécourt,306,6,312
Boeschepe,2183,31,2214
Boëseghem,748,13,761
Bois-Grenier,1612,22,1634
Bollezeele,1435,30,1465
Bondues,10103,181,10284
Borre,591,12,603
Bouchain,3952,39,3991
Boulogne-sur-Helpe,339,4,343
Bourbourg,7097,54,7151
Bourghelles,1664,38,1702
Boursies,394,5,399
Bousbecque,4831,46,4877
Bousies,1738,13,1751
Bousignies,333,2,335
Bousignies-sur-Roc,402,2,404
Boussières-en-Cambrésis,422,4,426
Boussières-sur-Sambre,524,9,533
Boussois,3231,21,3252
Bouvignies,1535,26,1561
Bouvines,775,17,792
Bray-Dunes,4483,44,4527
Briastre,748,4,752
Brillon,738,9,747
Brouckerque,1375,28,1403
Broxeele,403,1,404
Bruay-sur-l'Escaut,11449,45,11494
Bruille-lez-Marchiennes,1345,7,1352
Bruille-Saint-Amand,1671,16,1687
Brunémont,711,4,715
Bry,417,12,429
Bugnicourt,1030,9,1039
Busigny,2482,29,2511
Buysscheure,583,9,592
Caëstre,1980,31,2011
Cagnoncles,611,7,618
Cambrai,32558,642,33200
Camphin-en-Carembault,1660,20,1680
Camphin-en-Pévèle,2452,42,2494
Cantaing-sur-Escaut,399,10,409
Cantin,1577,12,1589
Capelle,153,5,158
Capinghem,2495,29,2524
Cappelle-Brouck,1166,19,1185
Cappelle-en-Pévèle,2232,26,2258
Cappelle-la-Grande,7899,74,7973
Carnières,1073,14,1087
Carnin,1008,18,1026
Cartignies,1253,10,1263
Cassel,2289,101,2390
Le Cateau-Cambrésis,6933,138,7071
Catillon-sur-Sambre,840,7,847
Cattenières,670,14,684
Caudry,14591,148,14739
Caullery,454,11,465
Cauroir,570,15,585
Cerfontaine,688,4,692
La Chapelle-d'Armentières,8590,93,8683
Château-l'Abbaye,874,10,884
Chemy,768,12,780
Chéreng,2990,42,3032
Choisies,52,1,53
Clairfayts,371,1,372
Clary,1092,16,1108
Cobrieux,521,11,532
Colleret,1615,17,1632
Comines,12358,88,12446
Condé-sur-l'Escaut,9698,67,9765
Coudekerque-Branche,21134,294,21428
Courchelettes,2809,31,2840
Cousolre,2270,39,2309
Coutiches,3014,50,3064
Craywick,694,6,700
Crespin,4532,31,4563
Crèvecœur-sur-l'Escaut,744,45,789
Crochte,667,21,688
Croix,21041,276,21317
Croix-Caluyau,257,8,265
Cuincy,6435,100,6535
Curgies,1218,33,1251
Cuvillers,201,1,202
Cysoing,4968,73,5041
Damousies,193,0,193
Dechy,5324,38,5362
Dehéries,39,2,41
Denain,19825,96,19921
Deûlémont,1769,21,1790
Dimechaux,339,3,342
Dimont,314,8,322
Doignies,333,3,336
Dompierre-sur-Helpe,860,15,875
Don,1287,13,1300
Douai,39700,905,40605
Douchy-les-Mines,10558,40,10598
Le Doulieu,1478,22,1500
Dourlers,569,6,575
Drincham,250,7,257
Dunkerque,87353,1314,88667
Ebblinghem,673,10,683
Écaillon,1937,15,1952
Eccles,84,1,85
Éclaibes,292,5,297
Écuélin,140,4,144
Eecke,1219,22,1241
Élesmes,980,14,994
Élincourt,625,5,630
Émerchicourt,886,44,930
Emmerin,3172,23,3195
Englefontaine,1304,15,1319
Englos,609,9,618
Ennetières-en-Weppes,1311,20,1331
Ennevelin,2185,23,2208
Eppe-Sauvage,267,0,267
Erchin,692,12,704
Eringhem,479,6,485
Erquinghem-le-Sec,600,9,609
Erquinghem-Lys,5158,40,5198
Erre,1592,10,1602
Escarmain,470,4,474
Escaudain,9619,41,9660
Escaudœuvres,3257,29,3286
Escautpont,4192,28,4220
Escobecques,299,10,309
Esnes,679,8,687
Esquelbecq,2115,39,2154
Esquerchin,891,7,898
Estaires,6379,159,6538
Estourmel,461,7,468
Estrées,1112,21,1133
Estreux,956,19,975
Estrun,709,8,717
Eswars,352,8,360
Eth,340,7,347
Étrœungt,1319,15,1334
Faches-Thumesnil,17835,120,17955
Famars,2517,67,2584
Faumont,2172,56,2228
Le Favril,511,4,515
Féchain,1745,15,1760
Feignies,6881,97,6978
Felleries,1420,16,1436
Fenain,5385,48,5433
Férin,1455,18,1473
Féron,567,9,576
Ferrière-la-Grande,5301,49,5350
Ferrière-la-Petite,1066,13,1079
La Flamengrie,420,4,424
Flaumont-Waudrechies,382,9,391
Flers-en-Escrebieux,5856,40,5896
Flesquières,261,4,265
Flêtre,972,22,994
Flines-lès-Mortagne,1646,24,1670
Flines-lez-Raches,5570,89,5659
Floursies,128,1,129
Floyon,532,8,540
Fontaine-au-Bois,682,9,691
Fontaine-au-Pire,1215,18,1233
Fontaine-Notre-Dame,1780,32,1812
Forest-en-Cambrésis,565,4,569
Forest-sur-Marque,1457,19,1476
Fourmies,11727,205,11932
Fournes-en-Weppes,2220,115,2335
Frasnoy,378,4,382
Frelinghien,2415,20,2435
Fresnes-sur-Escaut,7565,43,7608
Fressain,877,12,889
Fressies,572,8,580
Fretin,3380,24,3404
Fromelles,958,14,972
Genech,2702,640,3342
Ghissignies,520,20,540
Ghyvelde,4193,61,4254
Glageon,1807,28,1835
Godewaersvelde,2051,38,2089
Gognies-Chaussée,752,10,762
Gommegnies,2301,35,2336
Gondecourt,4055,42,4097
Gonnelieu,309,4,313
La Gorgue,5635,53,5688
Gouzeaucourt,1511,28,1539
Grand-Fayt,505,7,512
Grand-Fort-Philippe,5048,47,5095
Grande-Synthe,22966,191,23157
Gravelines,11166,220,11386
La Groise,481,4,485
Gruson,1309,38,1347
Guesnain,4677,36,4713
Gussignies,334,4,338
Gœulzin,1026,25,1051
Hallennes-lez-Haubourdin,4436,35,4471
Halluin,20800,127,20927
Hamel,786,9,795
Hantay,1304,12,1316
Hardifort,381,10,391
Hargnies,607,10,617
Hasnon,3862,31,3893
Haspres,2739,23,2762
Haubourdin,14936,117,15053
Haucourt-en-Cambrésis,198,4,202
Haulchin,2306,29,2335
Haussy,1531,33,1564
Haut-Lieu,391,1,392
Hautmont,14574,101,14675
Haveluy,3174,6,3180
Haverskerque,1425,25,1450
Haynecourt,321,7,328
Hazebrouck,21441,558,21999
Hecq,360,10,370
Hélesmes,1975,8,1983
Hem,18617,166,18783
Hem-Lenglet,565,10,575
Hergnies,4437,33,4470
Hérin,4135,30,4165
Herlies,2399,27,2426
Herrin,421,6,427
Herzeele,1640,32,1672
Hestrud,294,4,298
Holque,896,5,901
Hon-Hergies,858,10,868
Hondeghem,951,25,976
Hondschoote,4083,84,4167
Honnechy,549,7,556
Honnecourt-sur-Escaut,794,12,806
Hordain,1396,5,1401
Hornaing,3553,23,3576
Houdain-lez-Bavay,875,9,884
Houplin-Ancoisne,3409,45,3454
Houplines,7805,94,7899
Houtkerque,994,8,1002
Hoymille,3214,203,3417
Illies,1624,11,1635
Inchy,741,5,746
Iwuy,3348,30,3378
Jenlain,1137,26,1163
Jeumont,10159,126,10285
Jolimetz,867,16,883
Killem,1116,20,1136
Lallaing,6231,43,6274
Lambersart,27649,402,28051
Lambres-lez-Douai,5125,101,5226
Landas,2399,42,2441
Landrecies,3483,107,3590
Lannoy,1773,7,1780
Larouillies,252,9,261
Lauwin-Planque,1679,24,1703
Lecelles,2810,54,2864
Lécluse,1372,15,1387
Lederzeele,676,15,691
Ledringhem,661,27,688
Leers,9473,79,9552
Leffrinckoucke,4262,96,4358
Lesdain,417,7,424
Lesquin,8259,73,8332
Leval,2455,10,2465
Lewarde,2425,22,2447
Lez-Fontaine,229,4,233
Lezennes,3104,24,3128
Liessies,533,16,549
Lieu-Saint-Amand,1349,11,1360
Ligny-en-Cambrésis,1894,29,1923
Lille,232787,2055,234842
Limont-Fontaine,563,6,569
Linselles,8371,98,8469
Locquignol,374,2,376
Loffre,729,14,743
Lompret,2299,53,2352
La Longueville,2097,32,2129
Looberghe,1178,22,1200
Loon-Plage,6193,76,6269
Loos,22233,255,22488
Lourches,3949,17,3966
Louvignies-Quesnoy,933,19,952
Louvil,826,16,842
Louvroil,6481,41,6522
Lynde,758,14,772
Lys-lez-Lannoy,13422,144,13566
La Madeleine,21173,181,21354
Maing,4112,41,4153
Mairieux,735,15,750
Le Maisnil,642,15,657
Malincourt,504,6,510
Marbaix,482,4,486
Marchiennes,4590,62,4652
Marcoing,1888,25,1913
Marcq-en-Barœul,38617,807,39424
Marcq-en-Ostrevent,736,3,739
Maresches,820,16,836
Maretz,1457,16,1473
Marly,11855,122,11977
Maroilles,1403,23,1426
Marpent,2748,31,2779
Marquette-en-Ostrevant,1873,12,1885
Marquette-lez-Lille,10376,69,10445
Marquillies,1997,23,2020
Masnières,2717,29,2746
Masny,4143,47,4190
Mastaing,865,5,870
Maubeuge,29944,314,30258
Maulde,1026,13,1039
Maurois,395,4,399
Mazinghien,304,4,308
Mecquignies,702,7,709
Merckeghem,593,12,605
Mérignies,3065,143,3208
Merris,1018,29,1047
Merville,9720,91,9811
Méteren,2314,37,2351
Millam,813,19,832
Millonfosse,715,12,727
Monceau-Saint-Waast,495,4,499
Monchaux-sur-Écaillon,541,9,550
Moncheaux,1536,18,1554
Monchecourt,2502,21,2523
Mons-en-Barœul,20782,161,20943
Mons-en-Pévèle,2134,39,2173
Montay,290,4,294
Montigny-en-Cambrésis,562,9,571
Montigny-en-Ostrevent,4801,37,4838
Montrécourt,224,1,225
Morbecque,2538,43,2581
Mortagne-du-Nord,1626,7,1633
Mouchin,1392,16,1408
Moustier-en-Fagne,59,1,60
Mouvaux,13151,188,13339
Mœuvres,465,3,468
Naves,636,9,645
Neuf-Berquin,1234,25,1259
Neuf-Mesnil,1330,5,1335
La Neuville,646,10,656
Neuville-en-Avesnois,304,8,312
Neuville-en-Ferrain,10284,66,10350
Neuville-Saint-Rémy,3803,41,3844
Neuville-sur-Escaut,2702,16,2718
Neuvilly,1113,12,1125
Nieppe,7476,83,7559
Niergnies,509,8,517
Nieurlet,937,13,950
Nivelle,1318,17,1335
Nomain,2521,35,2556
Noordpeene,788,10,798
Noyelles-lès-Seclin,873,13,886
Noyelles-sur-Escaut,803,12,815
Noyelles-sur-Sambre,278,5,283
Noyelles-sur-Selle,705,6,711
Obies,686,6,692
Obrechies,268,8,276
Ochtezeele,383,5,388
Odomez,936,12,948
Ohain,1199,17,1216
Oisy,614,8,622
Onnaing,8797,65,8862
Oost-Cappel,465,4,469
Orchies,8828,159,8987
Ors,643,8,651
Orsinval,548,3,551
Ostricourt,5372,27,5399
Oudezeele,686,9,695
Oxelaëre,519,4,523
Paillencourt,991,9,1000
Pecquencourt,6011,258,6269
Pérenchies,8424,42,8466
Péronne-en-Mélantois,908,19,927
Petit-Fayt,309,2,311
Petite-Forêt,4877,35,4912
Phalempin,4729,40,4769
Pitgam,966,12,978
Poix-du-Nord,2203,18,2221
Pommereuil,770,4,774
Pont-à-Marcq,2884,84,2968
Pont-sur-Sambre,2541,24,2565
Potelle,395,4,399
Pradelles,390,3,393
Prémesques,2130,23,2153
Préseau,1932,24,1956
Preux-au-Bois,844,9,853
Preux-au-Sart,314,7,321
Prisches,1081,22,1103
Prouvy,2282,39,2321
Proville,3163,75,3238
Provin,4234,29,4263
Quaëdypre,1095,25,1120
Quarouble,2992,28,3020
Quérénaing,886,20,906
Le Quesnoy,4934,131,5065
Quesnoy-sur-Deûle,6758,58,6816
Quiévelon,131,1,132
Quiévrechain,6366,28,6394
Quiévy,1783,20,1803
Râches,2740,32,2772
Radinghem-en-Weppes,1406,22,1428
Raillencourt-Sainte-Olle,2238,42,2280
Raimbeaucourt,4002,56,4058
Rainsars,182,2,184
Raismes,12587,75,12662
Ramillies,600,7,607
Ramousies,228,1,229
Raucourt-au-Bois,173,1,174
Recquignies,2413,22,2435
Rejet-de-Beaulieu,261,1,262
Renescure,2080,38,2118
Reumont,363,9,372
Rexpoëde,2001,33,2034
Ribécourt-la-Tour,373,5,378
Rieulay,1327,27,1354
Rieux-en-Cambrésis,1445,9,1454
Robersart,184,3,187
Rombies-et-Marchipont,760,4,764
Romeries,450,7,457
Ronchin,19220,129,19349
Roncq,13388,113,13501
Roost-Warendin,6141,51,6192
Rosult,1911,25,1936
Roubaix,96990,502,97492
Roucourt,454,7,461
Rousies,4016,55,4071
Rouvignies,655,6,661
Rubrouck,939,18,957
Les Rues-des-Vignes,801,18,819
Ruesnes,450,7,457
Rumegies,1797,17,1814
Rumilly-en-Cambrésis,1453,25,1478
Rœulx,3830,21,3851
Sailly-lez-Cambrai,471,8,479
Sailly-lez-Lannoy,1849,36,1885
Sainghin-en-Mélantois,2760,25,2785
Sainghin-en-Weppes,5586,51,5637
Sains-du-Nord,2892,26,2918
Saint-Amand-les-Eaux,15889,152,16041
Saint-André-lez-Lille,12608,99,12707
Saint-Aubert,1570,22,1592
Saint-Aubin,363,8,371
Saint-Aybert,379,5,384
Saint-Benin,340,3,343
Saint-Georges-sur-l'Aa,307,8,315
Saint-Hilaire-lez-Cambrai,1602,14,1616
Saint-Hilaire-sur-Helpe,823,31,854
Saint-Jans-Cappel,1722,49,1771
Saint-Martin-sur-Écaillon,515,9,524
Saint-Momelin,462,12,474
Saint-Pierre-Brouck,995,17,1012
Saint-Python,1016,8,1024
Saint-Remy-Chaussée,510,13,523
Saint-Remy-du-Nord,1115,11,1126
Saint-Saulve,11207,146,11353
Saint-Souplet,1230,18,1248
Saint-Sylvestre-Cappel,1180,9,1189
Saint-Vaast-en-Cambrésis,888,10,898
Saint-Waast,636,8,644
Sainte-Marie-Cappel,877,21,898
Salesches,303,2,305
Salomé,2969,22,2991
Saméon,1672,22,1694
Sancourt,197,6,203
Santes,5724,54,5778
Sars-et-Rosières,588,6,594
Sars-Poteries,1441,17,1458
Sassegnies,269,3,272
Saultain,2398,16,2414
Saulzoir,1753,22,1775
Sebourg,1969,32,2001
Seclin,12414,93,12507
Sémeries,546,6,552
Semousies,243,3,246
La Sentinelle,3136,16,3152
Sepmeries,663,11,674
Sequedin,4712,23,4735
Séranvillers-Forenville,411,1,412
Sercus,461,5,466
Sin-le-Noble,15682,117,15799
Socx,938,36,974
Solesmes,4338,103,4441
Solre-le-Château,1815,19,1834
Solrinnes,135,0,135
Somain,12151,81,12232
Sommaing,413,4,417
Spycker,1807,27,1834
Staple,658,5,663
Steenbecque,1690,30,1720
Steene,1354,25,1379
Steenvoorde,4368,84,4452
Steenwerck,3673,53,3726
Strazeele,945,23,968
Taisnières-en-Thiérache,466,1,467
Taisnières-sur-Hon,971,12,983
Templemars,3344,24,3368
Templeuve-en-Pévèle,6059,67,6126
Terdeghem,532,14,546
Téteghem-Coudekerque-Village,8341,251,8592
Thiant,2917,23,2940
Thiennes,908,15,923
Thivencelle,846,2,848
Thumeries,3900,31,3931
Thun-l'Évêque,754,11,765
Thun-Saint-Amand,1125,12,1137
Thun-Saint-Martin,518,8,526
Tilloy-lez-Cambrai,590,21,611
Tilloy-lez-Marchiennes,518,17,535
Toufflers,3905,19,3924
Tourcoing,97368,660,98028
Tourmignies,888,14,902
Trélon,2856,68,2924
Tressin,1408,32,1440
Trith-Saint-Léger,6215,90,6305
Troisvilles,841,9,850
Uxem,1411,23,1434
Valenciennes,43336,419,43755
Vendegies-au-Bois,487,5,492
Vendegies-sur-Écaillon,1068,20,1088
Vendeville,1606,21,1627
Verchain-Maugré,1013,9,1022
Verlinghem,2460,56,2516
Vertain,517,10,527
Vicq,1492,16,1508
Viesly,1506,21,1527
Vieux-Berquin,2507,40,2547
Vieux-Condé,10469,52,10521
Vieux-Mesnil,636,7,643
Vieux-Reng,848,14,862
Villeneuve-d'Ascq,63408,693,64101
Villereau,996,14,1010
Villers-au-Tertre,630,7,637
Villers-en-Cauchies,1248,17,1265
Villers-Guislain,696,4,700
Villers-Outréaux,2110,26,2136
Villers-Plouich,404,4,408
Villers-Pol,1276,21,1297
Villers-Sire-Nicole,978,11,989
Volckerinckhove,567,6,573
Vred,1375,19,1394
Wahagnies,2598,41,2639
Walincourt-Selvigny,2136,30,2166
Wallers,5526,39,5565
Wallers-en-Fagne,286,7,293
Wallon-Cappel,811,22,833
Wambaix,374,6,380
Wambrechies,10948,88,11036
Wandignies-Hamage,1302,16,1318
Wannehain,1272,14,1286
Wargnies-le-Grand,1101,23,1124
Wargnies-le-Petit,759,11,770
Warhem,2032,43,2075
Warlaing,579,17,596
Warneton,239,2,241
Wasnes-au-Bac,609,4,613
Wasquehal,20479,226,20705
Watten,2563,32,2595
Wattignies,14549,194,14743
Wattignies-la-Victoire,243,11,254
Wattrelos,40958,160,41118
Wavrechain-sous-Denain,1661,11,1672
Wavrechain-sous-Faulx,386,1,387
Wavrin,7676,68,7744
Waziers,7452,67,7519
Wemaers-Cappel,252,4,256
Wervicq-Sud,5413,49,5462
West-Cappel,628,7,635
Wicres,498,7,505
Wignehies,2903,31,2934
Willems,3021,40,3061
Willies,148,2,150
Winnezeele,1306,22,1328
Wormhout,5632,86,5718
Wulverdinghe,309,4,313
Wylder,291,10,301
Zegerscappel,1529,32,1561
Zermezeele,223,4,227
Zuydcoote,1677,59,1736
Zuytpeene,524,17,541
Abancourt,651,8,659
Abbecourt,787,23,810
Abbeville-Saint-Lucien,490,13,503
Achy,402,7,409
Acy-en-Multien,849,14,863
Les Ageux,1179,19,1198
Agnetz,3050,121,3171
Airion,399,154,553
Allonne,1572,29,1601
Amblainville,1740,21,1761
Amy,392,5,397
Andeville,3227,45,3272
Angicourt,1396,29,1425
Angivillers,185,5,190
Angy,1172,14,1186
Ansacq,276,4,280
Ansauvillers,1197,25,1222
Antheuil-Portes,409,6,415
Antilly,264,9,273
Appilly,542,8,550
Apremont,660,16,676
Armancourt,563,8,571
Arsy,770,8,778
Attichy,1880,41,1921
Auchy-la-Montagne,592,13,605
Auger-Saint-Vincent,518,13,531
Aumont-en-Halatte,476,25,501
Auneuil,2892,62,2954
Auteuil,554,9,563
Autheuil-en-Valois,272,6,278
Autrêches,733,15,748
Avilly-Saint-Léonard,887,40,927
Avrechy,1150,17,1167
Avricourt,260,2,262
Avrigny,373,7,380
Babœuf,520,7,527
Bacouël,492,8,500
Bailleul-le-Soc,642,11,653
Bailleul-sur-Thérain,2175,51,2226
Bailleval,1477,46,1523
Bailly,636,9,645
Balagny-sur-Thérain,1723,18,1741
Barbery,572,10,582
Bargny,332,7,339
Baron,760,16,776
Baugy,241,5,246
Bazancourt,129,9,138
Bazicourt,337,9,346
Beaudéduit,204,1,205
Beaugies-sous-Bois,101,3,104
Beaulieu-les-Fontaines,609,50,659
Beaurains-lès-Noyon,338,5,343
Beaurepaire,67,1,68
Beauvais,56254,1328,57582
Beauvoir,238,4,242
Béhéricourt,209,6,215
Belle-Église,609,9,618
Belloy,94,1,95
Berlancourt,331,5,336
Berneuil-en-Bray,788,36,824
Berneuil-sur-Aisne,1004,16,1020
Berthecourt,1633,30,1663
Béthancourt-en-Valois,218,10,228
Béthisy-Saint-Martin,1060,21,1081
Béthisy-Saint-Pierre,3078,55,3133
Betz,1161,39,1200
Bienville,442,10,452
Biermont,175,5,180
Bitry,317,5,322
Blacourt,602,5,607
Blaincourt-lès-Précy,1190,30,1220
Blancfossé,146,1,147
Blargies,533,7,540
Blicourt,349,9,358
Blincourt,93,0,93
Boissy-Fresnoy,999,13,1012
Bonlier,474,9,483
Bonneuil-en-Valois,1025,24,1049
Bonneuil-les-Eaux,805,16,821
Bonnières,169,1,170
Bonvillers,204,2,206
Boran-sur-Oise,2165,35,2200
Borest,334,18,352
Bornel,4817,69,4886
Boubiers,412,11,423
Bouconvillers,387,8,395
Bouillancy,382,11,393
Boullarre,223,5,228
Boulogne-la-Grasse,471,9,480
Boursonne,300,6,306
Boury-en-Vexin,341,7,348
Boutencourt,220,6,226
Bouvresse,160,1,161
Braisnes-sur-Aronde,169,2,171
Brasseuse,107,0,107
Brégy,636,14,650
Brenouille,2016,30,2046
Bresles,4147,44,4191
Breteuil,4340,114,4454
Brétigny,410,9,419
Breuil-le-Sec,2648,38,2686
Breuil-le-Vert,3087,129,3216
Briot,283,8,291
Brombos,256,4,260
Broquiers,242,0,242
Broyes,172,2,174
Brunvillers-la-Motte,344,1,345
Bucamps,188,3,191
Buicourt,145,0,145
Bulles,894,16,910
Bury,2971,37,3008
Bussy,323,8,331
Caisnes,511,9,520
Cambronne-lès-Clermont,1145,23,1168
Cambronne-lès-Ribécourt,1949,37,1986
Campagne,161,4,165
Campeaux,503,9,512
Campremy,490,0,490
Candor,297,4,301
Canly,782,19,801
Cannectancourt,510,6,516
Canny-sur-Matz,392,5,397
Canny-sur-Thérain,228,2,230
Carlepont,1514,20,1534
Catenoy,1041,23,1064
Catheux,109,1,110
Catigny,191,3,194
Catillon-Fumechon,536,5,541
Cauffry,2540,25,2565
Cauvigny,1662,36,1698
Cempuis,501,12,513
Cernoy,297,3,300
Chamant,910,29,939
Chambly,10174,131,10305
Chambors,315,4,319
Chantilly,10863,226,11089
La Chapelle-en-Serval,3141,84,3225
Chaumont-en-Vexin,3269,41,3310
Chavençon,172,3,175
Chelles,507,14,521
Chepoix,431,3,434
Chevincourt,869,22,891
Chèvreville,425,8,433
Chevrières,1993,67,2060
Chiry-Ourscamp,1199,17,1216
Choisy-au-Bac,3291,103,3394
Choisy-la-Victoire,236,1,237
Choqueuse-les-Bénards,103,0,103
Cinqueux,1556,44,1600
Cires-lès-Mello,3977,50,4027
Clairoix,2165,45,2210
Clermont,10147,215,10362
Coivrel,251,2,253
Compiègne,40199,1036,41235
Conchy-les-Pots,705,12,717
Conteville,73,0,73
Corbeil-Cerf,332,8,340
Cormeilles,421,6,427
La Corne en Vexin,529,13,542
Le Coudray-Saint-Germer,906,10,916
Le Coudray-sur-Thelle,544,19,563
Coudun,1062,32,1094
Couloisy,541,14,555
Courcelles-Epayelles,205,3,208
Courcelles-lès-Gisors,821,23,844
Courteuil,602,37,639
Courtieux,181,4,185
Coye-la-Forêt,3931,203,4134
Cramoisy,809,3,812
Crapeaumesnil,202,3,205
Creil,35657,227,35884
Crépy-en-Valois,15090,267,15357
Cressonsacq,448,8,456
Crèvecœur-le-Grand,3535,142,3677
Crèvecœur-le-Petit,147,2,149
Crillon,491,4,495
Crisolles,935,20,955
Le Crocq,182,1,183
Croissy-sur-Celle,266,2,268
Croutoy,207,6,213
Crouy-en-Thelle,1098,10,1108
Cuignières,248,4,252
Cuigy-en-Bray,943,13,956
Cuise-la-Motte,2192,107,2299
Cuts,975,21,996
Cuvergnon,291,7,298
Cuvilly,637,5,642
Cuy,219,5,224
Daméraucourt,222,1,223
Dargies,253,2,255
Delincourt,473,13,486
Dieudonné,818,18,836
Dives,401,6,407
Doméliers,248,8,256
Domfront,311,2,313
Dompierre,240,2,242
La Drenne,1001,14,1015
Duvy,445,8,453
Écuvilly,312,4,316
Élencourt,53,1,54
Élincourt-Sainte-Marguerite,862,12,874
Éméville,287,6,293
Énencourt-Léage,136,6,142
Épineuse,244,9,253
Éragny-sur-Epte,606,5,611
Ercuis,1609,27,1636
Ermenonville,1007,21,1028
Ernemont-Boutavent,207,3,210
Erquery,607,13,620
Erquinvillers,183,2,185
Escames,217,2,219
Esches,1573,14,1587
Escles-Saint-Pierre,165,3,168
Espaubourg,505,5,510
Esquennoy,720,7,727
Essuiles,560,16,576
Estrées-Saint-Denis,3752,53,3805
Étavigny,152,1,153
Étouy,774,40,814
Ève,421,2,423
Évricourt,224,2,226
Fay-les-Étangs,471,8,479
Le Fay-Saint-Quentin,522,8,530
Le Fayel,220,0,220
Feigneux,427,14,441
Ferrières,480,3,483
Feuquières,1404,20,1424
Fitz-James,2515,28,2543
Flavacourt,659,20,679
Flavy-le-Meldeux,213,0,213
Fléchy,95,1,96
Fleurines,1907,91,1998
Fleury,553,10,563
Fontaine-Bonneleau,244,3,247
Fontaine-Chaalis,347,16,363
Fontaine-Lavaganne,507,7,514
Fontaine-Saint-Lucien,168,6,174
Fontenay-Torcy,124,2,126
Formerie,2131,29,2160
Fouilleuse,140,2,142
Fouilloy,200,6,206
Foulangues,198,2,200
Fouquenies,430,12,442
Fouquerolles,281,5,286
Fournival,518,3,521
Francastel,479,1,480
Francières,547,16,563
Fréniches,349,4,353
Fresne-Léguillon,438,9,447
Fresnières,164,6,170
Fresnoy-en-Thelle,915,24,939
Fresnoy-la-Rivière,651,20,671
Fresnoy-le-Luat,503,12,515
Le Frestoy-Vaux,249,6,255
Frétoy-le-Château,256,3,259
Frocourt,523,15,538
Froissy,887,12,899
Le Gallet,173,5,178
Gannes,340,1,341
Gaudechart,361,5,366
Genvry,322,85,407
Gerberoy,90,2,92
Gilocourt,654,19,673
Giraumont,539,19,558
Glaignes,372,13,385
Glatigny,228,2,230
Godenvillers,228,3,231
Goincourt,1390,34,1424
Golancourt,391,3,394
Gondreville,206,5,211
Gourchelles,121,0,121
Gournay-sur-Aronde,573,17,590
Gouvieux,9069,402,9471
Gouy-les-Groseillers,27,0,27
Grandfresnoy,1773,59,1832
Grandrû,348,3,351
Grandvillers-aux-Bois,313,15,328
Grandvilliers,2940,84,3024
Grémévillers,458,5,463
Grez,270,4,274
Guignecourt,381,4,385
Guiscard,1803,23,1826
Gury,242,11,253
Hadancourt-le-Haut-Clocher,366,8,374
Hainvillers,80,1,81
Halloy,452,9,461
Le Hamel,183,2,185
Hannaches,141,1,142
Hanvoile,617,7,624
Hardivillers,540,7,547
Haucourt,138,5,143
Haudivillers,812,23,835
Hautbos,193,1,194
Haute-Épine,272,9,281
Hautefontaine,335,4,339
Les Hauts Talican,875,18,893
Hécourt,155,3,158
Heilles,623,10,633
Hémévillers,462,9,471
Hénonville,827,13,840
Herchies,642,27,669
La Hérelle,243,4,247
Héricourt-sur-Thérain,126,2,128
Hermes,2498,41,2539
Hétomesnil,312,5,317
Hodenc-en-Bray,490,10,500
Hodenc-l'Évêque,248,8,256
Hondainville,708,8,716
Houdancourt,671,11,682
La Houssoye,612,6,618
Ivors,259,3,262
Ivry-le-Temple,776,7,783
Jaméricourt,322,5,327
Janville,681,11,692
Jaulzy,903,11,914
Jaux,2411,67,2478
Jonquières,609,23,632
Jouy-sous-Thelle,1028,17,1045
Juvignies,322,10,332
Laberlière,197,6,203
Laboissière-en-Thelle,1347,25,1372
Labosse,443,6,449
Labruyère,691,10,701
Lachapelle-aux-Pots,1620,35,1655
Lachapelle-Saint-Pierre,919,21,940
Lachapelle-sous-Gerberoy,148,1,149
Lachaussée-du-Bois-d'Écu,203,3,206
Lachelle,651,23,674
Lacroix-Saint-Ouen,4708,152,4860
Lafraye,368,9,377
Lagny,527,15,542
Lagny-le-Sec,2062,54,2116
Laigneville,4719,53,4772
Lalande-en-Son,653,25,678
Lalandelle,480,9,489
Lamécourt,191,2,193
Lamorlaye,8881,236,9117
Lannoy-Cuillère,282,5,287
Larbroye,510,9,519
Lassigny,1399,24,1423
Lataule,117,2,119
Lattainville,150,1,151
Lavacquerie,207,1,208
Laverrière,38,1,39
Laversines,1168,52,1220
Lavilletertre,534,16,550
Léglantiers,551,5,556
Lévignen,972,23,995
Lhéraule,189,2,191
Liancourt,6880,61,6941
Liancourt-Saint-Pierre,595,20,615
Libermont,182,6,188
Lierville,227,1,228
Lieuvillers,709,8,717
Lihus,410,4,414
Litz,356,5,361
Loconville,336,8,344
Longueil-Annel,2622,60,2682
Longueil-Sainte-Marie,1919,35,1954
Lormaison,1306,15,1321
Loueuse,150,1,151
Luchy,642,15,657
Machemont,718,17,735
Maignelay-Montigny,2699,32,2731
Maimbeville,414,10,424
Maisoncelle-Saint-Pierre,161,1,162
Maisoncelle-Tuilerie,301,2,303
Aux Marais,847,16,863
Marest-sur-Matz,406,5,411
Mareuil-la-Motte,641,16,657
Mareuil-sur-Ourcq,1613,24,1637
Margny-aux-Cerises,261,1,262
Margny-lès-Compiègne,8370,174,8544
Margny-sur-Matz,536,12,548
Marolles,680,14,694
Marquéglise,491,9,500
Marseille-en-Beauvaisis,1482,9,1491
Martincourt,128,1,129
Maucourt,249,2,251
Maulers,316,6,322
Maysel,249,3,252
Mélicocq,740,16,756
Mello,638,18,656
Ménévillers,104,1,105
Méru,14614,186,14800
Méry-la-Bataille,629,5,634
Le Mesnil-Conteville,84,1,85
Le Mesnil-en-Thelle,2229,30,2259
Le Mesnil-Saint-Firmin,204,61,265
Le Mesnil-sur-Bulles,266,8,274
Le Mesnil-Théribus,794,48,842
Le Meux,2270,59,2329
Milly-sur-Thérain,1708,31,1739
Mogneville,1515,37,1552
Moliens,1158,16,1174
Monceaux,825,16,841
Monceaux-l'Abbaye,227,2,229
Monchy-Humières,769,13,782
Monchy-Saint-Éloi,2214,40,2254
Mondescourt,243,3,246
Monneville,823,12,835
Mont-l'Évêque,397,7,404
Le Mont-Saint-Adrien,647,27,674
Montagny-en-Vexin,669,12,681
Montagny-Sainte-Félicité,417,9,426
Montataire,13263,156,13419
Montchevreuil,1283,26,1309
Montépilloy,138,9,147
Montgérain,183,1,184
Montiers,427,8,435
Montjavoult,483,11,494
Montlognon,196,11,207
Montmacq,1082,24,1106
Montmartin,262,4,266
Montreuil-sur-Brêche,488,17,505
Montreuil-sur-Thérain,245,2,247
Monts,166,4,170
Morangles,392,13,405
Morienval,1078,13,1091
Morlincourt,538,11,549
Mortefontaine,854,29,883
Mortefontaine-en-Thelle,913,19,932
Mortemer,224,6,230
Morvillers,476,4,480
Mory-Montcrux,83,2,85
Mouchy-le-Châtel,82,0,82
Moulin-sous-Touvent,213,5,218
Mouy,5288,75,5363
Moyenneville,630,12,642
Moyvillers,679,7,686
Muidorge,141,2,143
Muirancourt,571,4,575
Mureaumont,153,4,157
Nampcel,317,3,320
Nanteuil-le-Haudouin,4296,38,4334
Néry,661,14,675
Neufchelles,377,6,383
Neufvy-sur-Aronde,279,4,283
Neuilly-en-Thelle,3655,42,3697
Neuilly-sous-Clermont,1673,30,1703
Neuville-Bosc,510,14,524
La Neuville-en-Hez,972,31,1003
La Neuville-Roy,952,15,967
La Neuville-Saint-Pierre,158,2,160
La Neuville-sur-Oudeuil,326,7,333
La Neuville-sur-Ressons,212,3,215
La Neuville-Vault,191,8,199
Nivillers,188,24,212
Noailles,2826,42,2868
Nogent-sur-Oise,20033,362,20395
Nointel,1029,15,1044
Noirémont,179,6,185
Noroy,234,3,237
Nourard-le-Franc,339,4,343
Novillers,364,9,373
Noyers-Saint-Martin,863,13,876
Noyon,13519,312,13831
Offoy,117,1,118
Ognes,294,1,295
Ognolles,287,6,293
Omécourt,198,8,206
Ons-en-Bray,1399,37,1436
Ormoy-le-Davien,343,8,351
Ormoy-Villers,644,10,654
Oroër,556,17,573
Orrouy,595,13,608
Orry-la-Ville,3345,89,3434
Orvillers-Sorel,519,59,578
Oudeuil,263,10,273
Oursel-Maison,240,5,245
Paillart,580,10,590
Parnes,341,13,354
Passel,282,6,288
Péroy-les-Gombries,1137,14,1151
Pierrefitte-en-Beauvaisis,365,12,377
Pierrefonds,1808,209,2017
Pimprez,868,19,887
Pisseleu,500,7,507
Plailly,1787,41,1828
Plainval,403,4,407
Plainville,161,1,162
Le Plessier-sur-Bulles,214,0,214
Le Plessier-sur-Saint-Just,514,3,517
Le Plessis-Belleville,3408,51,3459
Le Plessis-Brion,1365,32,1397
Plessis-de-Roye,233,5,238
Le Plessis-Patte-d'Oie,102,4,106
Le Ployron,113,1,114
Ponchon,1113,18,1131
Pont-l'Évêque,672,12,684
Pont-Sainte-Maxence,12209,113,12322
Pontarmé,817,20,837
Pontoise-lès-Noyon,459,10,469
Pontpoint,3268,67,3335
Porcheux,609,5,614
Porquéricourt,393,4,397
Pouilly,156,2,158
Précy-sur-Oise,3205,73,3278
Prévillers,232,0,232
Pronleroy,382,11,393
Puiseux-en-Bray,420,3,423
Puiseux-le-Hauberger,851,11,862
Puits-la-Vallée,203,4,207
Quesmy,181,4,185
Le Quesnel-Aubry,213,8,221
Quincampoix-Fleuzy,396,16,412
Quinquempoix,322,3,325
Rainvillers,927,24,951
Rantigny,2506,22,2528
Raray,144,6,150
Ravenel,1098,13,1111
Réez-Fosse-Martin,149,4,153
Reilly,126,2,128
Rémécourt,79,0,79
Rémérangles,216,9,225
Remy,1836,37,1873
Ressons-sur-Matz,1687,23,1710
Rethondes,656,24,680
Reuil-sur-Brêche,329,6,335
Rhuis,140,8,148
Ribécourt-Dreslincourt,3748,174,3922
Ricquebourg,285,4,289
Rieux,1567,21,1588
Rivecourt,595,14,609
Roberval,367,12,379
Rochy-Condé,990,16,1006
Rocquemont,121,2,123
Rocquencourt,197,1,198
Romescamps,547,8,555
Rosières,137,3,140
Rosoy,632,13,645
Rosoy-en-Multien,567,7,574
Rotangy,213,1,214
Rothois,226,0,226
Rousseloy,314,5,319
Rouville,254,9,263
Rouvillers,276,7,283
Rouvres-en-Multien,465,10,475
Rouvroy-les-Merles,54,0,54
Roy-Boissy,318,5,323
Royaucourt,209,3,212
Roye-sur-Matz,466,11,477
La Rue-Saint-Pierre,809,10,819
Rully,720,40,760
Russy-Bémont,200,6,206
Sacy-le-Grand,1542,27,1569
Sacy-le-Petit,552,7,559
Sains-Morainvillers,273,3,276
Saint-André-Farivillers,514,4,518
Saint-Arnoult,217,4,221
Saint-Aubin-en-Bray,1140,26,1166
Saint-Aubin-sous-Erquery,336,5,341
Saint-Crépin-aux-Bois,215,10,225
Saint-Crépin-Ibouvillers,1533,34,1567
Saint-Deniscourt,86,3,89
Saint-Étienne-Roilaye,310,9,319
Saint-Félix,631,7,638
Saint-Germain-la-Poterie,477,12,489
Saint-Germer-de-Fly,1712,35,1747
Saint-Jean-aux-Bois,315,14,329
Saint-Just-en-Chaussée,6013,46,6059
Saint-Léger-aux-Bois,795,16,811
Saint-Léger-en-Bray,349,12,361
Saint-Leu-d'Esserent,4688,100,4788
Saint-Martin-aux-Bois,287,5,292
Saint-Martin-le-Nœud,1040,22,1062
Saint-Martin-Longueau,1492,29,1521
Saint-Maur,383,5,388
Saint-Maximin,2938,111,3049
Saint-Omer-en-Chaussée,1249,25,1274
Saint-Paul,1531,61,1592
Saint-Pierre-es-Champs,712,8,720
Saint-Pierre-lès-Bitry,147,3,150
Saint-Quentin-des-Prés,283,6,289
Saint-Remy-en-l'Eau,416,3,419
Saint-Samson-la-Poterie,250,2,252
Saint-Sauveur,1734,30,1764
Saint-Sulpice,1020,100,1120
Saint-Thibault,298,5,303
Saint-Vaast-de-Longmont,647,7,654
Saint-Vaast-lès-Mello,1074,17,1091
Saint-Valery,65,1,66
Sainte-Eusoye,321,2,323
Sainte-Geneviève,3230,43,3273
Saintines,1077,17,1094
Salency,890,21,911
Sarcus,265,2,267
Sarnois,348,6,354
Le Saulchoy,100,1,101
Savignies,844,23,867
Sempigny,789,13,802
Senantes,621,18,639
Senlis,14277,601,14878
Senots,347,6,353
Serans,222,2,224
Sérévillers,136,3,139
Sérifontaine,2755,33,2788
Sermaize,257,4,261
Séry-Magneval,282,9,291
Silly-le-Long,1160,26,1186
Silly-Tillard,440,7,447
Solente,138,1,139
Sommereux,482,6,488
Songeons,1073,56,1129
Sully,170,4,174
Suzoy,568,12,580
Talmontiers,683,12,695
Tartigny,274,3,277
Therdonne,1063,23,1086
Thérines,202,9,211
Thibivillers,165,7,172
Thiers-sur-Thève,1059,23,1082
Thiescourt,754,16,770
Thieuloy-Saint-Antoine,410,2,412
Thieux,439,11,450
Thiverny,1065,10,1075
Thourotte,4558,74,4632
Thury-en-Valois,493,5,498
Thury-sous-Clermont,679,9,688
Tillé,1169,23,1192
Tourly,175,1,176
Tracy-le-Mont,1735,27,1762
Tracy-le-Val,1095,32,1127
Tricot,1422,15,1437
Trie-Château,1943,31,1974
Trie-la-Ville,310,5,315
Troissereux,1232,33,1265
Trosly-Breuil,2081,52,2133
Troussencourt,332,4,336
Trumilly,528,25,553
Ully-Saint-Georges,1869,30,1899
Valdampierre,936,11,947
Valescourt,291,2,293
Vandélicourt,276,5,281
Varesnes,368,10,378
Varinfroy,290,3,293
Vauchelles,265,5,270
Vauciennes,682,9,691
Vaudancourt,170,2,172
Le Vaumain,372,10,382
Vaumoise,985,84,1069
Le Vauroux,504,13,517
Velennes,241,3,244
Vendeuil-Caply,470,10,480
Venette,2857,60,2917
Ver-sur-Launette,1159,27,1186
Verberie,3848,52,3900
Verderel-lès-Sauqueuse,736,23,759
Verderonne,486,14,500
Verneuil-en-Halatte,4650,97,4747
Versigny,380,15,395
Vez,283,13,296
Viefvillers,193,1,194
Vieux-Moulin,644,43,687
Vignemont,434,6,440
Ville,762,16,778
Villembray,256,3,259
Villeneuve-les-Sablons,1188,16,1204
La Villeneuve-sous-Thury,164,5,169
Villeneuve-sur-Verberie,636,17,653
Villers-Saint-Barthélemy,480,18,498
Villers Saint Frambourg-Ognon,714,38,752
Villers-Saint-Genest,389,16,405
Villers-Saint-Paul,6422,67,6489
Villers-Saint-Sépulcre,1002,9,1011
Villers-sous-Saint-Leu,2335,57,2392
Villers-sur-Auchy,374,9,383
Villers-sur-Bonnières,164,1,165
Villers-sur-Coudun,1407,58,1465
Villers-Vermont,124,5,129
Villers-Vicomte,151,2,153
Villeselve,421,4,425
Vineuil-Saint-Firmin,1413,46,1459
Vrocourt,33,1,34
Wacquemoulin,300,10,310
Wambez,164,5,169
Warluis,1157,32,1189
Wavignies,1212,12,1224
Welles-Pérennes,255,3,258
L' Aigle,8090,208,8298
Alençon,25848,744,26592
Almenêches,716,7,723
Appenai-sous-Bellême,276,6,282
Argentan,13823,385,14208
Les Aspres,631,14,645
Athis-Val de Rouvre,4256,87,4343
Aube,1298,37,1335
Aubry-le-Panthou,115,6,121
Aubusson,431,20,451
Auguaise,207,6,213
Aunay-les-Bois,145,0,145
Aunou-le-Faucon,246,9,255
Aunou-sur-Orne,266,7,273
Les Authieux-du-Puits,73,0,73
Avernes-Saint-Gourgon,56,5,61
Avoine,218,7,225
Avrilly,107,3,110
Bagnoles de l'Orne Normandie,2693,51,2744
Bailleul,608,17,625
Banvou,615,14,629
Barville,191,9,200
Bazoches-au-Houlme,468,11,479
Bazoches-sur-Hoëne,861,23,884
La Bazoque,265,4,269
Beaufai,342,8,350
Beaulieu,211,8,219
Beauvain,271,2,273
Belfonds,205,0,205
Belforêt-en-Perche,1678,43,1721
Bellavilliers,139,3,142
Bellême,1464,19,1483
La Bellière,125,1,126
Bellou-en-Houlme,1117,29,1146
Bellou-le-Trichard,214,3,217
Berd'huis,1111,31,1142
Berjou,461,16,477
Bizou,130,3,133
Boëcé,124,5,129
Boischampré,1199,36,1235
Boissei-la-Lande,124,2,126
Boitron,354,6,360
Bonnefoi,185,5,190
Bonsmoulins,240,8,248
Le Bosc-Renoult,249,4,253
Boucé,615,12,627
Le Bouillon,171,1,172
Brethel,164,1,165
Bretoncelles,1487,30,1517
Brieux,90,2,92
Briouze,1534,71,1605
Brullemail,95,3,98
Buré,111,1,112
Bures,165,5,170
Bursard,214,3,217
Cahan,181,3,184
Caligny,827,26,853
Camembert,187,5,192
Canapville,206,4,210
Carrouges,672,12,684
Ceaucé,1182,27,1209
Le Cercueil,137,6,143
Cerisé,863,23,886
Cerisy-Belle-Étoile,724,47,771
Ceton,1785,25,1810
Chahains,86,2,88
Chailloué,897,26,923
Le Chalange,98,4,102
Le Champ-de-la-Pierre,41,0,41
Champ-Haut,50,0,50
Champcerie,160,7,167
Les Champeaux,116,0,116
Champeaux-sur-Sarthe,167,5,172
Champosoult,97,0,97
Champsecret,895,19,914
Chandai,664,7,671
Chanu,1257,17,1274
La Chapelle-au-Moine,587,17,604
La Chapelle-Biche,527,8,535
La Chapelle-Montligeon,520,15,535
La Chapelle-près-Sées,449,31,480
La Chapelle-Souëf,255,8,263
La Chapelle-Viel,272,9,281
Charencey,797,32,829
Le Château-d'Almenêches,205,9,214
Le Châtellier,411,8,419
Chaumont,177,1,178
La Chaux,53,1,54
Chemilli,200,1,201
Ciral,394,11,405
Cisai-Saint-Aubin,153,5,158
Colombiers,335,13,348
Comblot,64,1,65
Commeaux,154,4,158
Condé-sur-Sarthe,2507,46,2553
Corbon,137,6,143
Coudehard,78,0,78
Coulimer,293,8,301
Coulmer,85,1,86
Coulonces,224,5,229
La Coulonche,493,19,512
Coulonges-sur-Sarthe,543,9,552
Cour-Maugis sur Huisne,610,24,634
Courgeon,372,11,383
Courgeoût,451,13,464
Courtomer,702,16,718
Craménil,148,5,153
Croisilles,207,4,211
Crouttes,306,11,317
Crulai,858,15,873
Cuissai,418,18,436
Dame-Marie,144,4,148
Damigny,2568,65,2633
Domfront en Poiraie,4243,127,4370
Dompierre,406,3,409
Durcet,312,5,317
Échalou,389,9,398
Échauffour,742,12,754
Écorcei,390,12,402
Écorches,89,0,89
Écouché-les-Vallées,2169,53,2222
Écouves,1703,55,1758
Essay,531,14,545
Faverolles,146,2,148
Fay,71,2,73
Feings,191,5,196
La Ferrière-au-Doyen,169,3,172
La Ferrière-aux-Étangs,1518,22,1540
La Ferrière-Béchet,242,2,244
La Ferrière-Bochard,742,14,756
Ferrières-la-Verrerie,149,3,152
La Ferté-en-Ouche,3217,49,3266
La Ferté Macé,5237,403,5640
Flers,14734,359,15093
Fleuré,207,3,210
Fontaine-les-Bassets,105,1,106
Francheville,150,4,154
La Fresnaie-Fayel,54,2,56
Fresnay-le-Samson,87,1,88
Gacé,1861,61,1922
Gandelain,411,6,417
Gâprée,134,5,139
Les Genettes,193,7,200
La Genevraie,98,5,103
Giel-Courteilles,430,248,678
Ginai,85,1,86
Godisson,111,0,111
La Gonfrière,302,3,305
Gouffern en Auge,3729,80,3809
Le Grais,197,4,201
Guêprei,138,4,142
Guerquesalles,135,0,135
Habloville,323,5,328
Hauterive,473,11,484
Héloup,917,26,943
L' Hôme-Chamondot,257,4,261
Igé,630,24,654
Irai,613,15,628
Joué-du-Bois,422,2,424
Joué-du-Plain,255,10,265
Juvigny-sur-Orne,119,4,123
Juvigny Val d'Andaine,2193,55,2248
Lalacelle,284,4,288
Laleu,360,7,367
La Lande-de-Goult,192,3,195
La Lande-de-Lougé,49,1,50
La Lande-Patry,1791,53,1844
La Lande-Saint-Siméon,151,1,152
Landigou,440,8,448
Landisacq,749,20,769
Larré,435,7,442
Lignères,28,0,28
Lignou,150,3,153
Loisail,126,4,130
Longny les Villages,3008,51,3059
Lonlay-l'Abbaye,1128,35,1163
Lonlay-le-Tesson,222,5,227
Lonrai,1134,37,1171
Lougé-sur-Maire,315,12,327
Louvières-en-Auge,76,1,77
Macé,409,5,414
La Madeleine-Bouvet,408,10,418
Le Mage,231,10,241
Magny-le-Désert,1400,42,1442
Mahéru,266,11,277
Mantilly,535,6,541
Marchemaisons,152,6,158
Mardilly,136,4,140
Mauves-sur-Huisne,544,13,557
Médavy,154,9,163
Méhoudin,123,2,125
Le Mêle-sur-Sarthe,686,13,699
Le Ménil-Bérard,75,0,75
Le Ménil-Broût,169,3,172
Le Ménil-Ciboult,121,1,122
Le Ménil-de-Briouze,562,10,572
Ménil-Erreux,219,7,226
Ménil-Froger,55,1,56
Ménil-Gondouin,172,6,178
Le Ménil-Guyon,77,0,77
Ménil-Hermei,203,5,208
Ménil-Hubert-en-Exmes,111,5,116
Ménil-Hubert-sur-Orne,482,8,490
Le Ménil-Scelleur,91,0,91
Le Ménil-Vicomte,24,1,25
Ménil-Vin,53,3,56
Les Menus,237,6,243
Le Merlerault,809,17,826
Merri,163,6,169
La Mesnière,286,6,292
Messei,1908,58,1966
Mieuxcé,624,15,639
Moncy,251,7,258
Mont-Ormel,53,0,53
Montabard,286,10,296
Montchevrel,234,2,236
Montgaudry,79,0,79
Montilly-sur-Noireau,724,19,743
Montmerrei,515,7,522
Montreuil-au-Houlme,134,4,138
Montreuil-la-Cambe,70,0,70
Les Monts d'Andaine,1779,34,1813
Monts-sur-Orne,909,14,923
Montsecret-Clairefougère,665,9,674
Mortagne-au-Perche,3818,295,4113
Mortrée,1175,29,1204
La Motte-Fouquet,161,2,163
Moulins-la-Marche,732,11,743
Moulins-sur-Orne,311,9,320
Moutiers-au-Perche,390,8,398
Neauphe-sous-Essai,211,1,212
Neauphe-sur-Dive,136,8,144
Nécy,519,11,530
Neuilly-le-Bisson,303,5,308
Neuville-sur-Touques,226,2,228
Neuvy-au-Houlme,208,4,212
Nonant-le-Pin,498,39,537
Occagnes,655,17,672
Ommoy,124,3,127
L' Orée-d'Écouves,737,15,752
Orgères,165,5,170
Origny-le-Roux,266,7,273
Pacé,389,6,395
Parfondeval,111,2,113
Le Pas-Saint-l'Homer,133,2,135
Passais Villages,1191,15,1206
Perche en Nocé,2066,64,2130
Perrou,295,6,301
Pervenchères,344,11,355
Le Pin-au-Haras,276,5,281
Le Pin-la-Garenne,653,11,664
Planches,189,3,192
Le Plantis,147,2,149
Pointel,330,59,389
Pontchardon,180,4,184
Pouvrai,107,7,114
Putanges-le-Lac,2181,34,2215
Rai,1425,27,1452
Rânes,1045,13,1058
Rémalard en Perche,1950,43,1993
Le Renouard,202,6,208
Résenlieu,171,3,174
Réveillon,374,6,380
Ri,167,4,171
Rives d'Andaine,3054,112,3166
La Roche-Mabile,157,8,165
Roiville,131,3,134
Rônai,171,5,176
Rouperroux,188,3,191
Sablons sur Huisne,2142,29,2171
Sai,222,6,228
Saint-Agnan-sur-Sarthe,104,2,106
Saint-André-de-Briouze,179,6,185
Saint-André-de-Messei,572,15,587
Saint-Aquilin-de-Corbion,67,3,70
Saint-Aubin-d'Appenai,403,11,414
Saint-Aubin-de-Bonneval,135,3,138
Saint-Aubin-de-Courteraie,132,1,133
Saint-Bômer-les-Forges,1040,35,1075
Saint-Brice,153,2,155
Saint-Brice-sous-Rânes,136,2,138
Saint-Céneri-le-Gérei,120,8,128
Saint-Christophe-de-Chaulieu,97,4,101
Saint-Clair-de-Halouze,863,18,881
Saint-Cyr-la-Rosière,232,4,236
Saint-Denis-sur-Huisne,56,5,61
Saint-Denis-sur-Sarthon,1122,21,1143
Saint-Ellier-les-Bois,248,2,250
Saint-Evroult-de-Montfort,340,8,348
Saint-Evroult-Notre-Dame-du-Bois,454,32,486
Saint-Fraimbault,539,18,557
Saint-Fulgent-des-Ormes,162,2,164
Saint-Georges-d'Annebecq,147,1,148
Saint-Georges-des-Groseillers,3196,115,3311
Saint-Germain-d'Aunay,146,4,150
Saint-Germain-de-Clairefeuille,146,5,151
Saint-Germain-de-la-Coudre,755,27,782
Saint-Germain-de-Martigny,76,5,81
Saint-Germain-des-Grois,238,7,245
Saint-Germain-du-Corbéis,3798,132,3930
Saint-Germain-le-Vieux,59,1,60
Saint-Gervais-des-Sablons,72,3,75
Saint-Gervais-du-Perron,372,7,379
Saint-Gilles-des-Marais,111,0,111
Saint-Hilaire-de-Briouze,313,8,321
Saint-Hilaire-le-Châtel,641,29,670
Saint-Hilaire-sur-Erre,529,11,540
Saint-Hilaire-sur-Risle,316,4,320
Saint-Jouin-de-Blavou,282,9,291
Saint-Julien-sur-Sarthe,677,15,692
Saint-Lambert-sur-Dive,149,4,153
Saint-Langis-lès-Mortagne,911,19,930
Saint-Léger-sur-Sarthe,346,6,352
Saint-Léonard-des-Parcs,75,1,76
Saint-Mard-de-Réno,429,11,440
Saint-Mars-d'Égrenne,677,23,700
Saint-Martin-d'Écublei,651,20,671
Saint-Martin-des-Landes,216,6,222
Saint-Martin-des-Pézerits,138,2,140
Saint-Martin-du-Vieux-Bellême,577,17,594
Saint-Martin-l'Aiguillon,195,4,199
Saint-Michel-Tubœuf,642,19,661
Saint-Nicolas-de-Sommaire,270,4,274
Saint-Nicolas-des-Bois,285,8,293
Saint-Ouen-de-Sécherouvre,175,5,180
Saint-Ouen-le-Brisoult,123,4,127
Saint-Ouen-sur-Iton,825,31,856
Saint-Patrice-du-Désert,199,4,203
Saint-Paul,680,15,695
Saint-Philbert-sur-Orne,114,3,117
Saint-Pierre-d'Entremont,687,10,697
Saint-Pierre-des-Loges,156,5,161
Saint-Pierre-du-Regard,1422,19,1441
Saint-Pierre-la-Bruyère,438,6,444
Saint-Quentin-de-Blavou,71,1,72
Saint-Quentin-les-Chardonnets,337,7,344
Saint-Roch-sur-Égrenne,178,0,178
Saint-Sauveur-de-Carrouges,247,7,254
Saint-Sulpice-sur-Risle,1672,47,1719
Saint-Symphorien-des-Bruyères,493,8,501
Sainte-Céronne-lès-Mortagne,249,8,257
Sainte-Gauburge-Sainte-Colombe,1077,25,1102
Sainte-Honorine-la-Chardonne,725,13,738
Sainte-Honorine-la-Guillaume,334,9,343
Sainte-Marguerite-de-Carrouges,224,7,231
Sainte-Marie-la-Robert,85,0,85
Sainte-Opportune,244,2,246
Sainte-Scolasse-sur-Sarthe,623,15,638
Saires-la-Verrerie,305,6,311
Le Sap-André,118,3,121
Sap-en-Auge,968,10,978
Sarceaux,1050,34,1084
Sées,4179,446,4625
La Selle-la-Forge,1466,38,1504
Semallé,352,11,363
Sévigny,308,12,320
Sevrai,256,5,261
Soligny-la-Trappe,674,14,688
Suré,280,8,288
Tanques,157,5,162
Tanville,228,5,233
Tellières-le-Plessis,75,3,78
Tessé-Froulay,389,9,398
Ticheville,205,7,212
Tinchebray-Bocage,4933,91,5024
Torchamp,295,3,298
Touquettes,91,2,93
Tournai-sur-Dive,307,1,308
Tourouvre au Perche,3127,55,3182
Trémont,120,4,124
La Trinité-des-Laitiers,66,6,72
Trun,1245,66,1311
Val-au-Perche,3620,76,3696
Valframbert,1779,29,1808
Vaunoise,101,4,105
Les Ventes-de-Bourse,154,3,157
La Ventrouze,126,4,130
Verrières,423,5,428
Vidai,96,0,96
Vieux-Pont,198,4,202
Villedieu-lès-Bailleul,215,6,221
Villiers-sous-Mortagne,284,5,289
Vimoutiers,3332,96,3428
Vitrai-sous-Laigle,232,4,236
Les Yveteaux,103,3,106
Ablain-Saint-Nazaire,1772,32,1804
Ablainzevelle,222,4,226
Acheville,627,23,650
Achicourt,7799,104,7903
Achiet-le-Grand,988,5,993
Achiet-le-Petit,303,4,307
Acq,769,5,774
Acquin-Westbécourt,833,5,838
Adinfer,259,5,264
Affringues,239,0,239
Agnez-lès-Duisans,653,16,669
Agnières,249,4,253
Agny,1929,29,1958
Aire-sur-la-Lys,9871,257,10128
Airon-Notre-Dame,223,2,225
Airon-Saint-Vaast,186,5,191
Aix-en-Ergny,189,1,190
Aix-en-Issart,263,5,268
Aix-Noulette,3906,43,3949
Alembon,630,11,641
Alette,386,1,387
Alincthun,330,4,334
Allouagne,2925,30,2955
Alquines,999,12,1011
Ambleteuse,1843,39,1882
Ambricourt,112,2,114
Ambrines,239,0,239
Ames,636,8,644
Amettes,475,1,476
Amplier,302,4,306
Andres,1564,9,1573
Angres,4526,57,4583
Annay,4337,27,4364
Annequin,2201,14,2215
Annezin,5898,46,5944
Anvin,772,24,796
Anzin-Saint-Aubin,2742,86,2828
Ardres,4405,70,4475
Arleux-en-Gohelle,856,17,873
Arques,9753,129,9882
Arras,41019,794,41813
Athies,1014,13,1027
Les Attaques,1978,26,2004
Attin,729,9,738
Aubigny-en-Artois,1459,26,1485
Aubin-Saint-Vaast,759,13,772
Aubrometz,152,1,153
Auchel,10291,53,10344
Auchy-au-Bois,504,2,506
Auchy-lès-Hesdin,1571,16,1587
Auchy-les-Mines,4726,39,4765
Audembert,432,12,444
Audincthun,664,6,670
Audinghen,582,7,589
Audrehem,562,12,574
Audresselles,649,5,654
Audruicq,5412,53,5465
Aumerval,198,5,203
Autingues,291,8,299
Auxi-le-Château,2639,24,2663
Averdoingt,293,7,300
Avesnes,52,1,53
Avesnes-le-Comte,1902,30,1932
Avesnes-lès-Bapaume,162,2,164
Avion,17622,140,17762
Avondance,38,2,40
Avroult,607,4,611
Ayette,324,7,331
Azincourt,307,4,311
Bailleul-aux-Cornailles,263,5,268
Bailleul-lès-Pernes,422,7,429
Bailleul-Sir-Berthoult,1412,17,1429
Bailleulmont,240,2,242
Bailleulval,240,8,248
Baincthun,1291,30,1321
Bainghen,227,1,228
Bajus,365,6,371
Balinghem,1169,10,1179
Bancourt,87,0,87
Bapaume,3887,315,4202
Baralle,480,11,491
Barastre,307,4,311
Barlin,7661,43,7704
Barly,221,5,226
Basseux,137,5,142
Bavincourt,378,7,385
Bayenghem-lès-Éperlecques,1009,22,1031
Bayenghem-lès-Seninghem,324,6,330
Bazinghen,393,13,406
Béalencourt,130,5,135
Beaudricourt,90,1,91
Beaufort-Blavincourt,397,7,404
Beaulencourt,235,0,235
Beaumerie-Saint-Martin,397,4,401
Beaumetz-lès-Aire,239,1,240
Beaumetz-lès-Cambrai,581,4,585
Beaumetz-lès-Loges,999,15,1014
Beaurains,5662,67,5729
Beaurainville,2095,28,2123
Beauvoir-Wavans,380,10,390
Beauvois,142,1,143
Bécourt,272,3,275
Béhagnies,126,2,128
Belle-et-Houllefort,560,18,578
Bellebrune,400,7,407
Bellinghem,1070,23,1093
Bellonne,211,7,218
Bénifontaine,356,9,365
Berck,14189,330,14519
Bergueneuse,218,1,219
Berlencourt-le-Cauroy,275,81,356
Berles-au-Bois,515,8,523
Berles-Monchel,488,14,502
Bermicourt,165,4,169
Berneville,480,18,498
Bernieulles,184,1,185
Bertincourt,918,15,933
Béthonsart,147,4,151
Béthune,24895,333,25228
Beugin,471,7,478
Beugnâtre,170,3,173
Beugny,376,4,380
Beussent,548,3,551
Beutin,466,11,477
Beuvrequen,457,13,470
Beuvry,9442,175,9617
Bezinghem,363,10,373
Biache-Saint-Vaast,4083,32,4115
Biefvillers-lès-Bapaume,94,2,96
Bienvillers-au-Bois,643,13,656
Bihucourt,351,3,354
Billy-Berclau,4624,37,4661
Billy-Montigny,8150,42,8192
Bimont,114,2,116
Blairville,314,3,317
Blangerval-Blangermont,106,1,107
Blangy-sur-Ternoise,720,13,733
Blendecques,5002,133,5135
Bléquin,519,4,523
Blessy,870,13,883
Blingel,166,1,167
Boffles,50,1,51
Boiry-Becquerelle,447,8,455
Boiry-Notre-Dame,454,6,460
Boiry-Saint-Martin,277,0,277
Boiry-Sainte-Rictrude,406,4,410
Bois-Bernard,827,9,836
Boisdinghem,249,8,257
Boisjean,505,7,512
Boisleux-au-Mont,517,10,527
Boisleux-Saint-Marc,251,3,254
Bomy,631,7,638
Bonnières,674,14,688
Bonningues-lès-Ardres,656,14,670
Bonningues-lès-Calais,565,13,578
Boubers-lès-Hesmond,88,3,91
Boubers-sur-Canche,589,13,602
Bouin-Plumoison,494,9,503
Boulogne-sur-Mer,40874,446,41320
Bouquehault,765,4,769
Bourecq,639,2,641
Bouret-sur-Canche,256,3,259
Bourlon,1156,18,1174
Bournonville,240,5,245
Bours,617,7,624
Boursin,255,4,259
Bourthes,853,12,865
Bouvelinghem,219,5,224
Bouvigny-Boyeffles,2403,90,2493
Boyaval,133,2,135
Boyelles,358,3,361
Brebières,5023,60,5083
Brêmes,1290,13,1303
Brévillers,158,5,163
Bréxent-Énocq,681,12,693
Brias,294,6,300
Brimeux,847,21,868
Bruay-la-Buissière,21831,436,22267
Brunembert,418,7,425
Bucquoy,1461,91,1552
Buire-au-Bois,230,7,237
Buire-le-Sec,777,10,787
Buissy,263,3,266
Bullecourt,236,1,237
Bully-les-Mines,12163,71,12234
Buneville,180,2,182
Burbure,2865,30,2895
Bus,126,2,128
Busnes,1290,23,1313
Caffiers,749,3,752
Cagnicourt,432,7,439
Calais,73911,670,74581
Calonne-Ricouart,5454,33,5487
Calonne-sur-la-Lys,1545,19,1564
La Calotterie,643,7,650
Camblain-Châtelain,1764,17,1781
Camblain-l'Abbé,650,129,779
Cambligneul,337,10,347
Cambrin,1244,15,1259
Camiers,2717,43,2760
Campagne-lès-Boulonnais,634,97,731
Campagne-lès-Guines,445,11,456
Campagne-lès-Hesdin,1920,36,1956
Campagne-lès-Wardrecques,1243,36,1279
Campigneulles-les-Grandes,299,18,317
Campigneulles-les-Petites,552,21,573
Canettemont,70,1,71
Canlers,159,10,169
Capelle-Fermont,217,4,221
La Capelle-lès-Boulogne,1629,38,1667
Capelle-lès-Hesdin,485,11,496
Carency,750,10,760
Carly,551,10,561
Carvin,17124,111,17235
La Cauchie,211,2,213
Cauchy-à-la-Tour,2814,15,2829
Caucourt,346,7,353
Caumont,162,4,166
Cavron-Saint-Martin,457,6,463
Chelers,259,7,266
Chériennes,155,2,157
Chérisy,293,7,300
Chocques,2881,27,2908
Clairmarais,624,11,635
Clenleu,195,3,198
Clerques,327,3,330
Cléty,772,16,788
Colembert,942,13,955
Colline-Beaumont,137,5,142
La Comté,935,16,951
Conchil-le-Temple,1135,14,1149
Conchy-sur-Canche,216,4,220
Condette,2506,91,2597
Contes,331,8,339
Conteville-en-Ternois,91,1,92
Conteville-lès-Boulogne,478,14,492
Coquelles,2611,37,2648
Corbehem,2366,18,2384
Cormont,319,5,324
Couin,113,1,114
Coullemont,122,3,125
Coulogne,5372,209,5581
Coulomby,737,7,744
Coupelle-Neuve,161,0,161
Coupelle-Vieille,601,11,612
Courcelles-le-Comte,461,7,468
Courcelles-lès-Lens,7774,39,7813
Courrières,10512,98,10610
Courset,515,191,706
La Couture,2764,72,2836
Couturelle,65,2,67
Coyecques,606,16,622
Crémarest,786,4,790
Crépy,149,3,152
Créquy,485,8,493
Croisette,278,5,283
Croisilles,1929,26,1955
Croix-en-Ternois,322,3,325
Cucq,5121,90,5211
Cuinchy,1741,16,1757
Dainville,5646,107,5753
Dannes,1316,5,1321
Delettes,1178,16,1194
Denier,86,1,87
Dennebrœucq,389,6,395
Desvres,4985,39,5024
Diéval,750,6,756
Divion,6978,39,7017
Dohem,828,17,845
Douchy-lès-Ayette,308,2,310
Doudeauville,600,10,610
Dourges,5891,40,5931
Douriez,326,7,333
Douvrin,5407,42,5449
Drocourt,2936,12,2948
Drouvin-le-Marais,594,17,611
Duisans,1309,124,1433
Dury,350,5,355
Echinghen,390,6,396
Éclimeux,176,0,176
Écoivres,131,0,131
Écourt-Saint-Quentin,1672,16,1688
Écoust-Saint-Mein,491,8,499
Ecquedecques,513,3,516
Ecques,2139,47,2186
Écuires,717,21,738
Écurie,386,6,392
Éleu-dit-Leauwette,2920,33,2953
Elnes,914,15,929
Embry,239,5,244
Enquin-lez-Guinegatte,1616,26,1642
Enquin-sur-Baillons,280,1,281
Éperlecques,3640,44,3684
Épinoy,546,10,556
Eps,250,5,255
Équihen-Plage,2738,35,2773
Équirre,76,1,77
Ergny,233,2,235
Érin,234,5,239
Erny-Saint-Julien,325,4,329
Ervillers,399,3,402
Escalles,228,9,237
Escœuilles,479,10,489
Esquerdes,1629,20,1649
Essars,1725,19,1744
Estevelles,2044,11,2055
Estrée,290,6,296
Estrée-Blanche,951,6,957
Estrée-Cauchy,373,2,375
Estrée-Wamin,172,3,175
Estréelles,352,9,361
Étaing,450,3,453
Étaples,10865,98,10963
Éterpigny,258,3,261
Étrun,314,8,322
Évin-Malmaison,4551,17,4568
Famechon,120,3,123
Fampoux,1181,21,1202
Farbus,557,14,571
Fauquembergues,984,15,999
Favreuil,237,5,242
Febvin-Palfart,600,4,604
Ferfay,912,11,923
Ferques,1802,14,1816
Festubert,1313,20,1333
Feuchy,1028,20,1048
Ficheux,523,4,527
Fiefs,385,6,391
Fiennes,891,8,899
Fillièvres,509,5,514
Fléchin,479,7,486
Flers,225,5,230
Fleurbaix,2732,55,2787
Fleury,122,1,123
Floringhem,898,7,905
Foncquevillers,435,9,444
Fontaine-l'Étalon,102,0,102
Fontaine-lès-Boulans,100,1,101
Fontaine-lès-Croisilles,278,2,280
Fontaine-lès-Hermans,108,3,111
Fortel-en-Artois,211,2,213
Fosseux,136,3,139
Foufflin-Ricametz,160,2,162
Fouquereuil,1570,12,1582
Fouquières-lès-Béthune,1060,20,1080
Fouquières-lès-Lens,6362,38,6400
Framecourt,105,2,107
Frémicourt,244,6,250
Frencq,843,18,861
Fresnes-lès-Montauban,572,7,579
Fresnicourt-le-Dolmen,772,8,780
Fresnoy,69,1,70
Fresnoy-en-Gohelle,214,5,219
Fressin,575,10,585
Fréthun,1322,14,1336
Frévent,3570,58,3628
Frévillers,239,3,242
Frévin-Capelle,380,9,389
Fruges,2371,240,2611
Galametz,199,0,199
Gauchin-Légal,321,10,331
Gauchin-Verloingt,838,35,873
Gaudiempré,199,0,199
Gavrelle,627,14,641
Gennes-Ivergny,128,1,129
Givenchy-en-Gohelle,1947,43,1990
Givenchy-le-Noble,150,3,153
Givenchy-lès-la-Bassée,1012,11,1023
Gomiécourt,156,8,164
Gommecourt,96,1,97
Gonnehem,2536,36,2572
Gosnay,951,7,958
Gouves,197,4,201
Gouy-en-Artois,330,8,338
Gouy-en-Ternois,133,2,135
Gouy-Saint-André,643,13,656
Gouy-Servins,344,2,346
Gouy-sous-Bellonne,1368,19,1387
Graincourt-lès-Havrincourt,638,8,646
Grand-Rullecourt,410,5,415
Grenay,6932,40,6972
Grévillers,365,10,375
Grigny,296,1,297
Grincourt-lès-Pas,30,2,32
Groffliers,1508,46,1554
Guarbecque,1425,14,1439
Guémappe,336,8,344
Guemps,1092,21,1113
Guigny,139,4,143
Guinecourt,17,1,18
Guînes,5626,77,5703
Guisy,270,12,282
Habarcq,676,14,690
Haillicourt,4886,37,4923
Haisnes,4337,26,4363
Halinghen,325,6,331
Hallines,1195,20,1215
Halloy,217,2,219
Ham-en-Artois,992,13,1005
Hamblain-les-Prés,504,4,508
Hamelincourt,255,5,260
Hames-Boucres,1469,18,1487
Hannescamps,196,3,199
Haplincourt,184,6,190
Haravesnes,50,0,50
Hardinghen,1210,6,1216
Harnes,12354,96,12450
Haucourt,238,2,240
Haut-Loquin,185,1,186
Haute-Avesnes,445,9,454
Hautecloque,218,1,219
Hauteville,316,8,324
Havrincourt,403,11,414
Hébuterne,524,6,530
Helfaut,1697,30,1727
Hendecourt-lès-Cagnicourt,312,11,323
Hendecourt-lès-Ransart,135,4,139
Hénin-Beaumont,26022,363,26385
Hénin-sur-Cojeul,527,7,534
Héninel,177,5,182
Henneveux,300,6,306
Hénu,164,2,166
Herbinghen,378,8,386
Héricourt,95,3,98
La Herlière,149,5,154
Herlin-le-Sec,171,3,174
Herlincourt,104,8,112
Herly,313,7,320
Hermaville,540,8,548
Hermelinghen,422,3,425
Hermies,1180,21,1201
Hermin,213,2,215
Hernicourt,567,5,572
Hersin-Coupigny,6245,42,6287
Hervelinghen,232,6,238
Hesdigneul-lès-Béthune,822,17,839
Hesdigneul-lès-Boulogne,677,23,700
Hesdin,2225,12,2237
Hesdin-l'Abbé,1863,26,1889
Hesmond,165,6,171
Hestrus,243,1,244
Heuchin,529,11,540
Heuringhem,1339,33,1372
Hézecques,122,0,122
Hinges,2452,49,2501
Hocquinghen,112,1,113
Houchin,718,12,730
Houdain,7246,61,7307
Houlle,1127,12,1139
Houvin-Houvigneul,232,4,236
Hubersent,269,7,276
Huby-Saint-Leu,886,10,896
Huclier,137,5,142
Hucqueliers,464,37,501
Hulluch,3448,31,3479
Humbercamps,218,0,218
Humbert,232,1,233
Humerœuille,176,0,176
Humières,229,2,231
Inchy-en-Artois,624,9,633
Incourt,86,2,88
Inxent,162,6,168
Isbergues,8845,78,8923
Isques,1153,22,1175
Ivergny,259,2,261
Izel-lès-Équerchin,1011,10,1021
Izel-lès-Hameau,727,15,742
Journy,287,5,292
Labeuvrière,1645,14,1659
Labourse,2847,22,2869
Labroye,165,3,168
Lacres,247,2,249
Lagnicourt-Marcel,331,4,335
Laires,364,1,365
Lambres,1061,14,1075
Landrethun-le-Nord,1299,10,1309
Landrethun-lès-Ardres,753,20,773
Lapugnoy,3459,30,3489
Lattre-Saint-Quentin,267,3,270
Laventie,4994,81,5075
Lebiez,250,2,252
Lebucquière,234,3,237
Léchelle,49,1,50
Ledinghem,338,1,339
Lefaux,238,6,244
Leforest,7167,48,7215
Lens,31415,199,31614
Lépine,273,8,281
Lespesses,405,3,408
Lespinoy,222,2,224
Lestrem,4532,69,4601
Leubringhen,295,8,303
Leulinghem,252,6,258
Leulinghen-Bernes,470,5,475
Libercourt,8355,43,8398
Licques,1631,19,1650
Liencourt,291,2,293
Lières,380,10,390
Liettres,327,4,331
Liévin,30785,369,31154
Lignereuil,137,1,138
Ligny-lès-Aire,598,15,613
Ligny-Saint-Flochel,258,3,261
Ligny-sur-Canche,194,6,200
Ligny-Thilloy,532,17,549
Lillers,9931,83,10014
Linghem,205,6,211
Linzeux,153,3,156
Lisbourg,591,8,599
Locon,2465,36,2501
La Loge,201,4,205
Loison-sous-Lens,5410,47,5457
Loison-sur-Créquoise,266,2,268
Longfossé,1452,16,1468
Longuenesse,11023,540,11563
Longueville,138,2,140
Longvilliers,247,6,253
Loos-en-Gohelle,6751,57,6808
Lorgies,1586,18,1604
Lottinghen,545,9,554
Louches,960,14,974
Lozinghem,1262,14,1276
Lugy,147,3,150
Lumbres,3626,75,3701
La Madelaine-sous-Montreuil,161,8,169
Magnicourt-en-Comte,649,10,659
Magnicourt-sur-Canche,117,4,121
Maintenay,426,8,434
Maisnil,242,3,245
Maisnil-lès-Ruitz,1680,14,1694
Maisoncelle,125,4,129
Maizières,193,4,197
Mametz,1997,31,2028
Manin,185,1,186
Maninghem,151,0,151
Maninghen-Henne,314,15,329
Marant,66,1,67
Marck,10676,143,10819
Marconne,1093,63,1156
Marconnelle,1134,22,1156
Marenla,243,2,245
Maresquel-Ecquemicourt,986,8,994
Marest,285,6,291
Maresville,102,0,102
Marles-les-Mines,5579,29,5608
Marles-sur-Canche,299,4,303
Marquay,179,1,180
Marquion,976,14,990
Marquise,5088,60,5148
Martinpuich,196,1,197
Marœuil,2464,63,2527
Matringhem,185,2,187
Mazingarbe,8053,50,8103
Mazinghem,474,8,482
Mencas,77,0,77
Menneville,700,19,719
Mentque-Nortbécourt,651,9,660
Mercatel,697,7,704
Merck-Saint-Liévin,656,6,662
Méricourt,11363,75,11438
Merlimont,3348,66,3414
Metz-en-Couture,664,11,675
Meurchin,3786,24,3810
Mingoval,230,5,235
Moncheaux-lès-Frévent,139,0,139
Monchel-sur-Canche,90,0,90
Monchiet,96,2,98
Monchy-au-Bois,561,15,576
Monchy-Breton,476,11,487
Monchy-Cayeux,300,3,303
Monchy-le-Preux,651,36,687
Mondicourt,592,9,601
Mont-Bernanchon,1359,22,1381
Mont-Saint-Éloi,1023,20,1043
Montcavrel,413,5,418
Montenescourt,460,6,466
Montigny-en-Gohelle,10198,60,10258
Montreuil,2014,130,2144
Monts-en-Ternois,63,0,63
Morchies,210,3,213
Moringhem,558,8,566
Morval,94,2,96
Mory,309,3,312
Moulle,1117,28,1145
Mouriez,249,5,254
Moyenneville,272,3,275
Muncq-Nieurlet,734,7,741
Nabringhen,212,6,218
Nédon,153,3,156
Nédonchel,282,5,287
Nempont-Saint-Firmin,198,2,200
Nesles,953,18,971
Neufchâtel-Hardelot,3746,74,3820
Neulette,28,0,28
Neuve-Chapelle,1440,12,1452
Neuville-au-Cornet,71,2,73
Neuville-Bourjonval,168,1,169
Neuville-Saint-Vaast,1526,29,1555
Neuville-sous-Montreuil,650,9,659
Neuville-Vitasse,505,8,513
Neuvireuil,574,12,586
Nielles-lès-Ardres,557,14,571
Nielles-lès-Bléquin,847,9,856
Nielles-lès-Calais,281,5,286
Nordausques,1273,14,1287
Noreuil,160,2,162
Norrent-Fontes,1398,23,1421
Nort-Leulinghem,234,3,237
Nortkerque,1613,25,1638
Nouvelle-Église,679,8,687
Noyelle-Vion,294,5,299
Noyelles-Godault,5973,34,6007
Noyelles-lès-Humières,53,2,55
Noyelles-lès-Vermelles,2401,15,2416
Noyelles-sous-Bellonne,812,17,829
Noyelles-sous-Lens,6561,46,6607
Noyellette,173,1,174
Nuncq-Hautecôte,476,7,483
Nœux-lès-Auxi,179,2,181
Nœux-les-Mines,12074,72,12146
Oblinghem,379,2,381
Offekerque,1167,19,1186
Offin,207,2,209
Offrethun,264,13,277
Oignies,9767,50,9817
Oisy-le-Verger,1217,14,1231
Oppy,399,9,408
Orville,402,8,410
Ostreville,239,3,242
Ourton,769,9,778
Outreau,13422,174,13596
Ouve-Wirquin,506,7,513
Oye-Plage,5373,82,5455
Palluel,563,3,566
Le Parcq,776,16,792
Parenty,520,10,530
Pas-en-Artois,762,10,772
Pelves,740,7,747
Penin,474,4,478
Pernes,1686,28,1714
Pernes-lès-Boulogne,421,19,440
Peuplingues,777,10,787
Pierremont,292,7,299
Pihem,948,24,972
Pihen-lès-Guînes,499,7,506
Pittefaux,124,13,137
Planques,81,1,82
Plouvain,454,7,461
Polincove,853,15,868
Pommera,306,4,310
Pommier,232,4,236
Le Ponchel,207,6,213
Pont-à-Vendin,3187,17,3204
Le Portel,9240,103,9343
Prédefin,190,2,192
Pressy,317,5,322
Preures,605,7,612
Pronville-en-Artois,324,4,328
Puisieux,661,5,666
Quéant,657,10,667
Quelmes,576,10,586
Quercamps,269,2,271
Quernes,458,7,465
Le Quesnoy-en-Artois,347,5,352
Quesques,676,3,679
Questrecques,307,9,316
Quiéry-la-Motte,737,13,750
Quiestède,614,22,636
Quilen,60,0,60
Quœux-Haut-Maînil,257,1,258
Racquinghem,2276,34,2310
Radinghem,275,163,438
Ramecourt,382,11,393
Rang-du-Fliers,4171,118,4289
Ransart,404,2,406
Raye-sur-Authie,250,4,254
Rebergues,375,4,379
Rebreuve-Ranchicourt,1074,22,1096
Rebreuve-sur-Canche,194,0,194
Rebreuviette,268,3,271
Reclinghem,241,2,243
Récourt,211,0,211
Recques-sur-Course,279,5,284
Recques-sur-Hem,631,14,645
Regnauville,213,1,214
Rely,454,2,456
Remilly-Wirquin,349,6,355
Rémy,395,6,401
Renty,624,20,644
Rety,2096,16,2112
Richebourg,2622,56,2678
Riencourt-lès-Bapaume,35,1,36
Riencourt-lès-Cagnicourt,262,5,267
Rimboval,142,0,142
Rinxent,3001,30,3031
Rivière,1123,27,1150
Robecq,1359,23,1382
Roclincourt,782,19,801
Rocquigny,285,0,285
Rodelinghem,528,6,534
Roëllecourt,538,10,548
Rollancourt,307,39,346
Rombly,46,2,48
Roquetoire,1944,49,1993
Rougefay,86,3,89
Roussent,241,0,241
Rouvroy,8738,37,8775
Royon,135,0,135
Ruisseauville,199,5,204
Ruitz,1583,34,1617
Rumaucourt,685,12,697
Rumilly,254,5,259
Ruminghem,1650,23,1673
Ruyaulcourt,294,3,297
Rœux,1446,20,1466
Sachin,345,5,350
Sailly-au-Bois,309,1,310
Sailly-en-Ostrevent,722,11,733
Sailly-Labourse,2336,17,2353
Sailly-sur-la-Lys,3982,72,4054
Sains-en-Gohelle,6145,38,6183
Sains-lès-Fressin,162,4,166
Sains-lès-Marquion,322,3,325
Sains-lès-Pernes,292,9,301
Saint-Amand,122,3,125
Saint-Aubin,264,6,270
Saint-Augustin,805,13,818
Saint-Denœux,160,0,160
Saint-Étienne-au-Mont,5076,64,5140
Saint-Floris,592,15,607
Saint-Folquin,2248,39,2287
Saint-Georges,326,6,332
Saint-Hilaire-Cottes,807,9,816
Saint-Inglevert,783,9,792
Saint-Josse,1136,26,1162
Saint-Laurent-Blangy,6606,64,6670
Saint-Léger,450,4,454
Saint-Léonard,3452,53,3505
Saint-Martin-Boulogne,11204,186,11390
Saint-Martin-Choquel,482,8,490
Saint-Martin-d'Hardinghem,286,3,289
Saint-Martin-lez-Tatinghem,5906,136,6042
Saint-Martin-sur-Cojeul,210,4,214
Saint-Michel-sous-Bois,119,5,124
Saint-Michel-sur-Ternoise,878,15,893
Saint-Nicolas,4738,50,4788
Saint-Omer,14782,688,15470
Saint-Omer-Capelle,1095,12,1107
Saint-Pol-sur-Ternoise,4971,174,5145
Saint-Rémy-au-Bois,101,2,103
Saint-Tricat,760,14,774
Saint-Venant,3027,85,3112
Sainte-Austreberthe,401,9,410
Sainte-Catherine,3511,56,3567
Sainte-Marie-Kerque,1648,30,1678
Sallaumines,9715,37,9752
Salperwick,486,25,511
Samer,4496,143,4639
Sangatte,4820,126,4946
Sanghen,329,2,331
Sapignies,196,4,200
Le Sars,180,1,181
Sars-le-Bois,82,1,83
Sarton,183,0,183
Sauchy-Cauchy,364,4,368
Sauchy-Lestrée,455,3,458
Saudemont,449,8,457
Saulchoy,317,1,318
Saulty,765,12,777
Savy-Berlette,916,183,1099
Selles,333,3,336
Sempy,325,3,328
Seninghem,722,17,739
Senlecques,269,1,270
Senlis,163,4,167
Séricourt,54,0,54
Serques,1148,32,1180
Servins,1093,12,1105
Setques,608,6,614
Sibiville,111,2,113
Simencourt,557,12,569
Siracourt,269,3,272
Sombrin,240,7,247
Sorrus,817,13,830
Souastre,379,3,382
Souchez,2496,35,2531
Le Souich,154,1,155
Surques,640,5,645
Sus-Saint-Léger,376,2,378
Tangry,252,1,253
Tardinghen,151,4,155
Teneur,260,0,260
Ternas,137,3,140
Thélus,1204,36,1240
Thérouanne,1115,24,1139
Thiembronne,834,7,841
La Thieuloye,493,2,495
Thièvres,123,1,124
Tigny-Noyelle,174,0,174
Tilloy-lès-Hermaville,223,5,228
Tilloy-lès-Mofflaines,1434,116,1550
Tilly-Capelle,159,1,160
Tilques,1099,30,1129
Tincques,825,16,841
Tingry,290,7,297
Tollent,91,3,94
Torcy,165,5,170
Tortefontaine,222,5,227
Tortequesne,826,8,834
Le Touquet-Paris-Plage,4223,239,4462
Tournehem-sur-la-Hem,1436,17,1453
Tramecourt,60,0,60
Le Transloy,411,3,414
Trescault,178,2,180
Troisvaux,279,7,286
Tubersent,538,3,541
Vacquerie-le-Boucq,84,2,86
Vacqueriette-Erquières,253,4,257
Valhuon,569,19,588
Vaudricourt,971,26,997
Vaudringhem,532,8,540
Vaulx,90,3,93
Vaulx-Vraucourt,1018,9,1027
Vélu,135,0,135
Vendin-le-Vieil,8608,42,8650
Vendin-lès-Béthune,2443,24,2467
Verchin,241,5,246
Verchocq,645,14,659
Verlincthun,444,5,449
Vermelles,4726,39,4765
Verquigneul,1929,23,1952
Verquin,3452,34,3486
Verton,2425,56,2481
Vieil-Hesdin,356,6,362
Vieil-Moutier,386,10,396
Vieille-Chapelle,778,16,794
Vieille-Église,1382,14,1396
Villers-au-Bois,568,11,579
Villers-au-Flos,272,2,274
Villers-Brûlin,365,4,369
Villers-Châtel,135,11,146
Villers-l'Hôpital,265,4,269
Villers-lès-Cagnicourt,264,5,269
Villers-Sir-Simon,118,3,121
Vimy,4265,77,4342
Vincly,158,3,161
Violaines,3667,30,3697
Vis-en-Artois,654,15,669
Vitry-en-Artois,4677,49,4726
Waben,431,15,446
Wacquinghen,262,7,269
Wail,262,6,268
Wailly,1099,32,1131
Wailly-Beaucamp,1004,19,1023
Wambercourt,245,5,250
Wamin,237,5,242
Wancourt,649,10,659
Wanquetin,719,15,734
Wardrecques,1333,23,1356
Warlencourt-Eaucourt,138,2,140
Warlincourt-lès-Pas,174,5,179
Warlus,377,7,384
Warluzel,232,3,235
Le Wast,206,3,209
Wavrans-sur-l'Aa,1270,35,1305
Wavrans-sur-Ternoise,201,0,201
Westrehem,244,1,245
Wicquinghem,252,3,255
Widehem,244,1,245
Wierre-au-Bois,226,0,226
Wierre-Effroy,857,19,876
Willeman,188,1,189
Willencourt,134,2,136
Willerval,651,20,671
Wimereux,6575,168,6743
Wimille,4083,80,4163
Wingles,8770,60,8830
Wirwignes,746,21,767
Wismes,491,9,500
Wisques,226,9,235
Wissant,939,18,957
Witternesse,587,16,603
Wittes,961,12,973
Wizernes,3344,53,3397
Ytres,435,5,440
Zoteux,615,4,619
Zouafques,609,10,619
Zudausques,915,45,960
Zutkerque,1753,21,1774
Œuf-en-Ternois,249,3,252
Aigueperse,2732,31,2763
Aix-la-Fayette,93,0,93
Ambert,6671,252,6923
Les Ancizes-Comps,1610,29,1639
Antoingt,397,4,401
Anzat-le-Luguet,178,2,180
Apchat,166,3,169
Arconsat,604,12,616
Ardes,561,6,567
Arlanc,1892,40,1932
Ars-les-Favets,225,6,231
Artonne,898,17,915
Aubiat,890,12,902
Aubière,10061,150,10211
Aubusson-d'Auvergne,261,4,265
Augerolles,888,19,907
Augnat,172,1,173
Aulhat-Flat,911,31,942
Aulnat,4046,39,4085
Aurières,331,11,342
Authezat,679,8,687
Auzat-la-Combelle,2076,34,2110
Auzelles,364,9,373
Avèze,178,4,182
Ayat-sur-Sioule,145,4,149
Aydat,2373,41,2414
Baffie,112,1,113
Bagnols,440,8,448
Bansat,253,3,256
Bas-et-Lezat,333,6,339
Beaulieu,461,4,465
Beaumont,10787,236,11023
Beaumont-lès-Randan,295,2,297
Beauregard-l'Évêque,1518,28,1546
Beauregard-Vendon,1194,18,1212
Bergonne,339,4,343
Bertignat,455,14,469
Besse-et-Saint-Anastaise,1504,67,1571
Beurières,297,10,307
Billom,4741,84,4825
Biollet,329,6,335
Blanzat,3749,55,3804
Blot-l'Église,421,3,424
Bongheat,427,4,431
Bort-l'Étang,657,4,661
Boudes,287,4,291
La Bourboule,1789,49,1838
Bourg-Lastic,877,26,903
Bouzel,727,7,734
Brassac-les-Mines,3311,119,3430
Brenat,622,13,635
Le Breuil-sur-Couze,1046,93,1139
Briffons,269,12,281
Le Broc,679,16,695
Bromont-Lamothe,976,16,992
Brousse,339,4,343
Le Brugeron,245,6,251
Bulhon,530,9,539
Busséol,218,5,223
Bussières,92,0,92
Bussières-et-Pruns,450,7,457
Buxières-sous-Montaigut,237,3,240
Cébazat,8604,107,8711
Ceilloux,177,5,182
La Celle,84,0,84
Celles-sur-Durolle,1738,23,1761
La Cellette,169,2,171
Le Cendre,5426,57,5483
Ceyrat,6416,134,6550
Ceyssat,693,11,704
Chabreloche,1220,19,1239
Chadeleuf,428,12,440
Chalus,178,0,178
Chamalières,17173,653,17826
Chambaron sur Morge,1749,24,1773
Chambon-sur-Dolore,161,8,169
Chambon-sur-Lac,417,3,420
Champagnat-le-Jeune,149,2,151
Champeix,1360,22,1382
Champétières,272,6,278
Champs,399,8,407
Chanat-la-Mouteyre,941,28,969
Chanonat,1685,39,1724
Chapdes-Beaufort,1100,8,1108
La Chapelle-Agnon,346,12,358
La Chapelle-Marcousse,63,0,63
La Chapelle-sur-Usson,74,0,74
Chappes,1655,27,1682
Chaptuzat,491,8,499
Charbonnier-les-Mines,898,15,913
Charbonnières-les-Varennes,1728,26,1754
Charbonnières-les-Vieilles,1075,20,1095
Charensat,506,4,510
Charnat,210,3,213
Chas,379,7,386
Chassagne,73,0,73
Chastreix,226,8,234
Château-sur-Cher,74,1,75
Châteaugay,3135,55,3190
Châteauneuf-les-Bains,316,4,320
Châtel-Guyon,6152,146,6298
Châteldon,773,12,785
La Chaulme,115,5,120
Chaumont-le-Bourg,231,6,237
Chauriat,1677,18,1695
Chavaroux,477,9,486
Le Cheix,663,14,677
Chidrac,523,12,535
Cisternes-la-Forêt,461,5,466
Clémensat,118,4,122
Clerlande,564,7,571
Clermont-Ferrand,143886,2746,146632
Collanges,158,1,159
Combrailles,218,4,222
Combronde,2206,34,2240
Compains,126,3,129
Condat-en-Combraille,422,7,429
Condat-lès-Montboissier,226,3,229
Corent,747,9,756
Coudes,1249,12,1261
Courgoul,66,1,67
Cournols,242,5,247
Cournon-d'Auvergne,20043,397,20440
Courpière,4050,144,4194
Le Crest,1267,27,1294
Crevant-Laveine,967,14,981
Cros,175,1,176
La Crouzille,262,11,273
Culhat,1130,18,1148
Cunlhat,1248,38,1286
Dauzat-sur-Vodable,80,2,82
Davayat,610,6,616
Domaize,389,8,397
Doranges,159,4,163
Dorat,705,7,712
Dore-l'Église,634,8,642
Durmignat,205,5,210
Durtol,2015,47,2062
Échandelys,258,8,266
Effiat,1119,18,1137
Égliseneuve-d'Entraigues,352,8,360
Égliseneuve-des-Liards,143,7,150
Égliseneuve-près-Billom,799,63,862
Églisolles,261,3,264
Ennezat,2484,52,2536
Entraigues,661,9,670
Enval,1486,29,1515
Escoutoux,1348,40,1388
Espinasse,294,4,298
Espinchal,104,2,106
Espirat,408,5,413
Estandeuil,452,7,459
Esteil,63,1,64
Fayet-le-Château,357,11,368
Fayet-Ronaye,106,6,112
Fernoël,131,2,133
La Forie,321,11,332
Fournols,317,9,326
Gelles,977,48,1025
Gerzat,10365,88,10453
Giat,816,39,855
Gignat,239,5,244
Gimeaux,401,5,406
Glaine-Montaigut,572,13,585
La Godivelle,14,0,14
La Goutelle,626,22,648
Gouttières,342,11,353
Grandeyrolles,53,1,54
Grandrif,186,6,192
Grandval,116,3,119
Herment,245,8,253
Heume-l'Église,105,3,108
Isserteaux,414,10,424
Issoire,14822,404,15226
Job,1018,28,1046
Joze,1101,18,1119
Jozerand,554,14,568
Jumeaux,635,13,648
Labessette,62,0,62
Lachaux,280,3,283
Lamontgie,649,8,657
Landogne,238,4,242
Lapeyrouse,551,12,563
Laps,594,14,608
Laqueuille,369,4,373
Larodde,265,7,272
Lastic,109,2,111
Le Vernet-Chaméane,808,64,872
Lempdes,8409,423,8832
Lempty,389,7,396
Lezoux,6152,73,6225
Limons,754,13,767
Lisseuil,122,1,123
Loubeyrat,1342,20,1362
Ludesse,489,6,495
Lussat,917,17,934
Luzillat,1131,18,1149
Madriat,109,3,112
Malauzat,1145,17,1162
Malintrat,1132,22,1154
Manglieu,468,4,472
Manzat,1371,20,1391
Marat,816,12,828
Marcillat,284,5,289
Mareugheol,198,6,204
Maringues,3154,26,3180
Marsac-en-Livradois,1458,45,1503
Marsat,1360,37,1397
Les Martres-d'Artière,2156,22,2178
Les Martres-de-Veyre,3976,56,4032
Martres-sur-Morge,670,8,678
Mauzun,115,4,119
Mayres,200,5,205
Mazaye,723,11,734
Mazoires,98,3,101
Medeyrolles,118,0,118
Meilhaud,496,9,505
Menat,547,12,559
Ménétrol,1635,25,1660
Messeix,1045,40,1085
Mirefleurs,2436,45,2481
Miremont,298,9,307
Moissat,1225,22,1247
Le Monestier,210,3,213
La Monnerie-le-Montel,1722,32,1754
Mons,538,13,551
Mont-Dore,1278,18,1296
Montaigut,987,8,995
Montaigut-le-Blanc,864,14,878
Montcel,504,7,511
Montel-de-Gelat,438,8,446
Montfermy,228,1,229
Montmorin,722,22,744
Montpensier,447,9,456
Montpeyroux,335,15,350
Moriat,366,9,375
Moureuille,363,5,368
Mozac,3878,64,3942
Mur-sur-Allier,3412,74,3486
Murat-le-Quaire,472,16,488
Murol,588,10,598
Nébouzat,836,14,850
Néronde-sur-Dore,514,8,522
Neschers,834,18,852
Neuf-Église,291,7,298
Neuville,382,7,389
Noalhat,247,5,252
Nohanent,2225,36,2261
Nonette-Orsonnette,575,14,589
Novacelles,145,2,147
Olby,795,10,805
Olliergues,752,20,772
Olloix,315,9,324
Olmet,165,5,170
Orbeil,841,28,869
Orcet,2669,38,2707
Orcines,3388,87,3475
Orcival,243,1,244
Orléat,2157,42,2199
Palladuc,549,13,562
Pardines,279,5,284
Parent,859,16,875
Parentignat,523,19,542
Paslières,1513,36,1549
Pérignat-lès-Sarliève,2680,68,2748
Pérignat-sur-Allier,1509,30,1539
Perpezat,432,6,438
Perrier,888,19,907
Peschadoires,2132,64,2196
Peslières,66,0,66
Pessat-Villeneuve,667,5,672
Picherande,347,6,353
Pignols,338,6,344
Pionsat,1087,21,1108
Plauzat,1667,21,1688
Pont-du-Château,11441,295,11736
Pontaumur,645,114,759
Pontgibaud,756,17,773
Pouzol,276,12,288
Les Pradeaux,337,7,344
Prompsat,429,13,442
Prondines,260,9,269
Pulvérières,406,8,414
Puy-Guillaume,2752,44,2796
Puy-Saint-Gulmier,159,4,163
Le Quartier,214,7,221
Queuille,276,6,282
Randan,1573,16,1589
Ravel,727,14,741
Reignat,389,1,390
La Renaudie,123,4,127
Rentières,113,0,113
Riom,19180,819,19999
Ris,765,8,773
La Roche-Blanche,3422,67,3489
Roche-Charles-la-Mayrand,40,0,40
Roche-d'Agoux,105,1,106
La Roche-Noire,618,9,627
Rochefort-Montagne,859,144,1003
Romagnat,7705,177,7882
Royat,4651,126,4777
Saillant,288,1,289
Saint-Agoulin,334,2,336
Saint-Alyre-d'Arlanc,170,4,174
Saint-Alyre-ès-Montagne,126,5,131
Saint-Amant-Roche-Savine,508,28,536
Saint-Amant-Tallende,1743,37,1780
Saint-André-le-Coq,526,3,529
Saint-Angel,427,9,436
Saint-Anthème,698,22,720
Saint-Avit,234,5,239
Saint-Babel,944,15,959
Saint-Beauzire,2180,31,2211
Saint-Bonnet-le-Bourg,163,3,166
Saint-Bonnet-le-Chastel,208,7,215
Saint-Bonnet-lès-Allier,427,6,433
Saint-Bonnet-près-Orcival,487,8,495
Saint-Bonnet-près-Riom,2114,40,2154
Saint-Cirgues-sur-Couze,351,5,356
Saint-Clément-de-Régnat,557,6,563
Saint-Clément-de-Valorgue,231,5,236
Saint-Denis-Combarnazat,223,8,231
Saint-Dier-d'Auvergne,519,22,541
Saint-Diéry,498,11,509
Saint-Donat,206,4,210
Saint-Éloy-la-Glacière,56,0,56
Saint-Éloy-les-Mines,3709,172,3881
Saint-Étienne-des-Champs,142,1,143
Saint-Étienne-sur-Usson,276,3,279
Saint-Ferréol-des-Côtes,544,17,561
Saint-Floret,251,7,258
Saint-Flour,285,3,288
Saint-Gal-sur-Sioule,135,4,139
Saint-Genès-Champanelle,3612,105,3717
Saint-Genès-Champespe,219,7,226
Saint-Genès-du-Retz,483,19,502
Saint-Genès-la-Tourette,180,1,181
Saint-Georges-de-Mons,1955,48,2003
Saint-Georges-sur-Allier,1250,16,1266
Saint-Germain-l'Herm,487,27,514
Saint-Germain-Lembron,1980,37,2017
Saint-Germain-près-Herment,84,1,85
Saint-Gervais-d'Auvergne,1340,120,1460
Saint-Gervais-sous-Meymont,235,6,241
Saint-Gervazy,329,12,341
Saint-Hérent,114,2,116
Saint-Hilaire,161,5,166
Saint-Hilaire-la-Croix,348,3,351
Saint-Hilaire-les-Monges,91,1,92
Saint-Ignat,903,16,919
Saint-Jacques-d'Ambur,276,6,282
Saint-Jean-d'Heurs,659,6,665
Saint-Jean-des-Ollières,451,11,462
Saint-Jean-en-Val,354,3,357
Saint-Jean-Saint-Gervais,124,1,125
Saint-Julien-de-Coppel,1276,25,1301
Saint-Julien-la-Geneste,121,3,124
Saint-Julien-Puy-Lavèze,359,4,363
Saint-Just,157,1,158
Saint-Laure,653,5,658
Saint-Maigner,190,3,193
Saint-Martin-d'Ollières,150,7,157
Saint-Martin-des-Olmes,287,7,294
Saint-Martin-des-Plains,155,1,156
Saint-Maurice,869,8,877
Saint-Maurice-près-Pionsat,371,5,376
Saint-Myon,485,6,491
Saint-Nectaire,741,3,744
Saint-Ours,1670,23,1693
Saint-Pardoux,404,14,418
Saint-Pierre-Colamine,249,5,254
Saint-Pierre-la-Bourlhonne,128,3,131
Saint-Pierre-le-Chastel,434,9,443
Saint-Pierre-Roche,463,4,467
Saint-Priest-Bramefant,865,17,882
Saint-Priest-des-Champs,702,14,716
Saint-Quentin-sur-Sauxillanges,112,0,112
Saint-Quintin-sur-Sioule,381,12,393
Saint-Rémy-de-Blot,230,4,234
Saint-Rémy-de-Chargnat,572,9,581
Saint-Rémy-sur-Durolle,1741,28,1769
Saint-Romain,212,6,218
Saint-Sandoux,955,18,973
Saint-Saturnin,1172,96,1268
Saint-Sauves-d'Auvergne,1133,20,1153
Saint-Sauveur-la-Sagne,95,1,96
Saint-Sulpice,87,6,93
Saint-Sylvestre-Pragoulin,1085,19,1104
Saint-Victor-la-Rivière,247,6,253
Saint-Victor-Montvianeix,249,6,255
Saint-Vincent,411,10,421
Saint-Yvoine,595,11,606
Sainte-Agathe,180,2,182
Sainte-Catherine,52,2,54
Sainte-Christine,126,3,129
Sallèdes,588,13,601
Sardon,314,2,316
Saulzet-le-Froid,272,7,279
Sauret-Besserve,164,3,167
Saurier,270,2,272
Sauvagnat,129,2,131
Sauvagnat-Sainte-Marthe,481,9,490
Sauvessanges,527,6,533
La Sauvetat,720,8,728
Sauviat,542,10,552
Sauxillanges,1255,13,1268
Savennes,94,8,102
Sayat,2344,32,2376
Sermentizon,576,8,584
Servant,531,11,542
Seychalles,785,11,796
Singles,167,5,172
Solignat,497,9,506
Sugères,605,9,614
Surat,567,12,579
Tallende,1521,42,1563
Tauves,780,16,796
Teilhède,457,13,470
Teilhet,289,2,291
Ternant-les-Eaux,37,2,39
Thiers,11847,322,12169
Thiolières,161,1,162
Thuret,921,49,970
Tortebesse,69,3,72
La Tour-d'Auvergne,640,30,670
Tours-sur-Meymont,516,23,539
Tourzel-Ronzières,246,1,247
Tralaigues,78,0,78
Trémouille-Saint-Loup,147,4,151
Trézioux,476,6,482
Usson,286,2,288
Valbeleix,127,0,127
Valcivières,209,3,212
Valz-sous-Châteauneuf,51,2,53
Varennes-sur-Morge,404,7,411
Varennes-sur-Usson,285,4,289
Vassel,289,5,294
Vensat,505,4,509
Vergheas,62,1,63
Le Vernet-Sainte-Marguerite,298,6,304
Verneugheol,241,11,252
Vernines,420,28,448
Verrières,71,2,73
Vertaizon,3187,31,3218
Vertolaye,535,11,546
Veyre-Monton,3542,58,3600
Vic-le-Comte,5197,107,5304
Vichel,352,10,362
Villeneuve,161,0,161
Villeneuve-les-Cerfs,532,4,536
Villosanges,349,9,358
Vinzelles,351,4,355
Virlet,272,4,276
Viscomtat,530,9,539
Vitrac,349,12,361
Viverols,408,9,417
Vodable,196,3,199
Voingt,33,1,34
Vollore-Montagne,305,8,313
Vollore-Ville,743,14,757
Volvic,4487,69,4556
Youx,915,19,934
Yronde-et-Buron,648,18,666
Yssac-la-Tourette,384,7,391
Aast,181,7,188
Abère,162,1,163
Abidos,226,7,233
Abitain,102,1,103
Abos,542,14,556
Accous,461,13,474
Agnos,1019,25,1044
Ahaxe-Alciette-Bascassan,274,13,287
Ahetze,2158,41,2199
Aïcirits-Camou-Suhast,670,16,686
Aincille,112,6,118
Ainharp,141,1,142
Ainhice-Mongelos,173,0,173
Ainhoa,672,7,679
Aldudes,322,6,328
Alos-Sibas-Abense,319,6,325
Alçay-Alçabéhéty-Sunharette,226,7,233
Amendeuix-Oneix,448,9,457
Amorots-Succos,232,1,233
Ance Féas,612,15,627
Andoins,637,12,649
Andrein,131,1,132
Angaïs,889,23,912
Anglet,38929,1229,40158
Angous,102,0,102
Anhaux,387,10,397
Anos,192,3,195
Anoye,144,2,146
Aramits,669,16,685
Arancou,162,3,165
Araujuzon,194,8,202
Araux,142,1,143
Arbérats-Sillègue,257,7,264
Arbonne,2223,59,2282
Arbouet-Sussaute,322,3,325
Arbus,1205,22,1227
Arcangues,3160,80,3240
Aren,246,1,247
Aressy,712,10,722
Arette,1057,31,1088
Argagnon,702,23,725
Argelos,282,4,286
Arget,78,1,79
Arhansus,74,1,75
Armendarits,405,4,409
Arnéguy,238,3,241
Arnos,113,1,114
Aroue-Ithorots-Olhaïby,240,8,248
Arrast-Larrebieu,95,3,98
Arraute-Charritte,385,6,391
Arricau-Bordes,108,0,108
Arrien,185,3,188
Arros-de-Nay,783,22,805
Arrosès,139,2,141
Arthez-d'Asson,491,10,501
Arthez-de-Béarn,1862,43,1905
Artigueloutan,1090,29,1119
Artiguelouve,1621,45,1666
Artix,3428,60,3488
Arudy,2229,46,2275
Arzacq-Arraziguet,1089,22,1111
Asasp-Arros,461,9,470
Ascain,4194,111,4305
Ascarat,321,9,330
Assat,1828,42,1870
Asson,2031,51,2082
Aste-Béon,237,6,243
Astis,306,1,307
Athos-Aspis,211,5,216
Aubertin,656,14,670
Aubin,239,5,244
Aubous,48,0,48
Audaux,164,73,237
Auga,153,3,156
Auriac,238,6,244
Aurions-Idernes,104,3,107
Aussevielle,785,24,809
Aussurucq,245,2,247
Auterrive,130,1,131
Autevielle-Saint-Martin-Bideren,205,3,208
Aydie,140,2,142
Aydius,114,1,115
Ayherre,1042,27,1069
Baigts-de-Béarn,876,22,898
Balansun,287,7,294
Baleix,143,0,143
Baliracq-Maumusson,122,1,123
Baliros,475,5,480
Banca,346,7,353
Barcus,642,6,648
Bardos,1828,50,1878
Barinque,606,12,618
Barraute-Camu,174,1,175
Barzun,591,7,598
Bassillon-Vauzé,66,2,68
Bassussarry,3126,93,3219
Bastanès,99,4,103
La Bastide-Clairence,979,34,1013
Baudreix,611,117,728
Bayonne,51228,1170,52398
Bédeille,207,3,210
Bedous,597,15,612
Béguios,252,11,263
Béhasque-Lapiste,507,9,516
Béhorléguy,74,3,77
Bellocq,906,12,918
Bénéjacq,1942,44,1986
Bentayou-Sérée,109,1,110
Béost,217,3,220
Bérenx,435,4,439
Bergouey-Viellenave,116,2,118
Bernadets,577,9,586
Berrogain-Laruns,161,69,230
Bescat,255,5,260
Bésingrand,141,5,146
Bétracq,51,0,51
Beuste,637,20,657
Beyrie-en-Béarn,193,2,195
Beyrie-sur-Joyeuse,510,11,521
Biarritz,25404,704,26108
Bidache,1370,35,1405
Bidarray,677,15,692
Bidart,6811,134,6945
Bidos,1133,28,1161
Bielle,390,17,407
Bilhères,160,4,164
Billère,12804,229,13033
Biriatou,1222,21,1243
Biron,679,9,688
Bizanos,4626,126,4752
Boeil-Bezing,1287,25,1312
Bonloc,366,6,372
Bonnut,774,13,787
Borce,134,5,139
Bordères,646,19,665
Bordes,2884,40,2924
Bosdarros,1013,28,1041
Boucau,8350,149,8499
Boueilh-Boueilho-Lasque,348,8,356
Bougarber,852,27,879
Bouillon,157,5,162
Boumourt,158,2,160
Bourdettes,515,8,523
Bournos,331,4,335
Briscous,2806,44,2850
Bruges-Capbis-Mifaget,887,22,909
Bugnein,238,6,244
Bunus,127,0,127
Burgaronne,99,4,103
Buros,1883,52,1935
Burosse-Mendousse,66,1,67
Bussunarits-Sarrasquette,205,1,206
Bustince-Iriberry,96,1,97
Buziet,484,14,498
Buzy,974,22,996
Cabidos,180,7,187
Cadillon,110,4,114
Cambo-les-Bains,6551,109,6660
Came,978,19,997
Camou-Cihigue,101,4,105
Cardesse,296,1,297
Caro,204,5,209
Carrère,216,5,221
Carresse-Cassaber,676,10,686
Castagnède,207,2,209
Casteide-Cami,241,2,243
Casteide-Candau,290,3,293
Casteide-Doat,159,1,160
Castéra-Loubix,52,1,53
Castet,157,4,161
Castetbon,181,8,189
Castétis,618,25,643
Castetnau-Camblong,457,15,472
Castetner,134,6,140
Castetpugon,217,3,220
Castillon (Canton d'Arthez-de-Béarn),315,4,319
Castillon (Canton de Lembeye),69,1,70
Caubios-Loos,563,17,580
Cescau,598,17,615
Cette-Eygun,68,1,69
Charre,213,3,216
Charritte-de-Bas,268,9,277
Chéraute,1089,154,1243
Ciboure,6251,179,6430
Claracq,227,3,230
Coarraze,2176,141,2317
Conchez-de-Béarn,120,1,121
Corbère-Abères,108,2,110
Coslédaà-Lube-Boast,392,1,393
Coublucq,102,2,104
Crouseilles,125,0,125
Cuqueron,189,5,194
Denguin,1747,40,1787
Diusse,143,4,147
Doazon,186,3,189
Dognen,220,9,229
Domezain-Berraute,505,27,532
Doumy,305,7,312
Eaux-Bonnes,243,4,247
Escos,236,4,240
Escot,127,1,128
Escou,414,15,429
Escoubès,411,8,419
Escout,438,8,446
Escurès,148,1,149
Eslourenties-Daban,332,4,336
Espéchède,142,2,144
Espelette,2024,49,2073
Espès-Undurein,495,17,512
Espiute,108,3,111
Espoey,1169,45,1214
Esquiule,537,12,549
Estérençuby,345,1,346
Estialescq,267,6,273
Estos,526,15,541
Etcharry,130,19,149
Etchebar,73,1,74
Etsaut,69,2,71
Eysus,645,17,662
Fichous-Riumayou,179,1,180
Gabaston,662,13,675
Gabat,256,2,258
Gamarthe,126,5,131
Gan,5510,105,5615
Garindein,500,9,509
Garlède-Mondebat,222,2,224
Garlin,1387,24,1411
Garos,257,9,266
Garris,282,8,290
Gayon,55,1,56
Gelos,3543,169,3712
Ger,1899,48,1947
Gerderest,137,1,138
Gère-Bélesten,190,7,197
Géronce,455,7,462
Gestas,70,0,70
Géus-d'Arzacq,200,2,202
Geüs-d'Oloron,252,9,261
Goès,624,17,641
Gomer,314,7,321
Gotein-Libarrenx,477,17,494
Guéthary,1320,36,1356
Guiche,970,31,1001
Guinarthe-Parenties,224,8,232
Gurmençon,884,27,911
Gurs,419,10,429
Hagetaubin,578,18,596
Halsou,595,5,600
Hasparren,6879,273,7152
Haut-de-Bosdarros,335,1,336
Haux,82,1,83
Hélette,717,11,728
Hendaye,16484,397,16881
Herrère,387,2,389
Higuères-Souye,274,9,283
L' Hôpital-d'Orion,138,3,141
L' Hôpital-Saint-Blaise,69,2,71
Hosta,80,0,80
Hours,268,3,271
Ibarrolle,82,1,83
Idaux-Mendy,270,4,274
Idron,4846,157,5003
Igon,968,59,1027
Iholdy,549,8,557
Ilharre,152,1,153
Irissarry,886,13,899
Irouléguy,363,3,366
Ispoure,673,13,686
Issor,236,6,242
Isturits,518,12,530
Itxassou,2133,64,2197
Izeste,425,3,428
Jasses,138,4,142
Jatxou,1154,29,1183
Jaxu,202,0,202
Jurançon,7094,247,7341
Juxue,209,6,215
Laà-Mondrans,429,13,442
Laàs,136,3,139
Labastide-Cézéracq,555,8,563
Labastide-Monréjeau,589,17,606
Labastide-Villefranche,335,4,339
Labatmale,254,2,256
Labatut,175,2,177
Labets-Biscay,160,3,163
Labeyrie,123,5,128
Lacadée,155,4,159
Lacarre,174,4,178
Lacarry-Arhan-Charritte-de-Haut,130,0,130
Lacommande,214,4,218
Lacq,732,11,743
Lagor,1194,20,1214
Lagos,468,12,480
Laguinge-Restoue,158,8,166
Lahonce,2418,53,2471
Lahontan,514,10,524
Lahourcade,698,21,719
Lalongue,212,3,215
Lalonquette,274,5,279
Lamayou,201,5,206
Lanne-en-Barétous,494,6,500
Lannecaube,159,2,161
Lanneplaà,306,6,312
Lantabat,284,5,289
Larceveau-Arros-Cibits,413,3,416
Laroin,1076,26,1102
Larrau,197,4,201
Larressore,2053,30,2083
Larreule,183,5,188
Larribar-Sorhapuru,188,0,188
Laruns,1194,23,1217
Lasclaveries,244,5,249
Lasse,333,6,339
Lasserre,89,5,94
Lasseube,1736,41,1777
Lasseubetat,207,4,211
Lay-Lamidou,118,4,122
Lecumberry,172,4,176
Ledeuix,1032,29,1061
Lée,1270,58,1328
Lées-Athas,265,12,277
Lembeye,773,16,789
Lème,166,1,167
Léren,220,3,223
Lescar,9804,421,10225
Lescun,172,1,173
Lespielle,155,3,158
Lespourcy,192,6,198
Lestelle-Bétharram,831,81,912
Lichans-Sunhar,81,1,82
Lichos,135,1,136
Licq-Athérey,207,6,213
Limendous,706,8,714
Livron,405,16,421
Lohitzun-Oyhercq,203,1,204
Lombia,207,1,208
Lons,13374,249,13623
Lonçon,199,3,202
Loubieng,516,5,521
Louhossoa,887,18,905
Lourdios-Ichère,141,9,150
Lourenties,362,4,366
Louvie-Juzon,1058,29,1087
Louvie-Soubiron,119,1,120
Louvigny,140,2,142
Luc-Armau,113,0,113
Lucarré,59,0,59
Lucgarier,251,1,252
Lucq-de-Béarn,934,20,954
Lurbe-Saint-Christau,195,6,201
Lussagnet-Lusson,172,6,178
Luxe-Sumberraute,404,24,428
Lys,334,4,338
Macaye,587,10,597
Malaussanne,428,7,435
Mascaraàs-Haron,127,0,127
Maslacq,890,23,913
Masparraute,234,7,241
Maspie-Lalonquère-Juillacq,261,4,265
Maucor,534,15,549
Mauléon-Licharre,2954,231,3185
Maure,104,1,105
Mazères-Lezons,1833,44,1877
Mazerolles,1115,18,1133
Méharin,273,4,277
Meillon,916,16,932
Mendionde,844,24,868
Menditte,200,129,329
Mendive,164,4,168
Méracq,229,5,234
Méritein,288,9,297
Mesplède,365,13,378
Mialos,126,0,126
Miossens-Lanusse,267,2,269
Mirepeix,1278,37,1315
Momas,577,12,589
Momy,127,1,128
Monassut-Audiracq,359,3,362
Moncaup,156,12,168
Moncayolle-Larrory-Mendibieu,314,7,321
Moncla,91,2,93
Monein,4438,107,4545
Monpezat,83,1,84
Monségur,129,0,129
Mont,1124,93,1217
Mont-Disse,72,4,76
Montagut,116,2,118
Montaner,432,8,440
Montardon,2300,278,2578
Montaut,1110,46,1156
Montfort,181,3,184
Montory,306,13,319
Morlaàs,4282,256,4538
Morlanne,591,15,606
Mouguerre,5108,140,5248
Mouhous,57,0,57
Moumour,841,22,863
Mourenx,6485,175,6660
Musculdy,236,3,239
Nabas,107,2,109
Narcastet,754,12,766
Narp,113,2,115
Navailles-Angos,1521,22,1543
Navarrenx,1051,14,1065
Nay,3288,236,3524
Noguères,140,3,143
Nousty,1608,30,1638
Ogenne-Camptort,245,6,251
Ogeu-les-Bains,1289,29,1318
Oloron-Sainte-Marie,10684,621,11305
Oraàs,176,3,179
Ordiarp,527,5,532
Orègue,485,9,494
Orin,241,9,250
Orion,144,9,153
Orriule,132,2,134
Orsanco,110,4,114
Orthez,10449,657,11106
Os-Marsillon,533,9,542
Ossas-Suhare,84,2,86
Osse-en-Aspe,325,15,340
Ossenx,52,1,53
Osserain-Rivareyte,212,9,221
Ossès,835,23,858
Ostabat-Asme,194,2,196
Ouillon,552,13,565
Ousse,1661,50,1711
Ozenx-Montestrucq,382,17,399
Pagolle,261,5,266
Parbayse,319,10,329
Pardies,849,22,871
Pardies-Piétat,448,11,459
Pau,77130,1405,78535
Peyrelongue-Abos,150,2,152
Piets-Plasence-Moustrou,139,1,140
Poey-d'Oloron,166,4,170
Poey-de-Lescar,1655,46,1701
Pomps,290,6,296
Ponson-Debat-Pouts,95,3,98
Ponson-Dessus,258,7,265
Pontacq,2936,45,2981
Pontiacq-Viellepinte,184,2,186
Portet,169,3,172
Pouliacq,54,3,57
Poursiugues-Boucoue,190,4,194
Préchacq-Josbaig,293,7,300
Préchacq-Navarrenx,165,2,167
Précilhon,401,9,410
Puyoô,1133,16,1149
Ramous,495,6,501
Rébénacq,682,11,693
Ribarrouy,83,1,84
Riupeyrous,214,3,217
Rivehaute,262,18,280
Rontignon,833,16,849
Roquiague,119,2,121
Saint-Abit,317,8,325
Saint-Armou,636,22,658
Saint-Boès,367,12,379
Saint-Castin,888,18,906
Saint-Dos,160,1,161
Saint-Esteben,411,6,417
Saint-Étienne-de-Baïgorry,1477,39,1516
Saint-Faust,746,26,772
Saint-Girons-en-Béarn,157,4,161
Saint-Gladie-Arrive-Munein,200,4,204
Saint-Goin,230,4,234
Saint-Jammes,628,8,636
Saint-Jean-de-Luz,14093,454,14547
Saint-Jean-le-Vieux,849,17,866
Saint-Jean-Pied-de-Port,1587,263,1850
Saint-Jean-Poudge,73,0,73
Saint-Just-Ibarre,223,5,228
Saint-Laurent-Bretagne,434,12,446
Saint-Martin-d'Arberoue,315,10,325
Saint-Martin-d'Arrossa,537,15,552
Saint-Médard,211,4,215
Saint-Michel,295,3,298
Saint-Palais,1838,68,1906
Saint-Pé-de-Léren,258,6,264
Saint-Pée-sur-Nivelle,6849,150,6999
Saint-Pierre-d'Irube,4844,106,4950
Saint-Vincent,398,10,408
Sainte-Colome,356,4,360
Sainte-Engrâce,193,3,196
Salies-de-Béarn,4638,132,4770
Salles-Mongiscard,308,5,313
Sallespisse,577,8,585
Sames,699,6,705
Samsons-Lion,88,1,89
Sare,2651,27,2678
Sarpourenx,338,6,344
Sarrance,165,4,169
Saubole,137,3,140
Saucède,126,2,128
Sauguis-Saint-Étienne,165,5,170
Sault-de-Navailles,898,16,914
Sauvagnon,3313,96,3409
Sauvelade,271,4,275
Sauveterre-de-Béarn,1375,105,1480
Séby,195,7,202
Sedze-Maubecq,275,5,280
Sedzère,390,3,393
Séméacq-Blachon,167,8,175
Sendets,1007,20,1027
Serres-Castet,4261,116,4377
Serres-Morlaàs,783,31,814
Serres-Sainte-Marie,562,17,579
Sévignacq,749,14,763
Sévignacq-Meyracq,538,15,553
Simacourbe,404,2,406
Siros,752,14,766
Soumoulou,1584,23,1607
Souraïde,1400,27,1427
Suhescun,173,8,181
Sus,375,11,386
Susmiou,357,7,364
Tabaille-Usquain,44,2,46
Tadousse-Ussau,67,0,67
Tardets-Sorholus,541,11,552
Taron-Sadirac-Viellenave,192,0,192
Tarsacq,521,6,527
Thèze,836,16,852
Trois-Villes,131,3,134
Uhart-Cize,806,16,822
Uhart-Mixe,210,5,215
Urcuit,2492,62,2554
Urdès,305,3,308
Urdos,64,2,66
Urepel,284,7,291
Urost,76,2,78
Urrugne,10317,191,10508
Urt,2301,34,2335
Ustaritz,6822,266,7088
Uzan,176,4,180
Uzein,1232,23,1255
Uzos,742,29,771
Verdets,270,4,274
Vialer,188,3,191
Viellenave-d'Arthez,205,3,208
Viellenave-de-Navarrenx,161,3,164
Vielleségure,375,10,385
Vignes,441,21,462
Villefranque,2671,73,2744
Viodos-Abense-de-Bas,712,20,732
Viven,187,0,187
Adast,292,7,299
Adé,802,10,812
Adervielle-Pouchergues,132,1,133
Agos-Vidalos,416,10,426
Allier,411,10,421
Ancizan,271,7,278
Andrest,1396,28,1424
Anères,174,3,177
Les Angles,126,3,129
Angos,223,4,227
Anla,91,2,93
Ansost,57,2,59
Antichan,35,0,35
Antin,106,7,113
Antist,181,3,184
Aragnouet,248,2,250
Arbéost,85,1,86
Arcizac-Adour,534,11,545
Arcizac-ez-Angles,259,5,264
Arcizans-Avant,394,15,409
Arcizans-Dessus,125,1,126
Ardengost,13,0,13
Argelès-Bagnères,110,3,113
Argelès-Gazost,2901,169,3070
Aries-Espénan,71,0,71
Arné,213,5,218
Arras-en-Lavedan,489,11,500
Arrayou-Lahitte,107,0,107
Arreau,773,26,799
Arrens-Marsous,727,10,737
Arrodets,20,0,20
Arrodets-ez-Angles,110,2,112
Artagnan,512,12,524
Artalens-Souin,133,3,136
Artiguemy,92,1,93
Artigues,16,1,17
Aspin-Aure,45,0,45
Aspin-en-Lavedan,334,3,337
Asque,118,7,125
Asté,559,11,570
Astugue,258,9,267
Aubarède,297,6,303
Aucun,237,9,246
Aulon,84,5,89
Aureilhan,7745,222,7967
Aurensan,789,10,799
Auriébat,246,3,249
Avajan,78,1,79
Aventignan,205,7,212
Averan,68,0,68
Aveux,41,1,42
Avezac-Prat-Lahitte,602,8,610
Ayros-Arbouix,314,3,317
Ayzac-Ost,450,13,463
Azereix,986,16,1002
Azet,148,2,150
Bagnères-de-Bigorre,7253,263,7516
Banios,53,3,56
Barbachen,53,0,53
Barbazan-Debat,3463,75,3538
Barbazan-Dessus,165,3,168
Barèges,163,5,168
Bareilles,47,0,47
Barlest,290,8,298
Barrancoueu,33,0,33
Barry,125,9,134
Barthe,18,1,19
La Barthe-de-Neste,1227,30,1257
Bartrès,514,17,531
Batsère,36,0,36
Bazet,1748,15,1763
Bazillac,347,4,351
Bazordan,113,1,114
Bazus-Aure,131,7,138
Bazus-Neste,59,2,61
Beaucens,409,17,426
Beaudéan,395,10,405
Bégole,203,4,207
Bénac,548,9,557
Benqué-Molère,126,3,129
Berbérust-Lias,50,0,50
Bernac-Debat,683,16,699
Bernac-Dessus,294,4,298
Bernadets-Debat,112,1,113
Bernadets-Dessus,155,0,155
Bertren,174,5,179
Betbèze,45,1,46
Betpouey,87,3,90
Betpouy,78,3,81
Bettes,51,0,51
Beyrède-Jumet-Camous,217,2,219
Bize,215,8,223
Bizous,110,2,112
Bonnefont,339,11,350
Bonnemazon,64,2,66
Bonrepos,187,5,192
Boô-Silhen,310,7,317
Bordères-Louron,155,3,158
Bordères-sur-l'Échez,5227,112,5339
Bordes,762,18,780
Bouilh-Devant,21,2,23
Bouilh-Péreuilh,94,1,95
Boulin,288,9,297
Bourg-de-Bigorre,197,3,200
Bourisp,163,4,167
Bourréac,108,2,110
Bours,829,17,846
Bramevaque,34,1,35
Bugard,89,0,89
Bulan,61,0,61
Bun,146,5,151
Burg,275,11,286
Buzon,78,4,82
Cabanac,290,10,300
Cadéac,305,5,310
Cadeilhan-Trachère,39,1,40
Caharet,37,1,38
Caixon,375,4,379
Calavanté,335,6,341
Camalès,384,9,393
Campan,1332,53,1385
Camparan,55,2,57
Campistrous,316,7,323
Campuzan,157,5,162
Cantaous,443,11,454
Capvern,1285,26,1311
Castelbajac,135,3,138
Castelnau-Magnoac,798,21,819
Castelnau-Rivière-Basse,627,13,640
Castelvieilh,245,2,247
Castéra-Lanusse,44,0,44
Castéra-Lou,231,4,235
Casterets,13,0,13
Castillon,83,0,83
Caubous,39,0,39
Caussade-Rivière,97,3,100
Cauterets,908,19,927
Cazarilh,53,1,54
Cazaux-Debat,32,1,33
Cazaux-Fréchet-Anéran-Camors,48,2,50
Chelle-Debat,210,4,214
Chelle-Spou,119,0,119
Cheust,86,2,88
Chèze,48,0,48
Chis,315,1,316
Cieutat,600,11,611
Cizos,127,1,128
Clarac,180,5,185
Clarens,507,23,530
Collongues,148,4,152
Coussan,122,5,127
Créchets,56,0,56
Devèze,59,2,61
Dours,223,5,228
Ens,24,2,26
Esbareich,82,0,82
Escala,376,12,388
Escaunets,126,3,129
Escondeaux,281,5,286
Esconnets,35,1,36
Escots,34,1,35
Escoubès-Pouts,106,2,108
Esparros,183,1,184
Espèche,53,0,53
Espieilh,26,1,27
Esquièze-Sère,401,12,413
Estaing,83,1,84
Estampures,78,2,80
Estarvielle,37,0,37
Estensan,40,0,40
Esterre,191,7,198
Estirac,103,4,107
Ferrère,42,2,44
Ferrières,90,0,90
Fontrailles,151,3,154
Fréchède,50,0,50
Fréchendets,29,0,29
Fréchet-Aure,12,0,12
Fréchou-Fréchet,163,3,166
Gaillagos,128,1,129
Galan,714,14,728
Galez,182,2,184
Gardères,443,11,454
Gaudent,39,1,40
Gaussan,111,4,115
Gavarnie-Gèdre,345,9,354
Gayan,277,2,279
Gazave,67,0,67
Gazost,126,2,128
Gembrie,77,3,80
Générest,101,1,102
Génos,137,0,137
Gensac,98,2,100
Ger,156,9,165
Gerde,1136,34,1170
Germ,36,0,36
Germs-sur-l'Oussouet,110,3,113
Geu,173,4,177
Gez,327,13,340
Gez-ez-Angles,27,1,28
Gonez,28,0,28
Gouaux,55,1,56
Goudon,231,6,237
Gourgue,62,0,62
Grailhen,22,2,24
Grézian,81,0,81
Grust,37,1,38
Guchan,140,5,145
Guchen,343,11,354
Guizerix,123,3,126
Hachan,43,0,43
Hagedet,46,2,48
Hauban,111,2,113
Hautaget,54,2,56
Hèches,616,13,629
Hères,124,2,126
Hibarette,246,1,247
Hiis,251,5,256
Hitte,163,1,164
Horgues,1198,37,1235
Houeydets,267,6,273
Hourc,109,1,110
Ibos,2895,137,3032
Ilhet,118,0,118
Ilheu,38,0,38
Izaourt,257,6,263
Izaux,202,9,211
Jacque,74,1,75
Jarret,320,4,324
Jézeau,97,3,100
Juillan,4106,97,4203
Julos,405,11,416
Juncalas,166,5,171
Labassère,235,9,244
Labastide,157,5,162
Labatut-Rivière,397,5,402
Laborde,84,1,85
Lacassagne,232,2,234
Lafitole,477,12,489
Lagarde,524,7,531
Lagrange,227,7,234
Lahitte-Toupière,261,9,270
Lalanne,98,6,104
Lalanne-Trie,115,1,116
Laloubère,1883,57,1940
Lamarque-Pontacq,852,14,866
Lamarque-Rustaing,53,0,53
Laméac,147,4,151
Lanespède,150,2,152
Lanne,588,9,597
Lannemezan,5837,159,5996
Lansac,177,4,181
Lançon,32,0,32
Lapeyre,101,5,106
Laran,48,1,49
Larreule,410,14,424
Larroque,99,3,102
Lascazères,311,27,338
Laslades,340,10,350
Lassales,33,1,34
Lau-Balagnas,524,16,540
Layrisse,185,0,185
Lescurry,171,3,174
Lespouey,209,9,218
Lézignan,350,8,358
Lhez,77,0,77
Liac,196,1,197
Libaros,136,1,137
Lies,71,2,73
Lizos,117,1,118
Lombrès,100,3,103
Lomné,31,0,31
Lortet,213,8,221
Loubajac,403,8,411
Loucrup,228,4,232
Loudenvielle,301,5,306
Loudervielle,54,1,55
Louey,990,26,1016
Louit,196,3,199
Lourdes,13389,303,13692
Loures-Barousse,626,13,639
Lubret-Saint-Luc,55,0,55
Luby-Betmont,107,1,108
Luc,213,3,216
Lugagnan,136,3,139
Luquet,397,3,400
Lustar,118,3,121
Lutilhous,223,3,226
Luz-Saint-Sauveur,966,16,982
Madiran,418,10,428
Mansan,42,5,47
Marquerie,80,0,80
Marsac,224,4,228
Marsas,69,5,74
Marseillan,255,4,259
Mascaras,353,4,357
Maubourguet,2377,31,2408
Mauléon-Barousse,95,0,95
Mauvezin,234,4,238
Mazères-de-Neste,330,6,336
Mazerolles,106,4,110
Mazouau,16,3,19
Mérilheu,253,4,257
Mingot,99,0,99
Momères,759,19,778
Monfaucon,210,6,216
Monléon-Magnoac,439,241,680
Monlong,102,4,106
Mont,42,2,44
Montastruc,233,6,239
Montégut,135,2,137
Montgaillard,850,17,867
Montignac,138,2,140
Montoussé,250,7,257
Montsérié,80,0,80
Moulédous,211,7,218
Moumoulous,42,0,42
Mun,101,2,103
Nestier,156,2,158
Neuilh,98,4,102
Nistos,215,5,220
Nouilhan,200,4,204
Odos,3242,97,3339
Oléac-Debat,170,1,171
Oléac-Dessus,120,1,121
Omex,227,3,230
Ordizan,544,21,565
Organ,44,0,44
Orieux,115,3,118
Orignac,255,3,258
Orincles,330,7,337
Orleix,2127,33,2160
Oroix,120,2,122
Osmets,90,2,92
Ossen,233,4,237
Ossun,2368,49,2417
Ossun-ez-Angles,50,1,51
Oueilloux,179,5,184
Ourde,40,0,40
Ourdis-Cotdoussan,48,2,50
Ourdon,7,0,7
Oursbelille,1179,40,1219
Ousté,26,2,28
Ouzous,212,9,221
Ozon,279,5,284
Pailhac,69,2,71
Paréac,63,0,63
Péré,55,2,57
Peyraube,161,4,165
Peyret-Saint-André,54,2,56
Peyriguère,27,0,27
Peyrouse,276,7,283
Peyrun,84,1,85
Pierrefitte-Nestalas,1139,25,1164
Pinas,446,9,455
Pintac,22,3,25
Poueyferré,849,17,866
Poumarous,156,3,159
Pouy,46,1,47
Pouyastruc,675,22,697
Pouzac,1112,38,1150
Préchac,230,10,240
Pujo,636,13,649
Puntous,181,4,185
Puydarrieux,223,1,224
Rabastens-de-Bigorre,1453,26,1479
Recurt,204,8,212
Réjaumont,164,4,168
Ricaud,66,2,68
Ris,16,0,16
Sabalos,147,1,148
Sabarros,34,0,34
Sacoué,62,2,64
Sadournin,183,2,185
Sailhan,161,1,162
Saint-Arroman,87,5,92
Saint-Créac,97,0,97
Saint-Lanne,141,2,143
Saint-Lary-Soulan,835,25,860
Saint-Laurent-de-Neste,927,38,965
Saint-Lézer,426,14,440
Saint-Martin,452,12,464
Saint-Pastous,135,5,140
Saint-Paul,315,3,318
Saint-Pé-de-Bigorre,1162,16,1178
Saint-Savin,373,7,380
Saint-Sever-de-Rustan,173,2,175
Sainte-Marie,65,0,65
Saléchan,272,4,276
Saligos,107,3,110
Salles,233,7,240
Salles-Adour,594,7,601
Samuran,26,0,26
Sanous,98,2,100
Sariac-Magnoac,153,3,156
Sarlabous,68,4,72
Sarniguet,255,5,260
Sarp,108,2,110
Sarrancolin,563,13,576
Sarriac-Bigorre,303,5,308
Sarrouilles,529,17,546
Sassis,80,6,86
Sauveterre,169,4,173
Sazos,129,4,133
Ségalas,81,4,85
Ségus,235,1,236
Seich,89,3,92
Séméac,4926,135,5061
Sénac,296,7,303
Sentous,69,0,69
Sère-en-Lavedan,74,2,76
Sère-Lanso,52,2,54
Sère-Rustaing,127,0,127
Séron,327,3,330
Sers,114,2,116
Siarrouy,436,7,443
Sinzos,140,6,146
Siradan,284,5,289
Sireix,64,1,65
Sombrun,207,8,215
Soréac,47,1,48
Sost,92,4,96
Soublecause,187,3,190
Soues,3061,58,3119
Soulom,256,8,264
Souyeaux,306,7,313
Tajan,134,3,137
Talazac,76,1,77
Tarasteix,266,3,269
Tarbes,41518,1072,42590
Thèbe,76,3,79
Thermes-Magnoac,212,1,213
Thuy,19,0,19
Tibiran-Jaunac,312,4,316
Tilhouse,221,2,223
Tostat,535,8,543
Tournay,1209,20,1229
Tournous-Darré,87,4,91
Tournous-Devant,105,6,111
Tramezaïgues,34,1,35
Trébons,760,14,774
Trie-sur-Baïse,1043,25,1068
Troubat,74,1,75
Trouley-Labarthe,99,1,100
Tuzaguet,453,9,462
Uglas,287,11,298
Ugnouas,79,1,80
Uz,33,1,34
Uzer,105,4,109
Vic-en-Bigorre,4897,275,5172
Vidou,106,1,107
Vidouze,241,9,250
Viella,88,3,91
Vielle-Adour,509,10,519
Vielle-Aure,330,9,339
Vielle-Louron,94,0,94
Vier-Bordes,102,6,108
Vieuzos,44,1,45
Viey,32,2,34
Viger,140,3,143
Vignec,222,8,230
Villefranque,79,3,82
Villelongue,399,15,414
Villembits,115,2,117
Villemur,59,1,60
Villenave-près-Béarn,59,4,63
Villenave-près-Marsac,90,2,92
Viscos,35,2,37
Visker,340,10,350
L' Albère,80,1,81
Alénya,3601,59,3660
Amélie-les-Bains-Palalda,3460,32,3492
Les Angles,547,8,555
Angoustrine-Villeneuve-des-Escaldes,608,38,646
Ansignan,166,2,168
Arboussols,118,2,120
Argelès-sur-Mer,10383,240,10623
Arles-sur-Tech,2705,37,2742
Ayguatébia-Talau,38,0,38
Bages,4174,53,4227
Baho,3217,59,3276
Baillestavy,115,2,117
Baixas,2573,51,2624
Banyuls-dels-Aspres,1259,21,1280
Banyuls-sur-Mer,4761,77,4838
Le Barcarès,5915,40,5955
La Bastide,72,2,74
Bélesta,221,4,225
Bolquère,808,26,834
Bompas,7254,102,7356
Boule-d'Amont,55,0,55
Bouleternère,935,8,943
Le Boulou,5514,56,5570
Bourg-Madame,1224,82,1306
Brouilla,1437,15,1452
La Cabanasse,669,13,682
Cabestany,10106,215,10321
Caixas,142,1,143
Calce,210,2,212
Calmeilles,59,0,59
Camélas,464,7,471
Campôme,111,4,115
Campoussy,37,1,38
Canaveilles,26,0,26
Canet-en-Roussillon,12130,246,12376
Canohès,6097,109,6206
Caramany,150,3,153
Casefabre,40,1,41
Cases-de-Pène,926,22,948
Cassagnes,267,6,273
Casteil,136,2,138
Castelnou,315,5,320
Catllar,771,15,786
Caudiès-de-Conflent,17,2,19
Caudiès-de-Fenouillèdes,618,12,630
Cerbère,1355,17,1372
Céret,7798,228,8026
Claira,4181,53,4234
Clara-Villerach,256,6,262
Les Cluses,242,3,245
Codalet,386,12,398
Collioure,2427,29,2456
Conat,61,3,64
Corbère,733,22,755
Corbère-les-Cabanes,1070,15,1085
Corneilla-de-Conflent,490,4,494
Corneilla-del-Vercol,2293,28,2321
Corneilla-la-Rivière,1991,36,2027
Corsavy,218,19,237
Coustouges,98,0,98
Dorres,169,7,176
Égat,438,11,449
Elne,8941,108,9049
Enveitg,641,22,663
Err,673,22,695
Escaro,106,1,107
Espira-de-Conflent,168,3,171
Espira-de-l'Agly,3455,149,3604
Estagel,2016,18,2034
Estavar,472,17,489
Estoher,145,1,146
Eus,388,4,392
Eyne,130,8,138
Felluns,70,0,70
Fenouillet,89,1,90
Fillols,185,7,192
Finestret,176,7,183
Font-Romeu-Odeillo-Via,1928,216,2144
Fontpédrouse,123,2,125
Fontrabiouse,127,3,130
Formiguères,479,4,483
Fosse,40,0,40
Fourques,1280,19,1299
Fuilla,448,24,472
Glorianes,25,0,25
Ille-sur-Têt,5446,61,5507
Joch,265,8,273
Jujols,44,2,46
Lamanère,46,1,47
Lansac,89,0,89
Laroque-des-Albères,2112,41,2153
Latour-Bas-Elne,2797,41,2838
Latour-de-Carol,424,4,428
Latour-de-France,1026,14,1040
Lesquerde,133,3,136
La Llagonne,219,10,229
Llauro,317,2,319
Llo,172,3,175
Llupia,1943,41,1984
Mantet,30,1,31
Marquixanes,555,7,562
Los Masos,966,12,978
Matemale,267,5,272
Maureillas-las-Illas,2544,47,2591
Maury,785,5,790
Millas,4279,48,4327
Molitg-les-Bains,233,4,237
Mont-Louis,152,9,161
Montalba-le-Château,149,2,151
Montauriol,247,5,252
Montbolo,180,2,182
Montescot,1712,39,1751
Montesquieu-des-Albères,1224,23,1247
Montferrer,188,4,192
Montner,348,7,355
Mosset,308,7,315
Nahuja,76,3,79
Néfiach,1280,35,1315
Nohèdes,63,2,65
Nyer,148,2,150
Olette,364,5,369
Oms,333,4,337
Opoul-Périllos,1199,8,1207
Oreilla,23,0,23
Ortaffa,1481,19,1500
Osséja,1330,64,1394
Palau-de-Cerdagne,408,10,418
Palau-del-Vidre,3142,45,3187
Passa,820,9,829
Perpignan,120158,1523,121681
Le Perthus,574,3,577
Peyrestortes,1427,24,1451
Pézilla-de-Conflent,46,0,46
Pézilla-la-Rivière,3662,53,3715
Pia,9035,87,9122
Planès,53,2,55
Planèzes,99,2,101
Pollestres,4887,80,4967
Ponteilla,2738,42,2780
Port-Vendres,4129,75,4204
Porta,116,7,123
Porté-Puymorens,101,8,109
Prades,6124,341,6465
Prats-de-Mollo-la-Preste,1163,19,1182
Prats-de-Sournia,78,4,82
Prugnanes,104,0,104
Prunet-et-Belpuig,49,0,49
Puyvalador,72,1,73
Py,88,0,88
Rabouillet,103,1,104
Railleu,32,1,33
Rasiguères,152,3,155
Réal,66,0,66
Reynès,1328,20,1348
Ria-Sirach,1325,30,1355
Rigarda,641,3,644
Rivesaltes,8610,163,8773
Rodès,619,6,625
Sahorre,382,6,388
Saillagouse,1089,25,1114
Saint-André,3443,42,3485
Saint-Arnac,115,1,116
Saint-Cyprien,10511,166,10677
Saint-Estève,11658,176,11834
Saint-Féliu-d'Amont,1133,17,1150
Saint-Féliu-d'Avall,2797,38,2835
Saint-Génis-des-Fontaines,2826,26,2852
Saint-Hippolyte,3052,29,3081
Saint-Jean-Lasseille,1540,18,1558
Saint-Jean-Pla-de-Corts,2218,45,2263
Saint-Laurent-de-Cerdans,1098,10,1108
Saint-Laurent-de-la-Salanque,10246,107,10353
Saint-Marsal,71,0,71
Saint-Martin-de-Fenouillet,55,4,59
Saint-Michel-de-Llotes,348,12,360
Saint-Nazaire,2688,40,2728
Saint-Paul-de-Fenouillet,1812,13,1825
Saint-Pierre-dels-Forcats,267,9,276
Sainte-Colombe-de-la-Commanderie,153,2,155
Sainte-Léocadie,127,1,128
Sainte-Marie-la-Mer,4773,61,4834
Saleilles,5282,97,5379
Salses-le-Château,3501,13,3514
Sansa,22,0,22
Sauto,91,1,92
Serdinya,246,10,256
Serralongue,226,2,228
Le Soler,7710,112,7822
Sorède,3267,47,3314
Souanyas,37,0,37
Sournia,498,5,503
Taillet,105,1,106
Tarerach,46,1,47
Targassonne,184,5,189
Taulis,52,0,52
Taurinya,336,11,347
Tautavel,866,19,885
Le Tech,95,0,95
Terrats,640,14,654
Théza,2040,97,2137
Thuès-Entre-Valls,37,2,39
Thuir,7635,130,7765
Tordères,165,7,172
Torreilles,3812,53,3865
Toulouges,6881,119,7000
Tresserre,1066,13,1079
Trévillach,157,0,157
Trilla,74,2,76
Trouillas,2067,23,2090
Ur,363,11,374
Urbanya,55,1,56
Valcebollère,42,2,44
Valmanya,34,0,34
Vernet-les-Bains,1387,38,1425
Villefranche-de-Conflent,213,5,218
Villelongue-de-la-Salanque,3254,35,3289
Villelongue-dels-Monts,1706,67,1773
Villemolaque,1370,22,1392
Villeneuve-de-la-Raho,3926,65,3991
Villeneuve-la-Rivière,1316,24,1340
Vingrau,606,11,617
Vinça,2075,25,2100
Vira,26,0,26
Vivès,176,4,180
Le Vivier,75,0,75
Achenheim,2123,29,2152
Adamswiller,377,14,391
Albé,446,15,461
Alteckendorf,868,19,887
Altenheim,212,1,213
Altorf,1293,18,1311
Altwiller,395,13,408
Andlau,1739,78,1817
Artolsheim,996,9,1005
Aschbach,682,20,702
Asswiller,276,3,279
Avolsheim,713,14,727
Baerendorf,302,5,307
Balbronn,656,10,666
Baldenheim,1169,18,1187
Barembach,874,7,881
Barr,7238,160,7398
Bassemberg,249,6,255
Batzendorf,988,20,1008
Beinheim,1875,23,1898
Bellefosse,150,0,150
Belmont,167,0,167
Benfeld,5753,96,5849
Berg,365,4,369
Bergbieten,704,7,711
Bernardswiller,1455,44,1499
Bernardvillé,231,2,233
Bernolsheim,602,7,609
Berstett,2437,41,2478
Berstheim,437,14,451
Betschdorf,4161,46,4207
Bettwiller,308,7,315
Biblisheim,358,5,363
Bietlenheim,277,3,280
Bilwisheim,467,1,468
Bindernheim,1032,10,1042
Bischheim,17093,202,17295
Bischholtz,273,0,273
Bischoffsheim,3330,58,3388
Bischwiller,12538,125,12663
Bissert,155,3,158
Bitschhoffen,459,15,474
Blaesheim,1316,19,1335
Blancherupt,38,3,41
Blienschwiller,321,10,331
Bolsenheim,531,5,536
Boofzheim,1381,17,1398
Bootzheim,728,6,734
Bosselshausen,166,7,173
Bossendorf,399,8,407
Bourg-Bruche,468,9,477
Bourgheim,640,10,650
Bouxwiller,3963,90,4053
Breitenau,313,6,319
Breitenbach,665,16,681
Breuschwickersheim,1253,20,1273
La Broque,2663,87,2750
Brumath,9986,103,10089
Buhl,524,1,525
Burbach,274,3,277
Bust,463,11,474
Buswiller,274,2,276
Butten,669,21,690
Bœrsch,2437,66,2503
Bœsenbiesen,321,11,332
Châtenois,4188,87,4275
Cleebourg,720,7,727
Climbach,440,6,446
Colroy-la-Roche,488,9,497
Cosswiller,574,13,587
Crastatt,270,1,271
Crœttwiller,176,3,179
Dachstein,1802,21,1823
Dahlenheim,765,12,777
Dalhunden,1171,8,1179
Dambach,736,13,749
Dambach-la-Ville,2201,41,2242
Dangolsheim,723,11,734
Daubensand,401,8,409
Dauendorf,1440,15,1455
Dehlingen,360,7,367
Dettwiller,2612,26,2638
Diebolsheim,694,44,738
Diedendorf,330,12,342
Dieffenbach-au-Val,627,14,641
Dieffenbach-lès-Wœrth,350,5,355
Dieffenthal,256,2,258
Diemeringen,1600,37,1637
Dimbsthal,311,13,324
Dingsheim,1275,19,1294
Dinsheim-sur-Bruche,1476,19,1495
Domfessel,286,4,290
Donnenheim,349,1,350
Dorlisheim,2647,31,2678
Dossenheim-Kochersberg,294,5,299
Dossenheim-sur-Zinsel,1058,26,1084
Drachenbronn-Birlenbach,762,17,779
Drulingen,1460,27,1487
Drusenheim,5154,42,5196
Duntzenheim,643,5,648
Duppigheim,1597,18,1615
Durningen,651,17,668
Durrenbach,1079,18,1097
Durstel,412,11,423
Duttlenheim,2890,29,2919
Eberbach-Seltz,422,7,429
Ebersheim,2239,24,2263
Ebersmunster,521,25,546
Eckartswiller,431,12,443
Eckbolsheim,6857,61,6918
Eckwersheim,1328,18,1346
Eichhoffen,527,12,539
Elsenheim,813,10,823
Engwiller,501,1,502
Entzheim,2390,13,2403
Epfig,2267,75,2342
Erckartswiller,299,2,301
Ergersheim,1358,13,1371
Ernolsheim-Bruche,1875,18,1893
Ernolsheim-lès-Saverne,594,9,603
Erstein,10630,124,10754
Eschau,5303,51,5354
Eschbach,931,11,942
Eschbourg,484,7,491
Eschwiller,183,0,183
Ettendorf,771,5,776
Eywiller,280,5,285
Fegersheim,5737,65,5802
Fessenheim-le-Bas,561,8,569
Flexbourg,457,10,467
Forstfeld,737,4,741
Forstheim,584,5,589
Fort-Louis,296,1,297
Fouchy,656,18,674
Fouday,341,2,343
Friedolsheim,235,1,236
Friesenheim,627,4,631
Frohmuhl,181,4,185
Frœschwiller,503,4,507
Furchhausen,415,8,423
Furdenheim,1315,22,1337
Gambsheim,4883,40,4923
Geispolsheim,7540,76,7616
Geiswiller-Zœbersdorf,408,6,414
Gerstheim,3448,24,3472
Gertwiller,1250,21,1271
Geudertheim,2530,29,2559
Gottenhouse,384,11,395
Gottesheim,346,8,354
Gougenheim,548,13,561
Goxwiller,845,20,865
Grandfontaine,396,7,403
Grassendorf,250,4,254
Grendelbruch,1201,13,1214
Gresswiller,1696,18,1714
Gries,2864,42,2906
Griesheim-près-Molsheim,2188,39,2227
Griesheim-sur-Souffel,1125,18,1143
Gumbrechtshoffen,1175,7,1182
Gundershoffen,3679,56,3735
Gungwiller,279,5,284
Gunstett,655,12,667
Gœrlingen,227,6,233
Gœrsdorf,1072,25,1097
Haegen,677,9,686
Haguenau,34504,546,35050
Handschuheim,268,8,276
Hangenbieten,1554,23,1577
Harskirchen,860,20,880
Hatten,1928,30,1958
Hattmatt,691,4,695
Hegeney,424,7,431
Heidolsheim,523,8,531
Heiligenberg,676,10,686
Heiligenstein,965,20,985
Hengwiller,190,1,191
Herbitzheim,1839,47,1886
Herbsheim,925,10,935
Herrlisheim,4861,51,4912
Hessenheim,620,10,630
Hilsenheim,2633,28,2661
Hindisheim,1502,21,1523
Hinsbourg,112,3,115
Hinsingen,87,1,88
Hipsheim,1010,8,1018
Hirschland,324,7,331
Hochfelden,3987,38,4025
Hochstett,373,5,378
Hoffen,1125,18,1143
Hohengœft,536,8,544
Hohfrankenheim,265,2,267
Le Hohwald,505,13,518
Holtzheim,3656,28,3684
Hunspach,637,16,653
Hurtigheim,834,7,841
Huttendorf,505,3,508
Huttenheim,2701,35,2736
Hœnheim,11215,80,11295
Hœrdt,4370,58,4428
Ichtratzheim,327,4,331
Illkirch-Graffenstaden,26780,666,27446
Ingenheim,333,2,335
Ingolsheim,319,5,324
Ingwiller,4064,37,4101
Innenheim,1188,6,1194
Issenhausen,111,2,113
Ittenheim,2111,24,2135
Itterswiller,242,4,246
Jetterswiller,193,2,195
Kaltenhouse,2333,18,2351
Kauffenheim,215,2,217
Keffenach,193,7,200
Kertzfeld,1221,20,1241
Keskastel,1520,26,1546
Kesseldorf,404,7,411
Kienheim,553,9,562
Kilstett,2510,32,2542
Kindwiller,637,7,644
Kintzheim,1639,31,1670
Kirchheim,706,3,709
Kirrberg,157,4,161
Kirrwiller,540,5,545
Kleingœft,156,3,159
Knœrsheim,222,2,224
Kogenheim,1265,16,1281
Kolbsheim,948,19,967
Krautergersheim,1680,26,1706
Krautwiller,255,6,261
Kriegsheim,781,17,798
Kurtzenhouse,1053,12,1065
Kuttolsheim,622,11,633
Kutzenhausen,915,16,931
Lalaye,471,8,479
Lampertheim,3272,61,3333
Lampertsloch,722,14,736
Landersheim,199,3,202
Langensoultzbach,936,13,949
Laubach,320,5,325
Lauterbourg,2304,26,2330
Lembach,1540,45,1585
Leutenheim,837,12,849
Lichtenberg,557,6,563
Limersheim,654,8,662
Lingolsheim,18324,172,18496
Lipsheim,2600,30,2630
Littenheim,286,4,290
Lixhausen,380,1,381
Lobsann,640,6,646
Lochwiller,417,7,424
Lohr,498,6,504
Lorentzen,241,2,243
Lupstein,794,20,814
Lutzelhouse,1899,28,1927
Mackenheim,765,4,769
Mackwiller,575,13,588
Maennolsheim,231,2,233
Maisonsgoutte,804,18,822
Marckolsheim,4151,64,4215
Marlenheim,4250,65,4315
Marmoutier,2726,46,2772
Matzenheim,1429,107,1536
Meistratzheim,1485,17,1502
Melsheim,591,6,597
Memmelshoffen,332,5,337
Menchhoffen,613,10,623
Merkwiller-Pechelbronn,915,14,929
Mertzwiller,3355,40,3395
Mietesheim,670,12,682
Minversheim,661,11,672
Mittelbergheim,650,18,668
Mittelhausbergen,1984,23,2007
Mittelschaeffolsheim,576,8,584
Mollkirch,923,26,949
Molsheim,9312,214,9526
Mommenheim,1897,20,1917
Monswiller,2077,39,2116
Morsbronn-les-Bains,695,6,701
Morschwiller,587,12,599
Mothern,2006,22,2028
Muhlbach-sur-Bruche,641,54,695
Mulhausen,488,4,492
Munchhausen,763,9,772
Mundolsheim,4731,61,4792
Mussig,1138,33,1171
Muttersholtz,2013,38,2051
Mutzenhouse,456,8,464
Mutzig,6011,50,6061
Natzwiller,542,8,550
Neewiller-près-Lauterbourg,656,14,670
Neubois,698,14,712
Neugartheim-Ittlenheim,799,17,816
Neuhaeusel,351,4,355
Neuve-Église,629,10,639
Neuviller-la-Roche,341,8,349
Neuwiller-lès-Saverne,1113,13,1126
Niederbronn-les-Bains,4404,84,4488
Niederhaslach,1405,14,1419
Niederhausbergen,1590,12,1602
Niederlauterbach,965,21,986
Niedermodern,913,7,920
Niedernai,1270,22,1292
Niederrœdern,931,9,940
Niederschaeffolsheim,1374,12,1386
Niedersoultzbach,276,5,281
Niedersteinbach,122,1,123
Nordheim,887,15,902
Nordhouse,1734,30,1764
Nothalten,456,16,472
Obenheim,1359,22,1381
Oberbronn,1570,26,1596
Oberdorf-Spachbach,363,8,371
Oberhaslach,1780,28,1808
Oberhausbergen,5381,54,5435
Oberhoffen-lès-Wissembourg,324,5,329
Oberhoffen-sur-Moder,3486,28,3514
Oberlauterbach,540,11,551
Obermodern-Zutzendorf,1681,21,1702
Obernai,11279,459,11738
Oberrœdern,525,10,535
Oberschaeffolsheim,2301,24,2325
Obersoultzbach,433,2,435
Obersteinbach,227,2,229
Odratzheim,499,11,510
Oermingen,1250,15,1265
Offendorf,2476,20,2496
Offwiller,796,17,813
Ohlungen,1308,20,1328
Ohnenheim,1032,13,1045
Olwisheim,498,6,504
Orschwiller,603,5,608
Osthoffen,825,17,842
Osthouse,924,17,941
Ostwald,12604,120,12724
Ottersthal,713,18,731
Otterswiller,1339,33,1372
Ottrott,1546,31,1577
Ottwiller,260,5,265
Petersbach,647,12,659
La Petite-Pierre,618,4,622
Pfalzweyer,321,4,325
Pfulgriesheim,1311,17,1328
Plaine,993,11,1004
Plobsheim,4443,39,4482
Preuschdorf,891,5,896
Printzheim,202,4,206
Puberg,353,5,358
Quatzenheim,781,18,799
Rangen,198,6,204
Ranrupt,329,4,333
Ratzwiller,254,3,257
Rauwiller,209,2,211
Reichsfeld,296,9,305
Reichshoffen,5396,84,5480
Reichstett,4418,40,4458
Reinhardsmunster,448,7,455
Reipertswiller,858,6,864
Retschwiller,285,6,291
Reutenbourg,419,11,430
Rexingen,203,1,204
Rhinau,2698,30,2728
Richtolsheim,343,2,345
Riedseltz,1087,33,1120
Rimsdorf,308,9,317
Ringendorf,437,10,447
Rittershoffen,911,14,925
Rohr,311,3,314
Rohrwiller,1634,11,1645
Romanswiller,1239,17,1256
Roppenheim,1003,15,1018
Rosenwiller,686,15,701
Rosheim,5149,109,5258
Rossfeld,1002,10,1012
Rosteig,537,10,547
Rothau,1591,18,1609
Rothbach,468,6,474
Rott,472,10,482
Rottelsheim,307,10,317
Rountzenheim-Auenheim,1937,29,1966
Russ,1254,16,1270
Rœschwoog,2285,47,2332
Saales,837,12,849
Saasenheim,600,10,610
Saessolsheim,570,8,578
Saint-Blaise-la-Roche,228,0,228
Saint-Jean-Saverne,560,13,573
Saint-Martin,352,1,353
Saint-Maurice,367,15,382
Saint-Nabor,485,13,498
Saint-Pierre,648,9,657
Saint-Pierre-Bois,771,26,797
Salmbach,578,12,590
Sand,1283,10,1293
Sarre-Union,2823,44,2867
Sarrewerden,848,19,867
Saulxures,512,12,524
Saverne,11239,309,11548
Schaeffersheim,835,13,848
Schaffhouse-près-Seltz,558,12,570
Schalkendorf,330,5,335
Scharrachbergheim-Irmstett,1215,60,1275
Scheibenhard,822,19,841
Scherlenheim,126,0,126
Scherwiller,3195,53,3248
Schillersdorf,430,11,441
Schiltigheim,31894,176,32070
Schirmeck,2183,49,2232
Schirrhein,2227,18,2245
Schirrhoffen,694,17,711
Schleithal,1428,32,1460
Schnersheim,1613,31,1644
Schopperten,445,10,455
Schweighouse-sur-Moder,4939,60,4999
Schwenheim,760,17,777
Schwindratzheim,1675,20,1695
Schwobsheim,323,7,330
Schœnau,602,8,610
Schœnbourg,428,8,436
Schœnenbourg,688,11,699
Seebach,1672,39,1711
Sélestat,19252,288,19540
Seltz,3235,35,3270
Sermersheim,930,13,943
Sessenheim,2315,33,2348
Siegen,508,9,517
Siewiller,386,5,391
Siltzheim,636,16,652
Solbach,104,1,105
Sommerau,1524,28,1552
Souffelweyersheim,8001,62,8063
Soufflenheim,4889,64,4953
Soultz-les-Bains,947,18,965
Soultz-sous-Forêts,3177,35,3212
Sparsbach,240,3,243
Stattmatten,707,7,714
Steige,609,17,626
Steinbourg,1991,30,2021
Steinseltz,596,22,618
Still,1809,27,1836
Stotzheim,1064,16,1080
Strasbourg,280966,2779,283745
Struth,252,2,254
Stundwiller,491,9,500
Stutzheim-Offenheim,1455,26,1481
Sundhouse,1823,23,1846
Surbourg,1699,23,1722
Thal-Drulingen,184,4,188
Thal-Marmoutier,777,23,800
Thanvillé,594,19,613
Tieffenbach,261,0,261
Traenheim,648,15,663
Triembach-au-Val,463,11,474
Trimbach,574,11,585
Truchtersheim,4029,81,4110
Uhlwiller,688,15,703
Uhrwiller,706,5,711
Urbeis,322,14,336
Urmatt,1478,35,1513
Uttenheim,552,4,556
Uttenhoffen,204,2,206
Uttwiller,161,2,163
Val-de-Moder,5096,65,5161
Valff,1318,13,1331
La Vancelle,402,22,424
Vendenheim,5664,65,5729
Villé,1834,33,1867
Volksberg,354,8,362
Vœllerdingen,398,18,416
Wahlenheim,478,2,480
Walbourg,917,274,1191
Waldersbach,131,1,132
Waldhambach,626,10,636
Waldolwisheim,574,9,583
Waltenheim-sur-Zorn,664,7,671
Wangen,698,11,709
Wangenbourg-Engenthal,1354,17,1371
La Wantzenau,5841,107,5948
Wasselonne,5652,63,5715
Weinbourg,432,6,438
Weislingen,535,8,543
Weitbruch,2832,38,2870
Weiterswiller,521,13,534
Westhoffen,1651,26,1677
Westhouse,1515,26,1541
Westhouse-Marmoutier,306,3,309
Weyer,576,11,587
Weyersheim,3356,36,3392
Wickersheim-Wilshausen,392,6,398
Wildersbach,291,6,297
Willgottheim,1085,18,1103
Wilwisheim,725,6,731
Wimmenau,1081,21,1102
Windstein,164,1,165
Wingen,453,6,459
Wingen-sur-Moder,1626,23,1649
Wingersheim les Quatre Bans,2292,44,2336
Wintershouse,894,12,906
Wintzenbach,544,2,546
Wintzenheim-Kochersberg,425,3,428
Wisches,2105,29,2134
Wissembourg,7537,213,7750
Witternheim,507,5,512
Wittersheim,661,5,666
Wittisheim,2054,24,2078
Wiwersheim,880,13,893
Wolfisheim,4157,56,4213
Wolfskirchen,344,10,354
Wolschheim,320,5,325
Wolxheim,963,13,976
Wœrth,1745,24,1769
Zehnacker,246,3,249
Zeinheim,201,3,204
Zellwiller,794,13,807
Zinswiller,769,11,780
Zittersheim,250,2,252
Algolsheim,1141,13,1154
Altenach,393,4,397
Altkirch,5737,133,5870
Ammerschwihr,1779,47,1826
Andolsheim,2162,64,2226
Appenwihr,579,11,590
Artzenheim,846,11,857
Aspach,1128,20,1148
Aspach-le-Bas,1321,28,1349
Aspach-Michelbach,1788,42,1830
Attenschwiller,973,23,996
Aubure,360,9,369
Baldersheim,2616,47,2663
Balgau,969,18,987
Ballersdorf,824,14,838
Balschwiller,757,17,774
Baltzenheim,574,5,579
Bantzenheim,1608,34,1642
Bartenheim,3837,52,3889
Battenheim,1587,14,1601
Beblenheim,941,24,965
Bellemagny,190,4,194
Bendorf,216,3,219
Bennwihr,1335,26,1361
Berentzwiller,324,9,333
Bergheim,2121,49,2170
Bergholtz,1078,33,1111
Bergholtzzell,433,15,448
Bernwiller,1180,24,1204
Berrwiller,1192,37,1229
Bettendorf,450,8,458
Bettlach,311,16,327
Biederthal,317,13,330
Biesheim,2571,32,2603
Biltzheim,444,11,455
Bischwihr,1039,24,1063
Bisel,544,16,560
Bitschwiller-lès-Thann,1960,23,1983
Blodelsheim,1957,27,1984
Blotzheim,4526,114,4640
Bollwiller,4027,55,4082
Le Bonhomme,752,29,781
Bourbach-le-Bas,560,19,579
Bourbach-le-Haut,420,10,430
Bouxwiller,459,9,468
Bréchaumont,412,11,423
Breitenbach-Haut-Rhin,828,16,844
Bretten,181,3,184
Brinckheim,405,8,413
Bruebach,1061,24,1085
Brunstatt-Didenheim,8012,208,8220
Buethwiller,277,4,281
Buhl,3310,41,3351
Burnhaupt-le-Bas,1878,40,1918
Burnhaupt-le-Haut,1802,45,1847
Buschwiller,1040,17,1057
Carspach,2044,103,2147
Cernay,11565,224,11789
Chalampé,950,19,969
Chavannes-sur-l'Étang,693,9,702
Colmar,69105,1053,70158
Courtavon,368,2,370
Dannemarie,2255,29,2284
Dessenheim,1420,30,1450
Diefmatten,290,6,296
Dietwiller,1447,28,1475
Dolleren,475,11,486
Durlinsdorf,566,7,573
Durmenach,841,16,857
Durrenentzen,907,10,917
Eglingen,365,9,374
Eguisheim,1726,42,1768
Elbach,259,0,259
Emlingen,287,3,290
Ensisheim,7508,70,7578
Eschbach-au-Val,362,14,376
Eschentzwiller,1473,46,1519
Eteimbes,380,5,385
Falkwiller,191,9,200
Feldbach,444,13,457
Feldkirch,990,20,1010
Fellering,1606,32,1638
Ferrette,729,14,743
Fessenheim,2353,48,2401
Fislis,418,6,424
Flaxlanden,1448,47,1495
Folgensbourg,918,14,932
Fortschwihr,1157,40,1197
Franken,349,4,353
Fréland,1343,32,1375
Friesen,644,8,652
Frœningen,739,19,758
Fulleren,342,14,356
Galfingue,805,17,822
Geishouse,441,10,451
Geispitzen,449,8,457
Geiswasser,306,5,311
Gildwiller,271,12,283
Goldbach-Altenbach,286,6,292
Gommersdorf,361,8,369
Griesbach-au-Val,714,14,728
Grussenheim,830,13,843
Gueberschwihr,837,24,861
Guebwiller,11094,320,11414
Guémar,1384,28,1412
Guevenatten,140,2,142
Guewenheim,1302,25,1327
Gundolsheim,699,29,728
Gunsbach,907,15,922
Habsheim,4894,97,4991
Hagenbach,706,16,722
Hagenthal-le-Bas,1220,29,1249
Hagenthal-le-Haut,664,18,682
Hartmannswiller,638,11,649
Hattstatt,785,25,810
Hausgauen,383,9,392
Le Haut Soultzbach,914,24,938
Hecken,497,7,504
Hégenheim,3420,73,3493
Heidwiller,624,13,637
Heimersdorf,660,15,675
Heimsbrunn,1325,49,1374
Heiteren,1040,19,1059
Heiwiller,169,1,170
Helfrantzkirch,692,17,709
Herrlisheim-près-Colmar,1818,24,1842
Hésingue,2719,54,2773
Hettenschlag,331,11,342
Hindlingen,636,10,646
Hirsingue,2121,39,2160
Hirtzbach,1442,20,1462
Hirtzfelden,1261,15,1276
Hochstatt,2143,55,2198
Hohrod,365,12,377
Hombourg,1334,26,1360
Horbourg-Wihr,5967,114,6081
Houssen,2249,22,2271
Hunawihr,602,8,610
Hundsbach,346,5,351
Huningue,7238,88,7326
Husseren-les-Châteaux,514,13,527
Husseren-Wesserling,1048,12,1060
Illfurth,2474,39,2513
Illhaeusern,702,13,715
Illtal,1420,24,1444
Illzach,14691,171,14862
Ingersheim,4678,74,4752
Issenheim,3416,46,3462
Jebsheim,1403,18,1421
Jettingen,502,15,517
Jungholtz,898,22,920
Kappelen,587,15,602
Katzenthal,528,22,550
Kaysersberg Vignoble,4523,95,4618
Kembs,5257,73,5330
Kiffis,249,3,252
Kingersheim,13055,146,13201
Kirchberg,762,21,783
Knœringue,381,11,392
Kruth,941,14,955
Kunheim,1763,29,1792
Kœstlach,506,9,515
Kœtzingue,600,24,624
Labaroche,2165,77,2242
Landser,1601,24,1625
Lapoutroie,1908,40,1948
Largitzen,314,5,319
Lautenbach,1511,37,1548
Lautenbachzell,955,15,970
Lauw,915,16,931
Leimbach,888,28,916
Levoncourt,240,3,243
Leymen,1208,27,1235
Liebenswiller,194,4,198
Liebsdorf,307,10,317
Lièpvre,1724,28,1752
Ligsdorf,311,9,320
Linsdorf,321,12,333
Linthal,599,19,618
Logelheim,818,21,839
Lucelle,34,0,34
Luemschwiller,777,15,792
Luttenbach-près-Munster,742,9,751
Lutter,279,5,284
Lutterbach,6310,94,6404
Magny,308,5,313
Magstatt-le-Bas,475,9,484
Magstatt-le-Haut,283,8,291
Malmerspach,504,2,506
Manspach,560,13,573
Masevaux-Niederbruck,3797,63,3860
Mertzen,209,5,214
Merxheim,1261,25,1286
Metzeral,1060,15,1075
Meyenheim,1480,9,1489
Michelbach-le-Bas,697,8,705
Michelbach-le-Haut,597,11,608
Mittelwihr,832,16,848
Mittlach,335,1,336
Mitzach,390,8,398
Mollau,349,7,356
Montreux-Jeune,370,9,379
Montreux-Vieux,899,8,907
Moosch,1677,23,1700
Mooslargue,417,6,423
Morschwiller-le-Bas,3766,83,3849
Muespach,899,13,912
Muespach-le-Haut,1065,20,1085
Muhlbach-sur-Munster,767,14,781
Mulhouse,109443,1169,110612
Munchhouse,1519,25,1544
Munster,4606,82,4688
Muntzenheim,1257,33,1290
Munwiller,475,16,491
Murbach,159,3,162
Mœrnach,529,11,540
Nambsheim,586,7,593
Neuf-Brisach,1931,13,1944
Neuwiller,463,14,477
Niederentzen,715,10,725
Niederhergheim,1129,15,1144
Niedermorschwihr,539,14,553
Niffer,946,25,971
Oberbruck,393,14,407
Oberentzen,637,10,647
Oberhergheim,1202,12,1214
Oberlarg,138,1,139
Obermorschwihr,359,6,365
Obermorschwiller,407,15,422
Obersaasheim,1033,13,1046
Oderen,1268,15,1283
Oltingue,686,22,708
Orbey,3552,67,3619
Orschwihr,1043,18,1061
Osenbach,890,19,909
Ostheim,1612,29,1641
Ottmarsheim,1885,30,1915
Petit-Landau,828,21,849
Pfaffenheim,1457,21,1478
Pfastatt,9579,128,9707
Pfetterhouse,980,23,1003
Porte du Ried,1782,51,1833
Pulversheim,2960,76,3036
Raedersdorf,513,7,520
Raedersheim,1108,24,1132
Rammersmatt,223,6,229
Ranspach,819,16,835
Ranspach-le-Bas,646,8,654
Ranspach-le-Haut,628,11,639
Rantzwiller,795,23,818
Réguisheim,1895,28,1923
Reiningue,1981,24,2005
Retzwiller,709,8,717
Ribeauvillé,4729,164,4893
Richwiller,3689,61,3750
Riedisheim,12645,353,12998
Riespach,643,40,683
Rimbach-près-Guebwiller,187,1,188
Rimbach-près-Masevaux,464,17,481
Rimbachzell,198,2,200
Riquewihr,1077,19,1096
Rixheim,13902,212,14114
Roderen,887,26,913
Rodern,362,6,368
Roggenhouse,469,6,475
Romagny,263,4,267
Rombach-le-Franc,780,22,802
Roppentzwiller,698,10,708
Rorschwihr,372,8,380
Rosenau,2374,51,2425
Rouffach,4518,266,4784
Ruederbach,399,4,403
Ruelisheim,2297,39,2336
Rumersheim-le-Haut,1079,26,1105
Rustenhart,859,15,874
Saint-Amarin,2262,41,2303
Saint-Bernard,571,9,580
Saint-Cosme,91,1,92
Saint-Hippolyte,966,15,981
Saint-Louis,21177,280,21457
Saint-Ulrich,308,0,308
Sainte-Croix-aux-Mines,1922,28,1950
Sainte-Croix-en-Plaine,2978,65,3043
Sainte-Marie-aux-Mines,5095,125,5220
Sausheim,5501,121,5622
Schlierbach,1227,24,1251
Schweighouse-Thann,767,27,794
Schwoben,228,8,236
Sentheim,1577,30,1607
Seppois-le-Bas,1378,25,1403
Seppois-le-Haut,511,7,518
Sewen,501,7,508
Sickert,327,13,340
Sierentz,3696,73,3769
Sondernach,615,12,627
Sondersdorf,335,6,341
Soppe-le-Bas,763,12,775
Soultz-Haut-Rhin,7072,132,7204
Soultzbach-les-Bains,735,22,757
Soultzeren,1121,19,1140
Soultzmatt,2411,52,2463
Spechbach,1334,44,1378
Staffelfelden,3959,64,4023
Steinbach,1360,25,1385
Steinbrunn-le-Bas,757,23,780
Steinbrunn-le-Haut,583,16,599
Steinsoultz,769,9,778
Sternenberg,155,7,162
Stetten,351,6,357
Storckensohn,207,1,208
Stosswihr,1352,34,1386
Strueth,331,8,339
Sundhoffen,1938,57,1995
Tagolsheim,928,13,941
Tagsdorf,294,6,300
Thann,7780,141,7921
Thannenkirch,463,6,469
Traubach-le-Bas,478,6,484
Traubach-le-Haut,604,9,613
Turckheim,3776,79,3855
Ueberstrass,375,14,389
Uffheim,885,27,912
Uffholtz,1795,34,1829
Ungersheim,2341,31,2372
Urbès,435,9,444
Urschenheim,735,25,760
Valdieu-Lutran,421,4,425
Vieux-Ferrette,688,20,708
Vieux-Thann,2843,46,2889
Village-Neuf,4284,82,4366
Vogelgrun,649,13,662
Volgelsheim,2668,26,2694
Vœgtlinshoffen,489,15,504
Wahlbach,497,17,514
Walbach,904,36,940
Waldighofen,1540,27,1567
Walheim,896,20,916
Waltenheim,532,16,548
Wasserbourg,463,12,475
Wattwiller,1634,47,1681
Weckolsheim,665,4,669
Wegscheid,322,6,328
Wentzwiller,756,15,771
Werentzhouse,544,14,558
Westhalten,988,15,1003
Wettolsheim,1733,62,1795
Wickerschwihr,732,31,763
Widensolen,1177,21,1198
Wihr-au-Val,1263,41,1304
Wildenstein,180,4,184
Willer,308,9,317
Willer-sur-Thur,1825,41,1866
Winkel,304,12,316
Wintzenheim,7594,402,7996
Wittelsheim,10355,162,10517
Wittenheim,14317,113,14430
Wittersdorf,806,18,824
Wolfersdorf,372,3,375
Wolfgantzen,1048,21,1069
Wolschwiller,453,11,464
Wuenheim,799,19,818
Zaessingue,378,4,382
Zellenberg,322,5,327
Zillisheim,2572,64,2636
Zimmerbach,843,25,868
Zimmersheim,1016,42,1058
Affoux,369,3,372
Aigueperse,248,1,249
Albigny-sur-Saône,2880,39,2919
Alix,763,23,786
Ambérieux,578,9,587
Amplepuis,4976,121,5097
Ampuis,2713,43,2756
Ancy,640,15,655
Anse,7178,154,7332
L' Arbresle,6398,196,6594
Les Ardillats,622,15,637
Arnas,3778,78,3856
Aveize,1127,22,1149
Azolette,120,0,120
Bagnols,731,21,752
Beaujeu,2157,33,2190
Beauvallon,4013,73,4086
Belleville-en-Beaujolais,12971,269,13240
Belmont-d'Azergues,631,17,648
Bessenay,2293,80,2373
Bibost,575,14,589
Blacé,1631,25,1656
Le Breuil,530,10,540
Brignais,11434,176,11610
Brindas,6174,106,6280
Bron,41543,477,42020
Brullioles,816,15,831
Brussieu,1376,93,1469
Bully,1982,37,2019
Cailloux-sur-Fontaines,2722,70,2792
Caluire-et-Cuire,43187,629,43816
Cenves,391,7,398
Cercié,1128,22,1150
Chabanière,4183,93,4276
Chambost-Allières,839,6,845
Chambost-Longessaigne,938,25,963
Chamelet,682,10,692
Champagne-au-Mont-d'Or,5526,53,5579
La Chapelle-sur-Coise,573,15,588
Chaponnay,4273,65,4338
Chaponost,8717,171,8888
Charbonnières-les-Bains,5067,141,5208
Charentay,1240,68,1308
Charly,4541,138,4679
Charnay,1057,23,1080
Chasselay,2784,65,2849
Chassieu,10359,146,10505
Châtillon,2137,47,2184
Chaussan,1116,29,1145
Chazay-d'Azergues,4130,115,4245
Chénas,545,13,558
Chénelette,321,6,327
Les Chères,1453,26,1479
Chessy,2063,48,2111
Chevinay,557,12,569
Chiroubles,391,10,401
Civrieux-d'Azergues,1515,28,1543
Claveisolles,635,95,730
Cogny,1167,34,1201
Coise,769,22,791
Collonges-au-Mont-d'Or,4052,83,4135
Colombier-Saugnieu,2613,30,2643
Communay,4197,84,4281
Condrieu,3897,80,3977
Corbas,11050,60,11110
Corcelles-en-Beaujolais,942,15,957
Cours,4449,80,4529
Courzieu,1118,20,1138
Couzon-au-Mont-d'Or,2516,48,2564
Craponne,11067,186,11253
Cublize,1266,28,1294
Curis-au-Mont-d'Or,1172,31,1203
Dardilly,8600,556,9156
Décines-Charpieu,28602,128,28730
Denicé,1513,48,1561
Deux-Grosnes,1905,41,1946
Dième,186,2,188
Dommartin,2576,98,2674
Dracé,956,13,969
Duerne,829,16,845
Échalas,1799,15,1814
Écully,18517,348,18865
Émeringes,259,7,266
Éveux,1169,29,1198
Feyzin,9857,53,9910
Fleurie,1265,21,1286
Fleurieu-sur-Saône,1449,40,1489
Fleurieux-sur-l'Arbresle,2334,64,2398
Fontaines-Saint-Martin,3052,74,3126
Fontaines-sur-Saône,7069,75,7144
Francheville,14198,266,14464
Frontenas,815,24,839
Genas,12734,207,12941
Genay,5470,104,5574
Givors,19975,114,20089
Gleizé,7472,339,7811
Grandris,1181,20,1201
Grézieu-la-Varenne,5734,112,5846
Grézieu-le-Marché,815,17,832
Grigny,9662,72,9734
Les Haies,785,20,805
Les Halles,492,7,499
Haute-Rivoire,1444,28,1472
Irigny,8641,99,8740
Jonage,5903,75,5978
Jons,1487,12,1499
Joux,691,22,713
Juliénas,909,21,930
Jullié,435,9,444
Lacenas,972,34,1006
Lachassagne,1118,22,1140
Lamure-sur-Azergues,1048,66,1114
Lancié,1021,23,1044
Lantignié,880,30,910
Larajasse,1853,30,1883
Légny,667,17,684
Lentilly,5793,137,5930
Létra,922,28,950
Limas,4803,102,4905
Limonest,3664,101,3765
Lissieu,3122,74,3196
Loire-sur-Rhône,2559,31,2590
Longes,977,9,986
Longessaigne,595,16,611
Lozanne,2626,41,2667
Lucenay,1808,35,1843
Lyon 1er Arrondissement,29352,790,30142
Lyon 2e Arrondissement,30520,378,30898
Lyon 3e Arrondissement,101744,1008,102752
Lyon 4e Arrondissement,35949,420,36369
Lyon 5e Arrondissement,49409,1064,50473
Lyon 6e Arrondissement,51777,791,52568
Lyon 7e Arrondissement,81566,539,82105
Lyon 8e Arrondissement,85088,1022,86110
Lyon 9e Arrondissement,50687,575,51262
Marchampt,462,9,471
Marcilly-d'Azergues,875,14,889
Marcy,726,27,753
Marcy-l'Étoile,3657,57,3714
Marennes,1688,20,1708
Meaux-la-Montagne,237,3,240
Messimy,3381,84,3465
Meys,850,15,865
Meyzieu,33477,248,33725
Millery,4331,83,4414
Mions,13542,119,13661
Moiré,210,9,219
Montagny,2959,41,3000
Montanay,3142,113,3255
Montmelas-Saint-Sorlin,502,7,509
Montromant,456,9,465
Montrottier,1385,78,1463
Morancé,1970,45,2015
Mornant,5938,202,6140
La Mulatière,6334,89,6423
Neuville-sur-Saône,7514,95,7609
Odenas,927,25,952
Orliénas,2444,65,2509
Oullins,26273,292,26565
Le Perréon,1587,39,1626
Pierre-Bénite,10390,63,10453
Poleymieux-au-Mont-d'Or,1332,44,1376
Pollionnay,2637,49,2686
Pomeys,1145,31,1176
Pommiers,2637,78,2715
Porte des Pierres Dorées,3753,92,3845
Poule-les-Écharmeaux,1102,25,1127
Propières,468,30,498
Pusignan,4114,37,4151
Quincié-en-Beaujolais,1325,34,1359
Quincieux,3467,51,3518
Ranchal,319,10,329
Régnié-Durette,1119,25,1144
Rillieux-la-Pape,30012,354,30366
Riverie,322,2,324
Rivolet,579,11,590
Rochetaillée-sur-Saône,1528,23,1551
Ronno,636,23,659
Rontalon,1162,18,1180
Sain-Bel,2316,24,2340
Saint-André-la-Côte,284,9,293
Saint-Appolinaire,213,1,214
Saint-Bonnet-de-Mure,6800,79,6879
Saint-Bonnet-des-Bruyères,356,2,358
Saint-Bonnet-le-Troncy,313,3,316
Saint-Clément-de-Vers,226,2,228
Saint-Clément-les-Places,640,21,661
Saint-Clément-sur-Valsonne,909,9,918
Saint-Cyr-au-Mont-d'Or,5576,136,5712
Saint-Cyr-le-Chatoux,145,7,152
Saint-Cyr-sur-le-Rhône,1306,33,1339
Saint-Didier-au-Mont-d'Or,6785,154,6939
Saint-Didier-sur-Beaujeu,616,10,626
Saint-Étienne-des-Oullières,2207,39,2246
Saint-Étienne-la-Varenne,741,7,748
Saint-Fons,18802,57,18859
Saint-Forgeux,1486,33,1519
Saint-Genis-l'Argentière,1041,17,1058
Saint-Genis-Laval,21217,478,21695
Saint-Genis-les-Ollières,4984,88,5072
Saint-Georges-de-Reneins,4378,90,4468
Saint-Germain-au-Mont-d'Or,3085,48,3133
Saint-Germain-Nuelles,2265,61,2326
Saint-Igny-de-Vers,582,16,598
Saint-Jean-des-Vignes,432,10,442
Saint-Jean-la-Bussière,1214,28,1242
Saint-Julien,854,19,873
Saint-Julien-sur-Bibost,562,12,574
Saint-Just-d'Avray,747,28,775
Saint-Lager,1040,17,1057
Saint-Laurent-d'Agny,2139,57,2196
Saint-Laurent-de-Chamousset,1827,113,1940
Saint-Laurent-de-Mure,5377,65,5442
Saint-Marcel-l'Éclairé,524,14,538
Saint-Martin-en-Haut,3865,189,4054
Saint-Nizier-d'Azergues,790,14,804
Saint-Pierre-de-Chandieu,4520,58,4578
Saint-Pierre-la-Palud,2635,42,2677
Saint-Priest,46207,290,46497
Saint-Romain-au-Mont-d'Or,1211,59,1270
Saint-Romain-de-Popey,1560,71,1631
Saint-Romain-en-Gal,1889,112,2001
Saint-Romain-en-Gier,579,5,584
Saint-Symphorien-d'Ozon,5735,56,5791
Saint-Symphorien-sur-Coise,3682,94,3776
Saint-Vérand,1192,23,1215
Saint-Vincent-de-Reins,630,6,636
Sainte-Catherine,980,20,1000
Sainte-Colombe,1909,29,1938
Sainte-Consorce,1939,91,2030
Sainte-Foy-l'Argentière,1281,25,1306
Sainte-Foy-lès-Lyon,22012,371,22383
Sainte-Paule,324,7,331
Salles-Arbuissonnas-en-Beaujolais,791,28,819
Sarcey,1002,25,1027
Sathonay-Camp,5934,59,5993
Sathonay-Village,2360,48,2408
Les Sauvages,612,13,625
Savigny,2009,57,2066
Sérézin-du-Rhône,2664,36,2700
Simandres,1812,9,1821
Solaize,2922,32,2954
Soucieu-en-Jarrest,4515,83,4598
Sourcieux-les-Mines,2029,45,2074
Souzy,813,20,833
Taluyers,2539,62,2601
Taponas,976,16,992
Tarare,10582,281,10863
Tassin-la-Demi-Lune,22297,394,22691
Ternand,684,26,710
Ternay,5514,61,5575
Theizé,1247,38,1285
Thizy-les-Bourgs,6031,127,6158
Thurins,3050,62,3112
La Tour-de-Salvagny,4050,96,4146
Toussieu,3080,26,3106
Trèves,737,9,746
Tupin-et-Semons,617,10,627
Val d'Oingt,4037,112,4149
Valsonne,952,12,964
Vaugneray,5734,108,5842
Vaulx-en-Velin,49658,270,49928
Vaux-en-Beaujolais,1087,19,1106
Vauxrenard,321,7,328
Vénissieux,65894,308,66202
Vernaison,4998,54,5052
Vernay,101,1,102
Ville-sur-Jarnioux,806,33,839
Villechenève,883,20,903
Villefranche-sur-Saône,36857,446,37303
Villeurbanne,147712,1042,148754
Villié-Morgon,2111,120,2231
Vindry-sur-Turdine,5133,93,5226
Vourles,3411,90,3501
Yzeron,1022,24,1046
Abelcourt,354,5,359
Aboncourt-Gesincourt,214,7,221
Achey,70,0,70
Adelans-et-le-Val-de-Bithaine,301,7,308
Aillevans,148,1,149
Aillevillers-et-Lyaumont,1551,110,1661
Ailloncourt,302,5,307
Ainvelle,148,2,150
Aisey-et-Richecourt,107,0,107
Alaincourt,112,2,114
Amage,338,4,342
Amance,652,15,667
Ambiévillers,73,0,73
Amblans-et-Velotte,396,5,401
Amoncourt,286,7,293
Amont-et-Effreney,164,3,167
Anchenoncourt-et-Chazel,241,2,243
Ancier,502,5,507
Andelarre,134,4,138
Andelarrot,237,2,239
Andornay,203,5,208
Angirey,140,3,143
Anjeux,144,4,148
Apremont,460,14,474
Arbecey,259,6,265
Arc-lès-Gray,2540,27,2567
Argillières,75,1,76
Aroz,148,3,151
Arpenans,245,2,247
Arsans,48,2,50
Athesans-Étroitefontaine,654,13,667
Attricourt,44,0,44
Augicourt,177,4,181
Aulx-lès-Cromary,167,2,169
Autet,262,26,288
Authoison,320,11,331
Autoreille,337,4,341
Autrey-le-Vay,92,1,93
Autrey-lès-Cerre,234,1,235
Autrey-lès-Gray,374,9,383
Auvet-et-la-Chapelotte,238,8,246
Auxon,419,19,438
Avrigney-Virey,420,7,427
Les Aynans,351,7,358
Baignes,104,1,105
Bard-lès-Pesmes,145,1,146
Barges,94,2,96
La Barre,101,0,101
La Basse-Vaivre,37,0,37
Bassigney,127,3,130
Les Bâties,79,1,80
Battrans,237,3,240
Baudoncourt,533,10,543
Baulay,297,6,303
Bay,142,1,143
Beaujeu-Saint-Vallier-Pierrejux-et-Quitteur,934,15,949
Beaumotte-Aubertans,458,9,467
Beaumotte-lès-Pin,307,4,311
Belfahy,81,3,84
Belmont,137,5,142
Belonchamp,204,4,208
Belverne,145,3,148
Besnans,79,1,80
Betaucourt,170,1,171
Betoncourt-lès-Brotte,122,0,122
Betoncourt-Saint-Pancras,50,2,52
Betoncourt-sur-Mance,29,2,31
Beulotte-Saint-Laurent,58,0,58
Beveuge,83,2,85
Blondefontaine,269,3,272
Bonboillon,199,2,201
Bonnevent-Velloreille,378,8,386
Borey,230,4,234
Bougey,93,2,95
Bougnon,545,11,556
Bouhans-et-Feurg,239,7,246
Bouhans-lès-Lure,323,6,329
Bouhans-lès-Montbozon,142,3,145
Bouligney,410,10,420
Boulot,690,6,696
Boult,623,12,635
Bourbévelle,78,1,79
Bourguignon-lès-Conflans,141,3,144
Bourguignon-lès-la-Charité,116,2,118
Bourguignon-lès-Morey,47,3,50
Boursières,57,1,58
Bousseraucourt,49,1,50
Bresilley,188,3,191
Breuches,688,11,699
Breuchotte,300,6,306
Breurey-lès-Faverney,635,10,645
Brevilliers,634,17,651
Briaucourt,239,10,249
Brotte-lès-Luxeuil,208,2,210
Brotte-lès-Ray,75,1,76
Broye-Aubigney-Montseugny,486,6,492
Broye-les-Loups-et-Verfontaine,127,0,127
Brussey,276,10,286
La Bruyère,218,3,221
Bucey-lès-Gy,592,14,606
Bucey-lès-Traves,123,1,124
Buffignécourt,116,4,120
Bussières,425,4,429
Buthiers,308,2,310
Calmoutier,266,4,270
Cemboing,180,5,185
Cenans,125,3,128
Cendrecourt,207,2,209
Cerre-lès-Noroy,233,6,239
Chagey,634,12,646
Châlonvillars,1248,34,1282
Chambornay-lès-Bellevaux,185,3,188
Chambornay-lès-Pin,361,12,373
Champagney,3788,76,3864
Champey,875,16,891
Champlitte,1639,34,1673
Champtonnay,101,1,102
Champvans,180,2,182
Chancey,200,6,206
Chantes,119,9,128
La Chapelle-lès-Luxeuil,382,9,391
La Chapelle-Saint-Quillain,154,3,157
Charcenne,336,9,345
Chargey-lès-Gray,694,68,762
Chargey-lès-Port,237,7,244
Chariez,207,2,209
Charmes-Saint-Valbert,38,1,39
Charmoille,484,11,495
Chassey-lès-Montbozon,217,9,226
Chassey-lès-Scey,131,3,134
Châteney,64,1,65
Châtenois,118,2,120
Chaumercenne,187,3,190
Chauvirey-le-Châtel,123,4,127
Chauvirey-le-Vieil,34,1,35
Chaux-la-Lotière,454,10,464
Chaux-lès-Port,159,4,163
Chavanne,239,2,241
Chemilly,88,1,89
Chenebier,695,17,712
Chenevrey-et-Morogne,308,2,310
Chevigney,36,0,36
Choye,453,37,490
Cintrey,94,1,95
Cirey,368,6,374
Citers,778,14,792
Citey,103,1,104
Clairegoutte,379,4,383
Clans,106,2,108
Cognières,92,0,92
Coisevaux,327,20,347
Colombe-lès-Vesoul,460,14,474
Colombier,452,5,457
Colombotte,85,1,86
Combeaufontaine,542,46,588
Comberjon,161,6,167
Conflandey,360,13,373
Conflans-sur-Lanterne,623,18,641
Confracourt,216,5,221
Contréglise,118,2,120
Corbenay,1282,30,1312
La Corbière,106,1,107
Cordonnet,142,2,144
Cornot,139,4,143
Corravillers,190,3,193
Corre,596,18,614
La Côte,519,12,531
Coulevon,173,3,176
Courchaton,449,10,459
Courcuire,128,2,130
Courmont,136,0,136
Courtesoult-et-Gatey,61,0,61
Couthenans,730,21,751
Cresancey,181,9,190
La Creuse,74,1,75
Crevans-et-la-Chapelle-lès-Granges,264,3,267
Creveney,57,1,58
Cromary,245,4,249
Cubry-lès-Faverney,178,3,181
Cugney,205,2,207
Cult,233,5,238
Cuve,141,9,150
Dambenoît-lès-Colombe,277,4,281
Dampierre-lès-Conflans,260,9,269
Dampierre-sur-Linotte,802,16,818
Dampierre-sur-Salon,1263,26,1289
Dampvalley-lès-Colombe,113,0,113
Dampvalley-Saint-Pancras,32,1,33
Delain,219,1,220
Demangevelle,278,7,285
La Demie,142,3,145
Denèvre,165,4,169
Échavanne,205,2,207
Échenans-sous-Mont-Vaudois,522,7,529
Échenoz-la-Méline,3231,75,3306
Échenoz-le-Sec,298,5,303
Écromagny,158,5,163
Écuelle,70,2,72
Éhuns,234,4,238
Équevilley,123,6,129
Errevet,248,11,259
Esboz-Brest,428,23,451
Esmoulières,97,1,98
Esmoulins,136,1,137
Esprels,733,16,749
Essertenne-et-Cecey,411,6,417
Étobon,288,5,293
Étrelles-et-la-Montbleuse,77,1,78
Étuz,666,14,680
Fahy-lès-Autrey,112,6,118
Fallon,313,4,317
Faucogney-et-la-Mer,530,15,545
Faverney,961,14,975
Faymont,262,7,269
Fédry,97,4,101
Ferrières-lès-Ray,33,2,35
Ferrières-lès-Scey,124,5,129
Les Fessey,136,2,138
Filain,235,5,240
Flagy,156,2,158
Fleurey-lès-Faverney,466,9,475
Fleurey-lès-Lavoncourt,99,0,99
Fleurey-lès-Saint-Loup,134,4,138
Fondremand,198,6,204
Fontaine-lès-Luxeuil,1351,29,1380
Fontenois-la-Ville,135,0,135
Fontenois-lès-Montbozon,328,10,338
Fouchécourt,110,0,110
Fougerolles-Saint-Valbert,3803,128,3931
Fouvent-Saint-Andoche,214,3,217
Frahier-et-Chatebier,1378,25,1403
Framont,176,3,179
Francalmont,120,3,123
Franchevelle,428,7,435
Francourt,101,4,105
Frasne-le-Château,292,28,320
Frédéric-Fontaine,258,8,266
Fresne-Saint-Mamès,505,4,509
Fresse,721,13,734
Fretigney-et-Velloreille,735,7,742
Froideconche,1980,47,2027
Froideterre,371,12,383
Frotey-lès-Lure,691,21,712
Frotey-lès-Vesoul,1411,34,1445
Genevreuille,165,4,169
Genevrey,243,2,245
Georfans,59,0,59
Germigney,161,5,166
Gevigney-et-Mercey,482,7,489
Gézier-et-Fontenelay,211,3,214
Girefontaine,37,0,37
Gouhenans,388,10,398
Gourgeon,208,13,221
Grammont,66,1,67
La Grande-Résie,86,1,87
Grandecourt,48,0,48
Grandvelle-et-le-Perrenot,371,5,376
Granges-la-Ville,185,8,193
Granges-le-Bourg,387,10,397
Grattery,213,4,217
Gray,5512,404,5916
Gray-la-Ville,955,37,992
Gy,1049,21,1070
Haut-du-Them-Château-Lambert,434,9,443
Hautevelle,267,9,276
Héricourt,10601,280,10881
Hugier,128,3,131
Hurecourt,40,2,42
Hyet,124,0,124
Igny,200,2,202
Jasney,233,10,243
Jonvelle,126,2,128
Jussey,1613,43,1656
Lambrey,83,2,85
Lantenot,353,5,358
La Lanterne-et-les-Armonts,215,5,220
Larians-et-Munans,260,2,262
Larret,60,3,63
Lavigney,121,0,121
Lavoncourt,309,4,313
Lieffrans,62,0,62
Lieucourt,77,1,78
Liévans,148,2,150
Linexert,128,1,129
Lomont,443,4,447
Longevelle,125,7,132
La Longine,226,7,233
Loulans-Verchamp,453,15,468
Lure,8207,202,8409
Luxeuil-les-Bains,6722,286,7008
Luze,707,22,729
Lyoffans,375,5,380
Lœuilley,104,2,106
Magnivray,168,8,176
Magnoncourt,418,13,431
Le Magnoray,89,4,93
Les Magny,139,4,143
Magny-Danigon,439,15,454
Magny-Jobert,110,1,111
Magny-lès-Jussey,103,0,103
Magny-Vernois,1376,31,1407
Mailleroncourt-Charette,279,6,285
Mailleroncourt-Saint-Pancras,192,1,193
Mailley-et-Chazelot,649,14,663
Maizières,363,29,392
La Malachère,307,4,311
Malans,134,4,138
Malbouhans,335,4,339
Malvillers,63,4,67
Mandrevillars,242,7,249
Mantoche,448,20,468
Marast,55,1,56
Marnay,1481,22,1503
Maussans,67,1,68
Mélecey,144,3,147
Melin,58,2,60
Melincourt,237,3,240
Mélisey,1681,36,1717
Membrey,217,31,248
Menoux,301,5,306
Mercey-sur-Saône,133,2,135
Mersuay,289,5,294
Meurcourt,330,10,340
Mignavillers,339,5,344
Moffans-et-Vacheresse,625,12,637
Moimay,236,3,239
Molay,67,0,67
Mollans,234,3,237
Mont-le-Vernois,171,3,174
Mont-Saint-Léger,51,0,51
La Montagne,37,0,37
Montagney,514,8,522
Montarlot-lès-Rioz,285,7,292
Montboillon,270,6,276
Montbozon,562,94,656
Montcey,276,4,280
Montcourt,55,0,55
Montdoré,73,1,74
Montessaux,162,6,168
Montigny-lès-Cherlieu,157,6,163
Montigny-lès-Vesoul,660,19,679
Montjustin-et-Velotte,121,4,125
Montot,132,3,135
Montureux-et-Prantigny,208,1,209
Montureux-lès-Baulay,156,4,160
Motey-Besuche,103,2,105
Nantilly,481,10,491
Navenne,1660,57,1717
Neurey-en-Vaux,176,6,182
Neurey-lès-la-Demie,328,11,339
Neuvelle-lès-Cromary,403,5,408
Neuvelle-lès-la-Charité,225,5,230
La Neuvelle-lès-Lure,333,9,342
La Neuvelle-lès-Scey,187,7,194
Noidans-le-Ferroux,687,10,697
Noidans-lès-Vesoul,1992,68,2060
Noiron,57,1,58
Noroy-le-Bourg,497,11,508
Oigney,41,2,43
Oiselay-et-Grachaux,422,6,428
Onay,60,4,64
Oppenans,53,1,54
Oricourt,38,1,39
Ormenans,77,0,77
Ormoiche,65,4,69
Ormoy,215,7,222
Ouge,102,3,105
Ovanches,133,1,134
Oyrières,381,11,392
Palante,239,4,243
Passavant-la-Rochère,603,19,622
Pennesières,193,4,197
Percey-le-Grand,83,1,84
Perrouse,267,6,273
Pesmes,1084,29,1113
Pierrecourt,113,2,115
Pin,700,4,704
La Pisseure,37,0,37
Plainemont,68,0,68
Plancher-Bas,1965,36,2001
Plancher-les-Mines,975,15,990
Polaincourt-et-Clairefontaine,734,9,743
Pomoy,210,7,217
Pont-du-Bois,108,5,113
Pont-sur-l'Ognon,67,0,67
Pontcey,324,9,333
Port-sur-Saône,2971,57,3028
Poyans,146,1,147
Preigney,108,1,109
La Proiselière-et-Langle,146,6,152
Provenchère,260,7,267
Purgerot,342,9,351
Pusey,1474,50,1524
Pusy-et-Épenoux,552,12,564
La Quarte,66,1,67
Quenoche,249,3,252
Quers,345,7,352
Quincey,1399,39,1438
Raddon-et-Chapendu,861,23,884
Raincourt,121,0,121
Ranzevelle,17,0,17
Ray-sur-Saône,210,3,213
Raze,352,7,359
Recologne,32,2,34
Recologne-lès-Rioz,249,3,252
Renaucourt,105,4,109
La Résie-Saint-Martin,158,2,160
Rignovelle,112,0,112
Rigny,595,10,605
Rioz,2270,90,2360
Roche-et-Raucourt,160,2,162
La Roche-Morey,281,4,285
Roche-sur-Linotte-et-Sorans-les-Cordiers,66,0,66
La Rochelle,39,0,39
La Romaine,511,4,515
Ronchamp,2757,31,2788
Rosey,268,3,271
La Rosière,80,3,83
Rosières-sur-Mance,49,2,51
Roye,1553,29,1582
Ruhans,155,5,160
Rupt-sur-Saône,111,5,116
Saint-Barthélemy,1115,29,1144
Saint-Bresson,439,10,449
Saint-Broing,115,3,118
Saint-Ferjeux,78,2,80
Saint-Gand,137,1,138
Saint-Germain,1344,25,1369
Saint-Loup-Nantouard,122,3,125
Saint-Loup-sur-Semouse,3221,80,3301
Saint-Marcel,93,1,94
Saint-Rémy-en-Comté,571,5,576
Saint-Sauveur,1920,43,1963
Saint-Sulpice,131,2,133
Sainte-Marie-en-Chanois,216,5,221
Sainte-Marie-en-Chaux,161,3,164
Sainte-Reine,31,1,32
Saponcourt,64,1,65
Saulnot,752,13,765
Saulx,898,16,914
Sauvigney-lès-Gray,102,4,106
Sauvigney-lès-Pesmes,139,7,146
Savoyeux,210,4,214
Scey-sur-Saône-et-Saint-Albin,1545,26,1571
Scye,135,4,139
Secenans,178,3,181
Selles,204,7,211
Semmadon,116,3,119
Senargent-Mignafans,295,3,298
Senoncourt,196,1,197
Servance-Miellin,816,32,848
Servigney,122,0,122
Seveux-Motey,488,6,494
Soing-Cubry-Charentenay,570,10,580
Sorans-lès-Breurey,441,7,448
Sornay,337,6,343
Tartécourt,27,1,28
Ternuay-Melay-et-Saint-Hilaire,487,14,501
Theuley,104,2,106
Thieffrans,173,11,184
Thiénans,93,3,96
Tincey-et-Pontrebeau,86,1,87
Traitiéfontaine,162,2,164
Traves,362,13,375
Le Tremblois,176,9,185
Trémoins,386,13,399
Trésilley,221,7,228
Tromarey,101,1,102
Vadans,134,3,137
Vaite,218,4,222
La Vaivre,216,5,221
Vaivre-et-Montoille,2417,60,2477
Le Val-de-Gouhenans,66,1,67
Le Val-Saint-Éloi,100,2,102
Valay,693,11,704
Vallerois-le-Bois,256,4,260
Vallerois-Lorioz,370,18,388
Vandelans,111,0,111
Vanne,103,3,106
Vantoux-et-Longevelle,181,4,185
Varogne,146,4,150
Vars,203,3,206
Vauchoux,111,3,114
Vauconcourt-Nervezain,215,3,218
Vauvillers,660,15,675
Vaux-le-Moncelot,70,0,70
Velesmes-Échevanne,485,10,495
Velet,393,15,408
Velle-le-Châtel,132,2,134
Vellechevreux-et-Courbenans,128,0,128
Velleclaire,109,2,111
Vellefaux,499,7,506
Vellefrey-et-Vellefrange,121,0,121
Vellefrie,127,1,128
Velleguindry-et-Levrecey,156,1,157
Velleminfroy,298,6,304
Vellemoz,82,0,82
Vellexon-Queutrey-et-Vaudey,453,13,466
Velloreille-lès-Choye,78,4,82
Velorcey,209,4,213
Venère,218,5,223
Venisey,136,3,139
Vereux,227,23,250
La Vergenne,118,2,120
Verlans,174,3,177
Vernois-sur-Mance,146,1,147
La Vernotte,76,1,77
Vesoul,14916,812,15728
Villafans,211,4,215
Villargent,120,2,122
Villars-le-Pautel,193,2,195
La Villedieu-en-Fontenette,176,2,178
Villefrancon,140,2,142
La Villeneuve-Bellenoye-et-la-Maize,139,2,141
Villeparois,206,5,211
Villers-Bouton,162,2,164
Villers-Chemin-et-Mont-lès-Étrelles,123,0,123
Villers-la-Ville,146,3,149
Villers-le-Sec,531,13,544
Villers-lès-Luxeuil,303,11,314
Villers-Pater,51,2,53
Villers-sur-Port,208,5,213
Villers-sur-Saulnot,133,0,133
Villers-Vaudey,58,4,62
Villersexel,1441,106,1547
Vilory,65,1,66
Visoncourt,40,2,42
Vitrey-sur-Mance,277,7,284
La Voivre,146,3,149
Volon,60,0,60
Voray-sur-l'Ognon,827,16,843
Vougécourt,149,1,150
Vouhenans,371,9,380
Vregille,174,2,176
Vy-le-Ferroux,156,5,161
Vy-lès-Filain,126,1,127
Vy-lès-Lure,676,18,694
Vy-lès-Rupt,90,0,90
Vyans-le-Val,453,17,470
L' Abergement-de-Cuisery,797,15,812
L' Abergement-Sainte-Colombe,1224,20,1244
Allerey-sur-Saône,802,6,808
Allériot,1145,25,1170
Aluze,251,10,261
Amanzé,176,8,184
Ameugny,172,4,176
Anglure-sous-Dun,156,7,163
Anost,730,14,744
Antully,854,10,864
Anzy-le-Duc,472,87,559
Artaix,327,14,341
Authumes,252,5,257
Autun,13290,1091,14381
Auxy,934,29,963
Azé,1046,27,1073
Ballore,92,4,96
Bantanges,549,10,559
Barizey,144,7,151
Barnay,100,2,102
Baron,292,22,314
Baudemont,640,9,649
Baudrières,947,25,972
Baugy,503,17,520
Beaubery,367,8,375
Beaumont-sur-Grosne,347,8,355
Beaurepaire-en-Bresse,696,5,701
Beauvernois,115,3,118
Bellevesvre,282,4,286
Bergesserin,205,4,209
Berzé-la-Ville,676,15,691
Berzé-le-Châtel,59,2,61
Bey,845,15,860
Bissey-sous-Cruchaud,341,7,348
Bissy-la-Mâconnaise,205,3,208
Bissy-sous-Uxelles,68,2,70
Bissy-sur-Fley,89,6,95
Les Bizots,465,12,477
Blanot,177,1,178
Blanzy,6146,140,6286
Bois-Sainte-Marie,197,2,199
Bonnay,325,7,332
Les Bordes,85,3,88
Bosjean,308,6,314
Bouhans,175,6,181
La Boulaye,100,1,101
Bourbon-Lancy,4927,73,5000
Bourg-le-Comte,181,2,183
Bourgvilain,331,7,338
Bouzeron,137,8,145
Boyer,719,11,730
Bragny-sur-Saône,652,13,665
Branges,2357,34,2391
Bray,122,1,123
Bresse-sur-Grosne,186,11,197
Le Breuil,3573,69,3642
Briant,224,2,226
Brienne,468,11,479
Brion,299,8,307
Broye,762,14,776
Bruailles,990,14,1004
Buffières,275,8,283
Burgy,124,0,124
Burnand,129,7,136
Burzy,60,2,62
Bussières,567,26,593
Buxy,2136,85,2221
La Celle-en-Morvan,481,6,487
Céron,260,9,269
Cersot,139,2,141
Chagny,5543,73,5616
Chaintré,584,16,600
Chalmoux,636,11,647
Chalon-sur-Saône,45096,1507,46603
Chambilly,511,4,515
Chamilly,158,3,161
Champagnat,450,13,463
Champagny-sous-Uxelles,97,0,97
Champforgeuil,2534,54,2588
Champlecy,223,3,226
Chânes,538,11,549
Change,219,11,230
Changy,467,9,476
Chapaize,157,1,158
La Chapelle-au-Mans,227,10,237
La Chapelle-de-Bragny,248,2,250
La Chapelle-de-Guinchay,4121,52,4173
La Chapelle-du-Mont-de-France,187,2,189
La Chapelle-Naude,531,11,542
La Chapelle-Saint-Sauveur,681,22,703
La Chapelle-sous-Brancion,133,2,135
La Chapelle-sous-Dun,448,9,457
La Chapelle-sous-Uchon,188,2,190
La Chapelle-Thècle,466,13,479
Charbonnat,248,5,253
Charbonnières,328,14,342
Chardonnay,197,0,197
Charette-Varennes,456,8,464
La Charmée,695,24,719
Charmoy,257,6,263
Charnay-lès-Chalon,187,6,193
Charnay-lès-Mâcon,7376,287,7663
Charolles,2785,435,3220
Charrecey,321,10,331
Chasselas,170,5,175
Chassey-le-Camp,344,2,346
Chassigny-sous-Dun,572,11,583
Chassy,313,11,324
Château,219,10,229
Châteauneuf,109,0,109
Châtel-Moron,102,1,103
Châtenay,165,2,167
Châtenoy-en-Bresse,1109,31,1140
Châtenoy-le-Royal,6177,139,6316
Chaudenay,1112,24,1136
Chauffailles,3708,69,3777
La Chaux,302,9,311
Cheilly-lès-Maranges,550,14,564
Chenay-le-Châtel,382,4,386
Chenôves,208,7,215
Chérizet,20,0,20
Chevagny-les-Chevrières,592,23,615
Chevagny-sur-Guye,74,1,75
Chiddes,93,5,98
Chissey-en-Morvan,275,7,282
Chissey-lès-Mâcon,237,6,243
Ciel,769,12,781
Ciry-le-Noble,2275,32,2307
La Clayette,1656,72,1728
Clessé,869,20,889
Clessy,251,7,258
Cluny,4830,268,5098
Clux-Villeneuve,324,11,335
Collonge-en-Charollais,141,1,142
Collonge-la-Madeleine,47,0,47
Colombier-en-Brionnais,308,5,313
La Comelle,225,5,230
Condal,441,8,449
Cordesse,190,5,195
Cormatin,557,9,566
Cortambert,232,7,239
Cortevaix,252,6,258
Coublanc,834,15,849
Couches,1351,30,1381
Crêches-sur-Saône,2986,77,3063
Créot,81,3,84
Cressy-sur-Somme,186,9,195
Le Creusot,21630,305,21935
Crissey,2480,63,2543
Cronat,535,15,550
Cruzille,263,65,328
Cuiseaux,1829,29,1858
Cuisery,1538,25,1563
Culles-les-Roches,197,8,205
Curbigny,319,13,332
Curdin,316,6,322
Curgy,1145,44,1189
Curtil-sous-Buffières,90,1,91
Curtil-sous-Burnand,133,3,136
Cussy-en-Morvan,388,9,397
Cuzy,119,2,121
Damerey,558,19,577
Dampierre-en-Bresse,171,1,172
Davayé,694,108,802
Demigny,1794,40,1834
Dennevy,306,9,315
Dettey,80,1,81
Devrouze,311,4,315
Dezize-lès-Maranges,174,4,178
Diconne,343,3,346
Digoin,7817,243,8060
Dommartin-lès-Cuiseaux,794,12,806
Dompierre-les-Ormes,907,32,939
Dompierre-sous-Sanvignes,79,1,80
Donzy-le-Pertuis,167,4,171
Dracy-le-Fort,1333,53,1386
Dracy-lès-Couches,153,4,157
Dracy-Saint-Loup,570,22,592
Dyo,340,14,354
Écuelles,273,5,278
Écuisses,1583,33,1616
Épertully,61,1,62
Épervans,1613,51,1664
Épinac,2217,25,2242
Essertenne,475,9,484
Étang-sur-Arroux,1858,151,2009
Étrigny,474,12,486
Farges-lès-Chalon,779,14,793
Farges-lès-Mâcon,219,6,225
Le Fay,639,8,647
Flacey-en-Bresse,400,7,407
Flagy,169,8,177
Fleurville,519,8,527
Fleury-la-Montagne,691,17,708
Fley,211,8,219
Fontaines,1948,363,2311
Fontenay,45,1,46
Fragnes-La Loyère,1496,41,1537
Frangy-en-Bresse,621,10,631
La Frette,241,4,245
Fretterans,287,11,298
Frontenard,223,3,226
Frontenaud,729,13,742
Fuissé,381,19,400
Génelard,1372,32,1404
La Genête,572,13,585
Genouilly,427,13,440
Gergy,2545,70,2615
Germagny,202,7,209
Germolles-sur-Grosne,127,5,132
Gibles,590,21,611
Gigny-sur-Saône,528,14,542
Gilly-sur-Loire,487,3,490
Givry,3705,155,3860
Gourdon,904,26,930
La Grande-Verrière,563,9,572
Grandvaux,76,8,84
Granges,528,13,541
Grevilly,34,0,34
Grury,535,9,544
Guerfand,206,0,206
Les Guerreaux,236,1,237
Gueugnon,6992,204,7196
La Guiche,623,12,635
Hautefond,206,14,220
L' Hôpital-le-Mercier,303,7,310
Huilly-sur-Seille,334,6,340
Hurigny,1983,107,2090
Igé,871,21,892
Igornay,539,10,549
Iguerande,996,19,1015
Issy-l'Évêque,706,10,716
Jalogny,359,13,372
Jambles,490,18,508
Joncy,530,8,538
Joudes,379,4,383
Jouvençon,429,2,431
Jugy,322,6,328
Juif,259,4,263
Jully-lès-Buxy,366,10,376
Lacrost,729,16,745
Laives,1020,37,1057
Laizé,1087,50,1137
Laizy,579,17,596
Lalheue,395,15,410
Lans,924,24,948
Lays-sur-le-Doubs,143,0,143
Lesme,187,2,189
Lessard-en-Bresse,542,13,555
Lessard-le-National,644,26,670
Leynes,517,15,532
Ligny-en-Brionnais,340,7,347
Loisy,651,15,666
Longepierre,168,4,172
Louhans,6365,204,6569
Lournand,331,9,340
Lucenay-l'Évêque,319,3,322
Lugny,875,85,960
Lugny-lès-Charolles,350,10,360
Lux,2011,33,2044
Mâcon,33638,779,34417
Mailly,155,10,165
Malay,206,9,215
Maltat,283,6,289
Mancey,387,10,397
Marcigny,1780,33,1813
Marcilly-la-Gueurce,120,6,126
Marcilly-lès-Buxy,691,19,710
Marigny,154,5,159
Marly-sous-Issy,88,2,90
Marly-sur-Arroux,323,14,337
Marmagne,1242,33,1275
Marnay,558,5,563
Martailly-lès-Brancion,142,7,149
Martigny-le-Comte,417,7,424
Mary,245,3,248
Massilly,356,7,363
Matour,1119,21,1140
Mazille,384,68,452
Melay,994,13,1007
Mellecey,1299,45,1344
Ménetreuil,410,8,418
Mercurey,1193,169,1362
Mervans,1494,24,1518
Messey-sur-Grosne,753,19,772
Mesvres,760,27,787
Milly-Lamartine,330,8,338
Le Miroir,609,8,617
Mont,186,2,188
Mont-lès-Seurre,180,2,182
Mont-Saint-Vincent,327,3,330
Montagny-lès-Buxy,218,9,227
Montagny-près-Louhans,454,6,460
Montbellet,800,18,818
Montceau-les-Mines,18398,391,18789
Montceaux-l'Étoile,290,7,297
Montceaux-Ragny,31,0,31
Montcenis,2095,64,2159
Montchanin,5030,88,5118
Montcony,266,4,270
Montcoy,251,1,252
Monthelon,384,15,399
Montjay,202,0,202
Montmelard,356,6,362
Montmort,177,3,180
Montpont-en-Bresse,1099,14,1113
Montret,801,19,820
Morey,199,4,203
Morlet,62,1,63
Mornay,132,0,132
Moroges,569,17,586
La Motte-Saint-Jean,1217,31,1248
Mouthier-en-Bresse,426,7,433
Mussy-sous-Dun,349,8,357
Nanton,634,12,646
Navilly,423,9,432
Navour-sur-Grosne,653,21,674
Neuvy-Grandchamp,762,25,787
Nochize,115,1,116
Ormes,477,5,482
Oslon,1230,41,1271
Oudry,387,9,396
Ouroux-sous-le-Bois-Sainte-Marie,67,0,67
Ouroux-sur-Saône,3072,79,3151
Oyé,302,8,310
Ozenay,219,2,221
Ozolles,418,9,427
Palinges,1513,32,1545
Palleau,246,2,248
Paray-le-Monial,9189,450,9639
Paris-l'Hôpital,306,4,310
Passy,64,2,66
Péronne,652,11,663
Perrecy-les-Forges,1627,30,1657
Perreuil,549,15,564
Perrigny-sur-Loire,135,3,138
La Petite-Verrière,52,1,53
Pierre-de-Bresse,1946,31,1977
Pierreclos,904,22,926
Le Planois,93,3,96
Plottes,534,6,540
Poisson,567,21,588
Pontoux,275,7,282
Pouilloux,992,18,1010
Pourlans,210,2,212
Pressy-sous-Dondin,99,3,102
Préty,544,17,561
Prissé,1994,49,2043
Prizy,64,5,69
Pruzilly,337,5,342
Le Puley,97,2,99
La Racineuse,174,1,175
Rancy,561,8,569
Ratenelle,389,6,395
Ratte,361,10,371
Reclesne,320,17,337
Remigny,433,8,441
Rigny-sur-Arroux,642,11,653
La Roche-Vineuse,1557,41,1598
Romanèche-Thorins,2006,33,2039
Romenay,1674,20,1694
Rosey,166,2,168
Le Rousset-Marizy,653,20,673
Roussillon-en-Morvan,270,8,278
Royer,131,2,133
Rully,1554,35,1589
Sagy,1235,18,1253
Saillenard,785,16,801
Sailly,85,0,85
Saint-Agnan,705,15,720
Saint-Albain,513,5,518
Saint-Ambreuil,506,8,514
Saint-Amour-Bellevue,558,21,579
Saint-André-en-Bresse,98,0,98
Saint-André-le-Désert,251,5,256
Saint-Aubin-en-Charollais,472,20,492
Saint-Aubin-sur-Loire,292,5,297
Saint-Berain-sous-Sanvignes,1093,22,1115
Saint-Bérain-sur-Dheune,553,9,562
Saint-Boil,491,10,501
Saint-Bonnet-de-Cray,485,12,497
Saint-Bonnet-de-Joux,758,20,778
Saint-Bonnet-de-Vieille-Vigne,200,2,202
Saint-Bonnet-en-Bresse,483,4,487
Saint-Christophe-en-Bresse,1087,31,1118
Saint-Christophe-en-Brionnais,527,16,543
Saint-Clément-sur-Guye,131,3,134
Saint-Cyr,729,20,749
Saint-Denis-de-Vaux,263,10,273
Saint-Désert,881,28,909
Saint-Didier-en-Bresse,188,0,188
Saint-Didier-en-Brionnais,134,10,144
Saint-Didier-sur-Arroux,232,4,236
Saint-Edmond,404,9,413
Saint-Émiland,343,10,353
Saint-Étienne-en-Bresse,799,14,813
Saint-Eugène,151,8,159
Saint-Eusèbe,1191,24,1215
Saint-Firmin,889,19,908
Saint-Forgeot,468,18,486
Saint-Gengoux-de-Scissé,608,3,611
Saint-Gengoux-le-National,1046,8,1054
Saint-Germain-du-Bois,1899,40,1939
Saint-Germain-du-Plain,2290,49,2339
Saint-Germain-en-Brionnais,190,7,197
Saint-Germain-lès-Buxy,268,9,277
Saint-Gervais-en-Vallière,438,10,448
Saint-Gervais-sur-Couches,202,1,203
Saint-Gilles,270,10,280
Saint-Huruge,53,1,54
Saint-Igny-de-Roche,766,15,781
Saint-Jean-de-Trézy,368,13,381
Saint-Jean-de-Vaux,407,13,420
Saint-Julien-de-Civry,487,14,501
Saint-Julien-de-Jonzy,345,7,352
Saint-Julien-sur-Dheune,239,2,241
Saint-Laurent-d'Andenay,1019,15,1034
Saint-Laurent-en-Brionnais,326,11,337
Saint-Léger-du-Bois,537,10,547
Saint-Léger-lès-Paray,730,20,750
Saint-Léger-sous-Beuvray,380,10,390
Saint-Léger-sous-la-Bussière,271,4,275
Saint-Léger-sur-Dheune,1567,20,1587
Saint-Loup-de-Varennes,1161,28,1189
Saint-Loup-Géanges,1631,45,1676
Saint-Marcel,6049,173,6222
Saint-Marcelin-de-Cray,186,6,192
Saint-Mard-de-Vaux,275,13,288
Saint-Martin-Belle-Roche,1392,26,1418
Saint-Martin-d'Auxy,111,6,117
Saint-Martin-de-Commune,106,6,112
Saint-Martin-de-Lixy,92,0,92
Saint-Martin-de-Salencey,99,1,100
Saint-Martin-du-Lac,242,11,253
Saint-Martin-du-Mont,202,4,206
Saint-Martin-du-Tartre,159,4,163
Saint-Martin-en-Bresse,1921,77,1998
Saint-Martin-en-Gâtinois,123,1,124
Saint-Martin-la-Patrouille,62,0,62
Saint-Martin-sous-Montaigu,353,17,370
Saint-Maurice-de-Satonnay,486,23,509
Saint-Maurice-des-Champs,62,1,63
Saint-Maurice-en-Rivière,554,11,565
Saint-Maurice-lès-Châteauneuf,569,12,581
Saint-Maurice-lès-Couches,191,8,199
Saint-Micaud,273,10,283
Saint-Nizier-sur-Arroux,125,4,129
Saint-Pierre-de-Varennes,849,16,865
Saint-Pierre-le-Vieux,355,10,365
Saint-Point,328,14,342
Saint-Privé,82,1,83
Saint-Prix,217,10,227
Saint-Racho,171,1,172
Saint-Rémy,6639,157,6796
Saint-Romain-sous-Gourdon,479,9,488
Saint-Romain-sous-Versigny,85,2,87
Saint-Sernin-du-Bois,1812,37,1849
Saint-Sernin-du-Plain,581,13,594
Saint-Symphorien-d'Ancelles,1187,17,1204
Saint-Symphorien-de-Marmagne,846,11,857
Saint-Symphorien-des-Bois,438,12,450
Saint-Usuge,1345,19,1364
Saint-Vallerin,263,13,276
Saint-Vallier,8654,177,8831
Saint-Vérand,165,2,167
Saint-Vincent-Bragny,997,17,1014
Saint-Vincent-des-Prés,109,3,112
Saint-Vincent-en-Bresse,573,9,582
Saint-Yan,1169,24,1193
Saint-Ythaire,125,3,128
Sainte-Cécile,288,8,296
Sainte-Croix,635,14,649
Sainte-Foy,139,2,141
Sainte-Hélène,523,10,533
Sainte-Radegonde,154,2,156
Saisy,334,12,346
La Salle,545,11,556
Salornay-sur-Guye,864,12,876
Sampigny-lès-Maranges,143,10,153
Sancé,2033,50,2083
Santilly,133,6,139
Sanvignes-les-Mines,4317,85,4402
Sarry,104,3,107
Sassangy,147,3,150
Sassenay,1587,44,1631
Saules,128,3,131
Saunières,81,2,83
Savianges,74,0,74
Savigny-en-Revermont,1156,17,1173
Savigny-sur-Grosne,170,1,171
Savigny-sur-Seille,423,9,432
Semur-en-Brionnais,623,19,642
Sennecey-le-Grand,3149,51,3200
Senozan,1125,16,1141
Sens-sur-Seille,411,5,416
Sercy,97,7,104
Serley,608,7,615
Sermesse,237,3,240
Serrières,275,9,284
Serrigny-en-Bresse,200,4,204
Sevrey,1226,25,1251
Sigy-le-Châtel,103,2,105
Simandre,1728,21,1749
Simard,1208,12,1220
Sivignon,166,6,172
Sologny,591,11,602
Solutré-Pouilly,358,7,365
Sommant,211,4,215
Sornay,2030,44,2074
Suin,266,7,273
Sully,496,18,514
La Tagnière,230,1,231
Taizé,178,3,181
Tancon,542,17,559
Le Tartre,114,1,115
Tavernay,495,11,506
Thil-sur-Arroux,133,0,133
Thurey,456,5,461
Tintry,78,2,80
Torcy,2960,40,3000
Torpes,372,4,376
Toulon-sur-Arroux,1585,39,1624
Tournus,5545,340,5885
Toutenant,190,5,195
Tramayes,1056,20,1076
Trambly,399,10,409
Trivy,274,5,279
Tronchy,257,1,258
La Truchère,226,2,228
Uchizy,843,14,857
Uchon,98,5,103
Uxeau,519,15,534
Vareilles,268,5,273
Varenne-l'Arconce,117,3,120
Varenne-Saint-Germain,713,18,731
Varennes-le-Grand,2298,48,2346
Varennes-lès-Mâcon,548,8,556
Varennes-Saint-Sauveur,1133,26,1159
Varennes-sous-Dun,573,15,588
Vauban,223,9,232
Vaudebarrier,221,33,254
Vaux-en-Pré,79,1,80
Vendenesse-lès-Charolles,743,20,763
Vendenesse-sur-Arroux,582,15,597
Verdun-sur-le-Doubs,1083,8,1091
Vergisson,255,7,262
Vérissey,55,0,55
Verjux,528,12,540
Verosvres,448,59,507
Vers,231,6,237
Versaugues,193,14,207
Verzé,787,26,813
Le Villars,285,4,289
Villegaudin,212,4,216
Villeneuve-en-Montagne,163,0,163
Vincelles,424,10,434
Vindecy,254,5,259
La Vineuse sur Fregande,655,18,673
Vinzelles,702,21,723
Viré,1181,27,1208
Virey-le-Grand,1342,73,1415
Viry,255,4,259
Vitry-en-Charollais,1098,24,1122
Vitry-sur-Loire,432,7,439
Volesvres,607,24,631
Aigné,1659,36,1695
Aillières-Beauvoir,217,6,223
Allonnes,11098,108,11206
Amné,566,3,569
Ancinnes,949,21,970
Ardenay-sur-Mérize,486,5,491
Arnage,5311,121,5432
Arthezé,392,9,401
Arçonnay,1844,229,2073
Asnières-sur-Vègre,406,11,417
Assé-le-Boisne,913,17,930
Assé-le-Riboul,518,10,528
Aubigné-Racan,2120,28,2148
Les Aulneaux,117,0,117
Auvers-le-Hamon,1473,36,1509
Auvers-sous-Montfaucon,244,3,247
Avesnes-en-Saosnois,89,1,90
Avessé,375,11,386
Avezé,726,19,745
Avoise,612,7,619
Le Bailleul,1234,17,1251
Ballon-Saint Mars,2230,32,2262
La Bazoge,3641,59,3700
Bazouges Cré sur Loir,2048,57,2105
Beaufay,1491,15,1506
Beaumont-Pied-de-Bœuf,488,13,501
Beaumont-sur-Dême,331,8,339
Beaumont-sur-Sarthe,1960,26,1986
Beillé,528,3,531
Berfay,328,12,340
Bernay-Neuvy-en-Champagne,862,58,920
Bérus,447,12,459
Bessé-sur-Braye,2212,36,2248
Béthon,327,4,331
Blèves,105,1,106
Boëssé-le-Sec,632,13,645
Bonnétable,3856,59,3915
La Bosse,137,0,137
Bouër,333,2,335
Bouloire,2082,36,2118
Bourg-le-Roi,320,8,328
Bousse,443,5,448
Brains-sur-Gée,820,13,833
Le Breil-sur-Mérize,1542,27,1569
Brette-les-Pins,2153,115,2268
Briosne-lès-Sables,542,4,546
La Bruère-sur-Loir,244,2,246
Brûlon,1580,31,1611
Cérans-Foulletourte,3375,35,3410
Chahaignes,693,13,706
Challes,1221,14,1235
Champagné,3876,71,3947
Champfleur,1358,24,1382
Champrond,70,3,73
Changé,6519,194,6713
Chantenay-Villedieu,865,18,883
La Chapelle-aux-Choux,266,3,269
La Chapelle-d'Aligné,1694,25,1719
La Chapelle-du-Bois,868,25,893
La Chapelle-Huon,547,15,562
La Chapelle-Saint-Aubin,2360,67,2427
La Chapelle-Saint-Fray,441,7,448
La Chapelle-Saint-Rémy,976,15,991
La Chartre-sur-le-Loir,1425,17,1442
Chassillé,240,6,246
Château-l'Hermitage,254,2,256
Chaufour-Notre-Dame,1067,22,1089
Chemiré-en-Charnie,209,6,215
Chemiré-le-Gaudin,979,26,1005
Chenay,231,2,233
Chenu,429,6,435
Chérancé,360,3,363
Chérisay,309,3,312
Cherré-Au,2698,79,2777
Chevillé,411,5,416
Clermont-Créans,1264,35,1299
Cogners,188,2,190
Commerveil,137,2,139
Conflans-sur-Anille,512,15,527
Congé-sur-Orne,343,4,347
Conlie,1899,34,1933
Connerré,2902,58,2960
Contilly,139,2,141
Cormes,907,14,921
Coudrecieux,616,9,625
Coulaines,7423,125,7548
Coulans-sur-Gée,1650,81,1731
Coulongé,519,6,525
Courcebœufs,638,7,645
Courcelles-la-Forêt,410,5,415
Courcemont,679,15,694
Courcival,96,1,97
Courdemanche,609,9,618
Courgains,579,14,593
Courgenard,495,5,500
Courtillers,922,27,949
Crannes-en-Champagne,352,6,358
Crissé,587,5,592
Crosmières,1044,21,1065
Cures,485,15,500
Dangeul,473,1,474
Degré,784,12,796
Dehault,270,6,276
Dissay-sous-Courcillon,932,24,956
Dollon,1488,29,1517
Domfront-en-Champagne,1034,18,1052
Doucelles,250,3,253
Douillet,328,11,339
Duneau,1045,21,1066
Dureil,71,0,71
Écommoy,4677,71,4748
Écorpain,296,9,305
Épineu-le-Chevreuil,295,9,304
Étival-lès-le-Mans,1939,36,1975
Fatines,845,16,861
Fay,668,13,681
Fercé-sur-Sarthe,593,8,601
La Ferté-Bernard,8820,335,9155
Fillé,1494,24,1518
La Flèche,14956,1000,15956
Flée,539,14,553
La Fontaine-Saint-Martin,619,7,626
Fontenay-sur-Vègre,324,8,332
Fresnay-sur-Sarthe,2970,45,3015
Fyé,992,44,1036
Gesnes-le-Gandelin,963,22,985
Le Grand-Lucé,1923,27,1950
Grandchamp,156,8,164
Gréez-sur-Roc,332,4,336
Le Grez,397,10,407
Guécélard,3019,52,3071
La Guierche,1103,23,1126
Jauzé,84,1,85
Joué-en-Charnie,654,5,659
Joué-l'Abbé,1279,23,1302
Juigné-sur-Sarthe,1147,26,1173
Juillé,474,13,487
Jupilles,566,12,578
Laigné-en-Belin,2353,30,2383
Lamnay,957,23,980
Lavardin,735,9,744
Lavaré,856,11,867
Lavernat,599,7,606
Lhomme,902,14,916
Ligron,504,9,513
Livet-en-Saosnois,70,0,70
Loir en Vallée,2173,175,2348
Lombron,1909,23,1932
Longnes,325,10,335
Louailles,727,10,737
Loué,2135,40,2175
Louplande,1462,24,1486
Louvigny,176,7,183
Louzes,101,1,102
Le Luart,1439,12,1451
Lucé-sous-Ballon,105,2,107
Luceau,1226,27,1253
Luché-Pringé,1562,15,1577
Le Lude,4255,73,4328
Maigné,353,4,357
Maisoncelles,193,1,194
Malicorne-sur-Sarthe,1905,33,1938
Mamers,5299,161,5460
Le Mans,142946,2830,145776
Mansigné,1553,31,1584
Mareil-en-Champagne,382,6,388
Mareil-sur-Loir,663,10,673
Maresché,886,10,896
Marigné-Laillé,1636,23,1659
Marolles-les-Braults,2205,32,2237
Marolles-lès-Saint-Calais,276,4,280
Marollette,150,2,152
Marçon,1060,18,1078
Mayet,3138,37,3175
Les Mées,100,2,102
Melleray,432,7,439
Meurcé,269,3,272
Mézeray,1917,24,1941
Mézières-sous-Lavardin,695,5,700
Mézières-sur-Ponthouin,706,7,713
La Milesse,2640,43,2683
Moitron-sur-Sarthe,262,1,263
Moncé-en-Belin,3670,50,3720
Moncé-en-Saosnois,259,3,262
Monhoudou,207,8,215
Mont-Saint-Jean,640,17,657
Montaillé,543,12,555
Montbizot,1803,27,1830
Montfort-le-Gesnois,2973,48,3021
Montmirail,389,9,398
Montreuil-le-Chétif,302,0,302
Montreuil-le-Henri,308,4,312
Montval-sur-Loir,6124,249,6373
Moulins-le-Carbonnel,697,12,709
Mulsanne,5238,63,5301
Nauvay,11,2,13
Neufchâtel-en-Saosnois,1026,11,1037
Neuvillalais,590,12,602
Neuville-sur-Sarthe,2421,48,2469
Neuvillette-en-Charnie,293,3,296
Nogent-le-Bernard,914,37,951
Nogent-sur-Loir,380,3,383
Notre-Dame-du-Pé,634,10,644
Nouans,286,5,291
Noyen-sur-Sarthe,2611,33,2644
Nuillé-le-Jalais,542,6,548
Oisseau-le-Petit,662,13,675
Oizé,1323,17,1340
Panon,44,0,44
Parcé-sur-Sarthe,2100,51,2151
Parennes,508,7,515
Parigné-l'Évêque,5086,78,5164
Parigné-le-Pôlin,1082,55,1137
Peray,62,0,62
Pezé-le-Robert,370,11,381
Piacé,383,7,390
Pincé,193,8,201
Pirmil,513,8,521
Pizieux,74,0,74
Poillé-sur-Vègre,617,20,637
Pontvallain,1675,25,1700
Précigné,2973,64,3037
Préval,687,15,702
Prévelles,218,2,220
Pruillé-l'Éguillé,824,24,848
Pruillé-le-Chétif,1359,37,1396
La Quinte,777,13,790
Rahay,158,9,167
René,379,5,384
Requeil,1184,11,1195
Roézé-sur-Sarthe,2626,69,2695
Rouessé-Fontaine,276,5,281
Rouessé-Vassé,813,17,830
Rouez,771,8,779
Rouillon,2259,315,2574
Rouperroux-le-Coquet,290,6,296
Ruaudin,3418,67,3485
Ruillé-en-Champagne,322,12,334
Sablé-sur-Sarthe,12220,499,12719
Saint-Aignan,251,1,252
Saint-Aubin-de-Locquenay,690,16,706
Saint-Aubin-des-Coudrais,926,21,947
Saint-Biez-en-Belin,714,11,725
Saint-Calais,3236,195,3431
Saint-Calez-en-Saosnois,187,1,188
Saint-Célerin,905,15,920
Saint-Christophe-du-Jambet,233,4,237
Saint-Christophe-en-Champagne,209,6,215
Saint-Corneille,1431,14,1445
Saint-Cosme-en-Vairais,1970,51,2021
Saint-Denis-d'Orques,799,11,810
Saint-Denis-des-Coudrais,114,1,115
Saint-Georges-de-la-Couée,159,3,162
Saint-Georges-du-Bois,2121,36,2157
Saint-Georges-du-Rosay,435,3,438
Saint-Georges-le-Gaultier,531,5,536
Saint-Germain-d'Arcé,335,5,340
Saint-Gervais-de-Vic,395,7,402
Saint-Gervais-en-Belin,2076,44,2120
Saint-Jean-d'Assé,1759,15,1774
Saint-Jean-de-la-Motte,968,22,990
Saint-Jean-des-Échelles,253,8,261
Saint-Jean-du-Bois,626,8,634
Saint-Léonard-des-Bois,472,13,485
Saint-Longis,503,8,511
Saint-Maixent,740,19,759
Saint-Marceau,560,6,566
Saint-Mars-d'Outillé,2418,36,2454
Saint-Mars-de-Locquenay,570,10,580
Saint-Mars-la-Brière,2688,29,2717
Saint-Martin-des-Monts,179,4,183
Saint-Michel-de-Chavaignes,737,11,748
Saint-Ouen-de-Mimbré,1029,11,1040
Saint-Ouen-en-Belin,1303,23,1326
Saint-Ouen-en-Champagne,244,2,246
Saint-Paterne - Le Chevain,2120,209,2329
Saint-Paul-le-Gaultier,288,8,296
Saint-Pavace,1925,58,1983
Saint-Pierre-de-Chevillé,364,2,366
Saint-Pierre-des-Bois,235,3,238
Saint-Pierre-des-Ormes,226,6,232
Saint-Pierre-du-Lorouër,377,9,386
Saint-Rémy-de-Sillé,831,14,845
Saint-Rémy-des-Monts,686,20,706
Saint-Rémy-du-Val,512,17,529
Saint-Saturnin,2529,82,2611
Saint-Symphorien,562,12,574
Saint-Ulphace,225,4,229
Saint-Victeur,456,3,459
Saint-Vincent-des-Prés,513,3,516
Saint-Vincent-du-Lorouër,855,17,872
Sainte-Cérotte,316,6,322
Sainte-Jamme-sur-Sarthe,2051,32,2083
Sainte-Sabine-sur-Longève,763,18,781
Saosnes,211,5,216
Sarcé,299,4,303
Sargé-lès-le-Mans,3614,135,3749
Savigné-l'Évêque,3998,83,4081
Savigné-sous-le-Lude,429,13,442
Sceaux-sur-Huisne,570,11,581
Ségrie,605,7,612
Semur-en-Vallon,447,9,456
Sillé-le-Guillaume,2305,86,2391
Sillé-le-Philippe,1078,14,1092
Solesmes,1198,38,1236
Sougé-le-Ganelon,901,18,919
Souillé,690,9,699
Souligné-Flacé,686,8,694
Souligné-sous-Ballon,1202,21,1223
Soulitré,631,12,643
Souvigné-sur-Même,174,7,181
Souvigné-sur-Sarthe,629,12,641
Spay,2890,48,2938
Surfonds,340,6,346
La Suze-sur-Sarthe,4463,56,4519
Tassé,314,5,319
Tassillé,134,1,135
Teillé,480,2,482
Teloché,3056,80,3136
Tennie,1057,20,1077
Terrehault,135,0,135
Théligny,213,5,218
Thoigné,164,4,168
Thoiré-sous-Contensor,92,0,92
Thoiré-sur-Dinan,439,5,444
Thorée-les-Pins,724,11,735
Thorigné-sur-Dué,1607,35,1642
Torcé-en-Vallée,1409,11,1420
Trangé,1415,30,1445
Tresson,466,8,474
Le Tronchet,163,1,164
Tuffé Val de la Chéronne,1650,40,1690
Vaas,1510,20,1530
Val d'Étangson,528,5,533
Valennes,318,4,322
Vallon-sur-Gée,805,11,816
Vancé,324,6,330
Verneil-le-Chétif,613,108,721
Vernie,333,7,340
Vezot,76,1,77
Vibraye,2553,56,2609
Villaines-la-Carelle,152,5,157
Villaines-la-Gonais,558,16,574
Villaines-sous-Lucé,711,21,732
Villaines-sous-Malicorne,1025,12,1037
Villeneuve-en-Perseigne,2196,42,2238
Vion,1448,33,1481
Viré-en-Champagne,200,6,206
Vivoin,948,22,970
Voivres-lès-le-Mans,1377,11,1388
Volnay,919,11,930
Vouvray-sur-Huisne,128,4,132
Yvré-l'Évêque,4228,133,4361
Yvré-le-Pôlin,1768,24,1792
Aiguebelette-le-Lac,235,9,244
Aillon-le-Jeune,434,16,450
Aillon-le-Vieux,179,4,183
Aime-la-Plagne,4443,111,4554
Aiton,1667,22,1689
Aix-les-Bains,29794,579,30373
Albertville,18899,554,19453
Albiez-le-Jeune,146,2,148
Albiez-Montrond,376,11,387
Allondaz,275,2,277
Les Allues,1841,43,1884
Apremont,1013,21,1034
Arbin,777,21,798
Argentine,954,23,977
Arith,442,11,453
Arvillard,854,15,869
Attignat-Oncin,538,15,553
Aussois,679,22,701
Les Avanchers-Valmorel,784,22,806
Avressieux,522,11,533
Avrieux,388,14,402
Ayn,376,5,381
La Balme,320,3,323
Barberaz,4717,126,4843
Barby,3414,39,3453
Bassens,4466,121,4587
La Bâthie,2194,42,2236
La Bauche,505,5,510
Beaufort,2040,91,2131
Bellecombe-en-Bauges,668,18,686
Les Belleville,3494,117,3611
Belmont-Tramonet,561,13,574
Bessans,353,8,361
Betton-Bettonet,313,8,321
Billième,269,6,275
La Biolle,2578,32,2610
Bonneval-sur-Arc,261,8,269
Bonvillard,359,9,368
Bonvillaret,143,0,143
Bourdeau,555,20,575
Bourg-Saint-Maurice,7302,400,7702
Le Bourget-du-Lac,4866,98,4964
Bourget-en-Huile,147,6,153
Bourgneuf,682,10,692
Bozel,1841,57,1898
Brides-les-Bains,506,12,518
La Bridoire,1272,19,1291
Brison-Saint-Innocent,2131,71,2202
Césarches,427,15,442
Cevins,743,15,758
Challes-les-Eaux,5590,274,5864
Chambéry,58919,1562,60481
La Chambre,1164,23,1187
Chamousset,587,21,608
Chamoux-sur-Gelon,940,18,958
Champ-Laurent,36,2,38
Champagneux,688,8,696
Champagny-en-Vanoise,579,22,601
Chanaz,512,11,523
La Chapelle,331,4,335
La Chapelle-Blanche,561,15,576
La Chapelle-du-Mont-du-Chat,257,4,261
La Chapelle-Saint-Martin,148,6,154
Les Chapelles,561,9,570
Châteauneuf,894,16,910
Le Châtelard,670,44,714
La Chavanne,685,34,719
Les Chavannes-en-Maurienne,246,3,249
Chignin,862,28,890
Chindrieux,1361,21,1382
Cléry,404,12,416
Cognin,6204,177,6381
Cohennoz,161,8,169
Coise-Saint-Jean-Pied-Gauthier,1243,21,1264
La Compôte,257,6,263
Conjux,201,1,202
Corbel,157,4,161
Courchevel,2361,59,2420
Crest-Voland,341,14,355
La Croix-de-la-Rochette,365,8,373
Cruet,1038,19,1057
Curienne,682,21,703
Les Déserts,795,22,817
Détrier,427,4,431
Domessin,1855,41,1896
Doucy-en-Bauges,95,3,98
Drumettaz-Clarafond,2807,79,2886
Dullin,444,5,449
Les Échelles,1223,16,1239
École,291,6,297
Entrelacs,6268,131,6399
Entremont-le-Vieux,649,8,657
Épierre,759,10,769
Esserts-Blay,809,14,823
Feissons-sur-Salins,182,3,185
Flumet,810,29,839
Fontcouverte-la-Toussuire,510,14,524
Fourneaux,676,9,685
Freney,103,3,106
Fréterive,576,17,593
Frontenex,1898,41,1939
Gerbaix,401,15,416
La Giettaz,403,16,419
Gilly-sur-Isère,3013,76,3089
Grand-Aigueblanche,3850,112,3962
Grésy-sur-Aix,4545,101,4646
Grésy-sur-Isère,1242,31,1273
Grignon,2119,38,2157
Hautecour,307,13,320
Hauteluce,757,20,777
Hauteville,352,8,360
Jacob-Bellecombette,3984,77,4061
Jarrier,503,13,516
Jarsy,267,12,279
Jongieux,293,8,301
Laissaud,671,14,685
Landry,825,20,845
La Léchère,2586,55,2641
Lépin-le-Lac,454,6,460
Lescheraines,764,15,779
Loisieux,205,0,205
Lucey,318,11,329
Marcieux,190,5,195
Marthod,1367,31,1398
Mercury,3088,86,3174
Méry,1803,38,1841
Meyrieux-Trouet,311,6,317
Modane,3097,138,3235
Les Mollettes,816,12,828
Montagnole,887,22,909
Montagny,661,26,687
Montailleur,679,23,702
Montcel,999,60,1059
Montendry,58,2,60
Montgilbert,123,1,124
Monthion,550,11,561
Montmélian,4123,77,4200
Montricher-Albanne,471,10,481
Montsapey,63,0,63
Montvalezan,686,21,707
Montvernier,230,9,239
La Motte-en-Bauges,498,11,509
La Motte-Servolex,11826,564,12390
Motz,437,6,443
Moûtiers,3501,457,3958
Mouxy,2234,50,2284
Myans,1236,33,1269
Nances,490,10,500
Notre-Dame-de-Bellecombe,479,14,493
Notre-Dame-des-Millières,1031,23,1054
Notre-Dame-du-Cruet,226,3,229
Notre-Dame-du-Pré,249,5,254
Novalaise,2071,60,2131
Le Noyer,214,5,219
Ontex,105,3,108
Orelle,349,12,361
Pallud,780,19,799
Peisey-Nancroix,642,25,667
La Plagne Tarentaise,3638,96,3734
Planaise,545,7,552
Planay,428,12,440
Plancherine,439,10,449
Le Pont-de-Beauvoisin,2074,32,2106
Le Pontet,122,5,127
Porte-de-Savoie,3680,85,3765
Pralognan-la-Vanoise,724,23,747
Presle,418,12,430
Pugny-Chatenod,951,40,991
Puygros,385,5,390
Queige,805,26,831
La Ravoire,8457,588,9045
Rochefort,232,10,242
Rognaix,478,8,486
Rotherens,367,3,370
Ruffieux,837,16,853
Saint-Alban-d'Hurtières,356,10,366
Saint-Alban-de-Montbel,643,16,659
Saint-Alban-des-Villards,100,3,103
Saint-Alban-Leysse,6007,206,6213
Saint-André,457,6,463
Saint-Avre,868,10,878
Saint-Baldoph,2809,93,2902
Saint-Béron,1671,21,1692
Saint-Cassin,838,22,860
Saint-Christophe,531,13,544
Saint-Colomban-des-Villards,135,1,136
Saint-Étienne-de-Cuines,1195,23,1218
Saint-Franc,167,16,183
Saint-François-de-Sales,150,4,154
Saint François Longchamp,517,6,523
Saint-Genix-les-Villages,2944,65,3009
Saint-Georges-d'Hurtières,339,3,342
Saint-Jean-d'Arves,266,9,275
Saint-Jean-d'Arvey,1697,56,1753
Saint-Jean-de-Chevelu,813,17,830
Saint-Jean-de-Couz,291,8,299
Saint-Jean-de-la-Porte,937,76,1013
Saint-Jean-de-Maurienne,7746,400,8146
Saint-Jeoire-Prieuré,1704,41,1745
Saint-Julien-Mont-Denis,1618,45,1663
Saint-Léger,224,5,229
Saint-Marcel,607,8,615
Saint-Martin-d'Arc,361,5,366
Saint-Martin-de-la-Porte,679,18,697
Saint-Martin-sur-la-Chambre,552,14,566
Saint-Michel-de-Maurienne,2461,270,2731
Saint-Nicolas-la-Chapelle,454,30,484
Saint-Offenge,1104,21,1125
Saint-Ours,677,18,695
Saint-Pancrace,290,11,301
Saint-Paul,686,12,698
Saint-Paul-sur-Isère,524,66,590
Saint-Pierre-d'Albigny,3943,95,4038
Saint-Pierre-d'Alvey,292,9,301
Saint-Pierre-d'Entremont,457,15,472
Saint-Pierre-de-Belleville,171,4,175
Saint-Pierre-de-Curtille,491,5,496
Saint-Pierre-de-Genebroz,334,9,343
Saint-Pierre-de-Soucy,437,20,457
Saint-Rémy-de-Maurienne,1253,22,1275
Saint-Sorlin-d'Arves,331,8,339
Saint-Sulpice,760,19,779
Saint-Thibaud-de-Couz,1060,20,1080
Saint-Vital,694,13,707
Sainte-Foy-Tarentaise,768,15,783
Sainte-Hélène-du-Lac,779,20,799
Sainte-Hélène-sur-Isère,1183,20,1203
Sainte-Marie-d'Alvey,117,2,119
Sainte-Marie-de-Cuines,803,20,823
Sainte-Reine,159,6,165
Salins-Fontaine,1011,19,1030
Séez,2355,74,2429
Serrières-en-Chautagne,1208,22,1230
Sonnaz,1857,36,1893
La Table,448,8,456
Thénésol,310,7,317
Thoiry,457,11,468
La Thuile,330,7,337
Tignes,2196,45,2241
La Tour-en-Maurienne,1074,30,1104
Tournon,611,20,631
Tours-en-Savoie,959,11,970
Traize,318,6,324
Tresserve,3014,105,3119
Trévignin,776,20,796
La Trinité,345,2,347
Ugine,7039,293,7332
Val-Cenis,2088,38,2126
Val-d'Arc,2008,33,2041
Val-d'Isère,1555,27,1582
Valgelon-La Rochette,4111,104,4215
Valloire,1083,27,1110
Valmeinier,515,3,518
Venthon,621,20,641
Verel-de-Montbel,303,6,309
Verel-Pragondran,476,12,488
Le Verneil,102,1,103
Verrens-Arvey,900,30,930
Verthemex,229,1,230
Villard-d'Héry,268,8,276
Villard-Léger,473,8,481
Villard-Sallet,290,5,295
Villard-sur-Doron,712,28,740
Villarembert,247,9,256
Villargondran,862,25,887
Villarodin-Bourget,529,11,540
Villaroger,366,15,381
Villaroux,203,9,212
Vimines,2028,38,2066
Vions,403,6,409
Viviers-du-Lac,2235,44,2279
Voglans,1897,36,1933
Yenne,2978,34,3012
Abondance,1439,116,1555
Alby-sur-Chéran,2579,54,2633
Alex,1072,33,1105
Allèves,411,8,419
Allinges,4459,118,4577
Allonzier-la-Caille,2071,28,2099
Amancy,2665,54,2719
Ambilly,6385,85,6470
Andilly,900,19,919
Annecy,126924,3251,130175
Annemasse,35712,393,36105
Anthy-sur-Léman,2171,89,2260
Arâches-la-Frasse,1910,46,1956
Arbusigny,1115,23,1138
Archamps,2556,36,2592
Arenthon,1741,44,1785
Argonay,3025,250,3275
Armoy,1295,54,1349
Arthaz-Pont-Notre-Dame,1577,30,1607
Ayse,2145,59,2204
Ballaison,1470,20,1490
La Balme-de-Sillingy,5037,162,5199
La Balme-de-Thuy,462,5,467
Bassy,413,14,427
La Baume,309,2,311
Beaumont,2838,67,2905
Bellevaux,1294,40,1334
Bernex,1352,28,1380
Le Biot,572,14,586
Bloye,609,25,634
Bluffy,391,12,403
Boëge,1765,57,1822
Bogève,1111,26,1137
Bonne,3218,146,3364
Bonnevaux,277,7,284
Bonneville,12608,402,13010
Bons-en-Chablais,5631,105,5736
Bossey,1018,14,1032
Le Bouchet-Mont-Charvin,242,3,245
Boussy,505,12,517
Brenthonne,1037,20,1057
Brizon,485,2,487
Burdignin,628,15,643
Cercier,678,11,689
Cernex,1010,16,1026
Cervens,1205,21,1226
Chainaz-les-Frasses,728,27,755
Challonges,536,13,549
Chamonix-Mont-Blanc,8611,385,8996
Champanges,1015,28,1043
Chapeiry,812,31,843
La Chapelle-d'Abondance,911,17,928
La Chapelle-Rambaud,256,6,262
La Chapelle-Saint-Maurice,119,0,119
Charvonnex,1356,25,1381
Châtel,1246,41,1287
Châtillon-sur-Cluses,1245,46,1291
Chaumont,492,14,506
Chavannaz,236,2,238
Chavanod,2643,167,2810
Chêne-en-Semine,496,8,504
Chênex,828,9,837
Chens-sur-Léman,2776,34,2810
Chessenaz,214,7,221
Chevaline,203,7,210
Chevenoz,607,11,618
Chevrier,545,6,551
Chilly,1382,21,1403
Choisy,1604,29,1633
Clarafond-Arcine,1033,26,1059
Les Clefs,659,6,665
Clermont,409,6,415
La Clusaz,1734,55,1789
Cluses,17059,395,17454
Collonges-sous-Salève,3979,117,4096
Combloux,2106,113,2219
Contamine-Sarzin,704,13,717
Contamine-sur-Arve,2083,149,2232
Les Contamines-Montjoie,1167,49,1216
Copponex,1154,22,1176
Cordon,973,26,999
Cornier,1333,19,1352
La Côte-d'Arbroz,339,2,341
Cranves-Sales,6793,167,6960
Crempigny-Bonneguête,316,2,318
Cruseilles,4431,291,4722
Cusy,1850,55,1905
Cuvat,1391,48,1439
Demi-Quartier,909,33,942
Desingy,806,16,822
Dingy-en-Vuache,682,21,703
Dingy-Saint-Clair,1433,41,1474
Domancy,2113,73,2186
Doussard,3592,87,3679
Douvaine,5948,71,6019
Draillant,859,30,889
Droisy,159,5,164
Duingt,972,20,992
Éloise,864,18,882
Entrevernes,214,3,217
Epagny Metz-Tessy,7824,189,8013
Essert-Romand,513,6,519
Etaux,1979,68,2047
Étercy,813,20,833
Étrembières,2453,25,2478
Évian-les-Bains,9098,257,9355
Excenevex,1104,16,1120
Faucigny,628,16,644
Faverges-Seythenex,7606,250,7856
Feigères,1682,33,1715
Fessy,923,26,949
Féternes,1418,43,1461
Fillière,9255,233,9488
Fillinges,3413,86,3499
La Forclaz,233,4,237
Franclens,533,43,576
Frangy,2119,40,2159
Gaillard,10619,112,10731
Les Gets,1239,27,1266
Giez,541,8,549
Glières-Val-de-Borne,1798,33,1831
Le Grand-Bornand,2118,49,2167
Groisy,3629,140,3769
Gruffy,1567,64,1631
Habère-Lullin,1010,30,1040
Habère-Poche,1465,25,1490
Hauteville-sur-Fier,958,24,982
Héry-sur-Alby,975,31,1006
Les Houches,2943,77,3020
Jonzier-Épagny,798,20,818
Juvigny,639,14,653
Larringes,1424,43,1467
Lathuile,1016,25,1041
Leschaux,274,7,281
Loisin,1551,28,1579
Lornay,560,10,570
Lovagny,1286,43,1329
Lucinges,1625,65,1690
Lugrin,2435,50,2485
Lullin,799,21,820
Lully,701,13,714
Lyaud,1729,35,1764
Machilly,1086,20,1106
Magland,3279,68,3347
Manigod,1004,22,1026
Marcellaz,1018,18,1036
Marcellaz-Albanais,1906,41,1947
Margencel,2145,77,2222
Marignier,6445,172,6617
Marigny-Saint-Marcel,685,9,694
Marin,1789,51,1840
Marlioz,1012,12,1024
Marnaz,5521,116,5637
Massingy,875,19,894
Massongy,1494,33,1527
Maxilly-sur-Léman,1414,34,1448
Megève,3036,128,3164
Mégevette,581,24,605
Meillerie,317,5,322
Menthon-Saint-Bernard,1889,70,1959
Menthonnex-en-Bornes,1076,19,1095
Menthonnex-sous-Clermont,715,13,728
Mésigny,753,17,770
Messery,2134,47,2181
Mieussy,2340,59,2399
Minzier,1023,19,1042
Monnetier-Mornex,2295,34,2329
Mont-Saxonnex,1668,50,1718
Montagny-les-Lanches,705,20,725
Montriond,905,24,929
Morillon,662,14,676
Morzine,2785,75,2860
Moye,1018,38,1056
La Muraz,1063,11,1074
Mûres,784,22,806
Musièges,416,7,423
Nancy-sur-Cluses,460,15,475
Nangy,1618,35,1653
Nâves-Parmelan,969,38,1007
Nernier,380,7,387
Neuvecelle,3048,92,3140
Neydens,1915,44,1959
Nonglard,654,7,661
Novel,48,0,48
Onnion,1293,29,1322
Orcier,981,17,998
Passy,10902,417,11319
Peillonnex,1400,42,1442
Perrignier,1845,37,1882
Pers-Jussy,3052,90,3142
Poisy,8124,357,8481
Praz-sur-Arly,1228,36,1264
Présilly,960,19,979
Publier,7148,208,7356
Quintal,1238,51,1289
Reignier-Ésery,7994,209,8203
Le Reposoir,522,22,544
Reyvroz,510,8,518
La Rivière-Enverse,468,7,475
La Roche-sur-Foron,11339,344,11683
Rumilly,15379,362,15741
Saint-André-de-Boëge,542,16,558
Saint-Blaise,350,12,362
Saint-Cergues,3613,72,3685
Saint-Eusèbe,547,13,560
Saint-Eustache,513,26,539
Saint-Félix,2421,29,2450
Saint-Ferréol,867,22,889
Saint-Germain-sur-Rhône,526,13,539
Saint-Gervais-les-Bains,5573,129,5702
Saint-Gingolph,840,4,844
Saint-Jean-d'Aulps,1440,24,1464
Saint-Jean-de-Sixt,1453,32,1485
Saint-Jean-de-Tholome,990,29,1019
Saint-Jeoire,3282,115,3397
Saint-Jorioz,5738,189,5927
Saint-Julien-en-Genevois,14258,218,14476
Saint-Laurent,836,22,858
Saint-Paul-en-Chablais,2412,78,2490
Saint-Pierre-en-Faucigny,6573,131,6704
Saint-Sigismond,589,32,621
Saint-Sixt,1021,32,1053
Saint-Sylvestre,607,16,623
Sales,1978,49,2027
Sallanches,16088,515,16603
Sallenôves,703,20,723
Samoëns,2458,61,2519
Le Sappey,409,10,419
Savigny,893,20,913
Saxel,484,8,492
Scientrier,1159,22,1181
Sciez,6033,135,6168
Scionzier,8683,111,8794
Serraval,700,72,772
Servoz,999,34,1033
Sevrier,4161,181,4342
Seyssel,2325,74,2399
Seytroux,513,13,526
Sillingy,5245,126,5371
Sixt-Fer-à-Cheval,769,18,787
Talloires-Montmin,1996,64,2060
Taninges,3443,74,3517
Thollon-les-Mémises,793,24,817
Thônes,6576,321,6897
Thonon-les-Bains,34756,1107,35863
Thusy,1101,20,1121
Thyez,6198,148,6346
La Tour,1275,24,1299
Usinens,402,10,412
Vacheresse,855,17,872
Vailly,910,20,930
Val de Chaise,1363,25,1388
Valleiry,4697,60,4757
Vallières-sur-Fier,2503,58,2561
Vallorcine,400,13,413
Vanzy,329,8,337
Vaulx,978,26,1004
Veigy-Foncenex,3685,41,3726
Verchaix,752,21,773
La Vernaz,337,5,342
Vers,893,19,912
Versonnex,612,24,636
Vétraz-Monthoux,8900,267,9167
Veyrier-du-Lac,2251,81,2332
Villard,812,17,829
Les Villards-sur-Thônes,1068,37,1105
Villaz,3427,124,3551
Ville-en-Sallaz,905,10,915
Ville-la-Grand,8802,117,8919
Villy-le-Bouveret,597,17,614
Villy-le-Pelloux,938,15,953
Vinzier,821,22,843
Viry,5182,82,5264
Viuz-en-Sallaz,4374,81,4455
Viuz-la-Chiésaz,1324,32,1356
Vougy,1561,28,1589
Vovray-en-Bornes,524,10,534
Vulbens,1588,68,1656
Yvoire,993,18,1011
Paris 1er Arrondissement,16266,129,16395
Paris 2e Arrondissement,20900,142,21042
Paris 3e Arrondissement,34115,274,34389
Paris 4e Arrondissement,28088,282,28370
Paris 5e Arrondissement,58850,781,59631
Paris 6e Arrondissement,41100,876,41976
Paris 7e Arrondissement,51367,826,52193
Paris 8e Arrondissement,36808,560,37368
Paris 9e Arrondissement,59555,516,60071
Paris 10e Arrondissement,90372,464,90836
Paris 11e Arrondissement,146643,827,147470
Paris 12e Arrondissement,140296,991,141287
Paris 13e Arrondissement,182099,1300,183399
Paris 14e Arrondissement,135964,977,136941
Paris 15e Arrondissement,233392,1786,235178
Paris 16e Arrondissement,166361,2193,168554
Paris 17e Arrondissement,167288,1449,168737
Paris 18e Arrondissement,195233,898,196131
Paris 19e Arrondissement,187015,1051,188066
Paris 20e Arrondissement,195814,925,196739
Allouville-Bellefosse,1157,19,1176
Alvimare,615,9,624
Ambrumesnil,472,14,486
Amfreville-la-Mi-Voie,3273,29,3302
Amfreville-les-Champs,171,4,175
Anceaumeville,647,12,659
Ancourt,653,11,664
Ancourteville-sur-Héricourt,333,6,339
Ancretiéville-Saint-Victor,381,6,387
Ancretteville-sur-Mer,170,4,174
Angerville-Bailleul,191,3,194
Angerville-l'Orcher,1426,16,1442
Angerville-la-Martel,1060,29,1089
Angiens,516,11,527
Anglesqueville-l'Esneval,598,7,605
Anglesqueville-la-Bras-Long,117,2,119
Anneville-Ambourville,1190,22,1212
Anneville-sur-Scie,432,10,442
Annouville-Vilmesnil,477,7,484
Anquetierville,341,14,355
Anvéville,295,5,300
Ardouval,162,4,166
Arelaune-en-Seine,2576,46,2622
Argueil,341,8,349
Arques-la-Bataille,2583,53,2636
Aubéguimont,197,1,198
Aubermesnil-aux-Érables,203,4,207
Aubermesnil-Beaumais,468,4,472
Auberville-la-Manuel,130,1,131
Auberville-la-Renault,462,7,469
Aumale,2024,52,2076
Auppegard,716,19,735
Authieux-Ratiéville,405,3,408
Les Authieux-sur-le-Port-Saint-Ouen,1265,26,1291
Autigny,313,0,313
Auvilliers,101,0,101
Auzebosc,1123,338,1461
Auzouville-l'Esneval,358,8,366
Auzouville-sur-Ry,733,6,739
Auzouville-sur-Saâne,152,1,153
Avesnes-en-Bray,301,6,307
Avesnes-en-Val,279,6,285
Avremesnil,1016,18,1034
Bacqueville-en-Caux,1901,38,1939
Bailleul-Neuville,216,3,219
Baillolet,106,1,107
Bailly-en-Rivière,526,5,531
Baons-le-Comte,349,17,366
Bardouville,639,5,644
Barentin,11822,212,12034
Baromesnil,228,5,233
Bazinval,415,11,426
Beaubec-la-Rosière,498,13,511
Beaumont-le-Hareng,265,3,268
Beaurepaire,497,13,510
Beaussault,411,4,415
Beautot,147,4,151
Beauval-en-Caux,491,15,506
Beauvoir-en-Lyons,617,14,631
Bec-de-Mortagne,661,17,678
Belbeuf,2201,50,2251
Bellencombre,680,7,687
Bellengreville,476,7,483
Belleville-en-Caux,711,12,723
La Bellière,57,1,58
Belmesnil,457,2,459
Bénarville,265,5,270
Bénesville,195,4,199
Bénouville,179,1,180
Bernières,641,6,647
Bertheauville,106,1,107
Bertreville,120,1,121
Bertreville-Saint-Ouen,345,10,355
Bertrimont,219,6,225
Berville-en-Caux,649,9,658
Berville-sur-Seine,559,7,566
Beuzeville-la-Grenier,1227,16,1243
Beuzeville-la-Guérard,225,2,227
Beuzevillette,647,10,657
Bézancourt,352,9,361
Bierville,317,3,320
Bihorel,8398,184,8582
Biville-la-Baignarde,656,12,668
Biville-la-Rivière,106,0,106
Blacqueville,707,9,716
Blainville-Crevon,1209,17,1226
Blangy-sur-Bresle,2972,52,3024
Blosseville,254,14,268
Le Bocasse,666,8,674
Bois-d'Ennebourg,563,8,571
Bois-Guilbert,315,3,318
Bois-Guillaume,13796,375,14171
Bois-Héroult,200,5,205
Bois-Himont,460,5,465
Bois-l'Évêque,554,9,563
Le Bois-Robert,351,8,359
Boissay,406,6,412
Bolbec,11417,136,11553
Bolleville,580,3,583
Bonsecours,6462,104,6566
Boos,3810,45,3855
Bordeaux-Saint-Clair,666,14,680
Bornambusc,260,8,268
Bosc-Bérenger,190,2,192
Bosc-Bordel,452,10,462
Bosc-Édeline,360,3,363
Bosc-Guérard-Saint-Adrien,948,25,973
Bosc-Hyons,419,8,427
Bosc-le-Hard,1462,20,1482
Bosc-Mesnil,312,6,318
Bosville,579,15,594
Boudeville,210,6,216
Bouelles,276,4,280
La Bouille,753,11,764
Bourdainville,463,2,465
Le Bourg-Dun,431,9,440
Bourville,297,4,301
Bouville,982,14,996
Brachy,768,7,775
Bracquetuit,336,5,341
Bradiancourt,217,3,220
Brametot,206,1,207
Bréauté,1340,13,1353
Brémontier-Merval,459,124,583
Bretteville-du-Grand-Caux,1345,22,1367
Bretteville-Saint-Laurent,159,2,161
Buchy,2757,97,2854
Bully,916,21,937
Bures-en-Bray,323,5,328
Butot,281,4,285
Butot-Vénesville,247,4,251
Cailleville,264,10,274
Cailly,790,3,793
Callengeville,511,5,516
Calleville-les-Deux-Églises,332,3,335
Campneuseville,476,11,487
Canehan,364,2,366
Canouville,335,9,344
Canteleu,14181,448,14629
Canville-les-Deux-Églises,328,2,330
Cany-Barville,3052,53,3105
Carville-la-Folletière,425,8,433
Carville-Pot-de-Fer,106,3,109
Le Catelier,261,5,266
Catenay,678,9,687
Caudebec-lès-Elbeuf,10335,78,10413
Le Caule-Sainte-Beuve,487,5,492
Cauville-sur-Mer,1547,26,1573
Les Cent-Acres,64,1,65
La Cerlangue,1289,111,1400
La Chapelle-du-Bourgay,130,0,130
La Chapelle-Saint-Ouen,130,3,133
La Chapelle-sur-Dun,160,3,163
La Chaussée,549,6,555
Cideville,386,5,391
Clais,259,7,266
Clasville,326,7,333
Claville-Motteville,279,6,285
Cléon,4994,32,5026
Clères,1369,16,1385
Cleuville,194,8,202
Cléville,159,2,161
Cliponville,277,6,283
Colleville,759,17,776
Colmesnil-Manneville,107,2,109
Compainville,180,4,184
Conteville,491,7,498
Contremoulins,155,9,164
Cottévrard,470,4,474
Crasville-la-Mallet,154,6,160
Crasville-la-Rocquefort,214,4,218
Criel-sur-Mer,2680,54,2734
La Crique,350,5,355
Criquebeuf-en-Caux,404,3,407
Criquetot-l'Esneval,2567,83,2650
Criquetot-le-Mauconduit,176,1,177
Criquetot-sur-Longueville,228,1,229
Criquetot-sur-Ouville,811,18,829
Criquiers,651,10,661
Critot,465,12,477
Croisy-sur-Andelle,554,4,558
Croix-Mare,803,7,810
Croixdalle,307,4,311
Cropus,249,1,250
Crosville-sur-Scie,248,2,250
Cuverville,351,5,356
Cuverville-sur-Yères,199,6,205
Cuy-Saint-Fiacre,659,17,676
Dampierre-en-Bray,453,8,461
Dampierre-Saint-Nicolas,472,2,474
Dancourt,229,2,231
Darnétal,9707,80,9787
Daubeuf-Serville,393,8,401
Dénestanville,266,1,267
Déville-lès-Rouen,10492,96,10588
Dieppe,29080,558,29638
Doudeauville,87,1,88
Doudeville,2484,41,2525
Douvrend,522,11,533
Drosay,198,7,205
Duclair,4198,47,4245
Écalles-Alix,533,6,539
Écrainville,1022,21,1043
Écretteville-lès-Baons,387,13,400
Écretteville-sur-Mer,159,2,161
Ectot-l'Auber,677,11,688
Ectot-lès-Baons,394,7,401
Elbeuf,16166,142,16308
Elbeuf-en-Bray,415,13,428
Elbeuf-sur-Andelle,473,6,479
Életot,645,9,654
Ellecourt,147,5,152
Émanville,707,11,718
Envermeu,2097,162,2259
Envronville,343,1,344
Épinay-sur-Duclair,529,9,538
Épouville,2686,45,2731
Épretot,735,14,749
Épreville,1022,13,1035
Ermenouville,140,6,146
Ernemont-la-Villette,180,1,181
Ernemont-sur-Buchy,299,4,303
Esclavelles,378,6,384
Eslettes,1567,16,1583
Esteville,495,4,499
Étaimpuis,805,11,816
Étainhus,1160,25,1185
Étalleville,454,3,457
Étalondes,1057,28,1085
Étoutteville,807,14,821
Étretat,1291,7,1298
Eu,6883,193,7076
Fallencourt,188,2,190
Fécamp,18641,314,18955
Ferrières-en-Bray,1674,19,1693
La Ferté-Saint-Samson,466,11,477
Fesques,119,0,119
La Feuillie,1296,22,1318
Flamanville,492,12,504
Flamets-Frétils,162,7,169
Flocques,711,15,726
Fongueusemare,189,5,194
Fontaine-en-Bray,176,3,179
Fontaine-la-Mallet,2626,61,2687
Fontaine-le-Bourg,1759,18,1777
Fontaine-le-Dun,903,17,920
Fontaine-sous-Préaux,508,15,523
La Fontelaye,31,0,31
Fontenay,1240,20,1260
Forges-les-Eaux,3805,191,3996
Foucarmont,817,15,832
Foucart,354,10,364
Franqueville-Saint-Pierre,6123,188,6311
Fréauville,132,1,133
La Frénaye,2134,46,2180
Freneuse,932,13,945
Fresles,236,4,240
Fresnay-le-Long,331,5,336
Fresne-le-Plan,609,8,617
Fresnoy-Folny,699,7,706
Fresquiennes,997,14,1011
Freulleville,364,5,369
Frichemesnil,412,11,423
Froberville,1245,19,1264
Fry,148,3,151
Fultot,220,0,220
La Gaillarde,386,8,394
Gaillefontaine,1225,9,1234
Gainneville,2582,31,2613
Gancourt-Saint-Étienne,228,7,235
Ganzeville,477,6,483
Gerponville,398,4,402
Gerville,424,4,428
Goderville,2851,40,2891
Gommerville,738,12,750
Gonfreville-Caillot,359,1,360
Gonfreville-l'Orcher,9057,58,9115
Gonnetot,197,2,199
Gonneville-la-Mallet,1334,22,1356
Gonneville-sur-Scie,465,4,469
Gonzeville,115,2,117
Goupillières,417,5,422
Gournay-en-Bray,6072,97,6169
Gouy,869,25,894
Graimbouville,615,9,624
Grainville-la-Teinturière,1078,21,1099
Grainville-sur-Ry,446,4,450
Grainville-Ymauville,439,12,451
Grand-Camp,708,26,734
Grand-Couronne,9648,194,9842
Le Grand-Quevilly,25698,247,25945
Grandcourt,341,5,346
Les Grandes-Ventes,1821,27,1848
Graval,155,2,157
Grèges,838,21,859
Grémonville,433,4,437
Greuville,379,5,384
Grigneuseville,368,6,374
Gruchet-le-Valasse,3160,38,3198
Gruchet-Saint-Siméon,687,13,700
Grugny,1011,7,1018
Grumesnil,441,2,443
Guerville,473,6,479
Gueures,535,20,555
Gueutteville,85,0,85
Gueutteville-les-Grès,370,11,381
La Hallotière,221,1,222
Le Hanouard,249,5,254
Harcanville,510,7,517
Harfleur,8449,65,8514
Hattenville,724,17,741
Haucourt,207,4,211
Haudricourt,416,11,427
Haussez,278,2,280
Hautot-l'Auvray,329,8,337
Hautot-le-Vatois,354,6,360
Hautot-Saint-Sulpice,678,8,686
Hautot-sur-Mer,1914,71,1985
Hautot-sur-Seine,413,7,420
Les Hauts-de-Caux,1384,34,1418
Le Havre,170147,1920,172067
La Haye,381,1,382
Héberville,116,5,121
Hénouville,1302,14,1316
Héricourt-en-Caux,955,13,968
Hermanville,116,2,118
Hermeville,366,16,382
Le Héron,252,2,254
Héronchelles,139,2,141
Heugleville-sur-Scie,637,7,644
Heuqueville,718,8,726
Heurteauville,310,2,312
Hodeng-au-Bosc,575,8,583
Hodeng-Hodenger,279,3,282
Houdetot,180,0,180
Le Houlme,4050,29,4079
Houppeville,2784,46,2830
Houquetot,353,6,359
La Houssaye-Béranger,534,7,541
Hugleville-en-Caux,428,3,431
Les Ifs,75,0,75
Illois,407,3,410
Imbleville,307,6,313
Incheville,1247,14,1261
Ingouville,270,14,284
Isneauville,3158,64,3222
Jumièges,1719,33,1752
Lamberville,192,2,194
Lammerville,335,8,343
Landes-Vieilles-et-Neuves,137,1,138
Lanquetot,1147,13,1160
Lestanville,95,0,95
Lillebonne,8894,152,9046
Limésy,1523,42,1565
Limpiville,370,6,376
Lindebeuf,399,7,406
Lintot,449,3,452
Lintot-les-Bois,181,7,188
Les Loges,1157,22,1179
La Londe,2334,67,2401
Londinières,1263,13,1276
Longmesnil,52,0,52
Longroy,634,5,639
Longueil,561,11,572
Longuerue,327,3,330
Longueville-sur-Scie,980,26,1006
Louvetot,738,6,744
Lucy,189,1,190
Luneray,2211,37,2248
Malaunay,6110,45,6155
Malleville-les-Grès,202,1,203
Manéglise,1261,21,1282
Manéhouville,226,1,227
Maniquerville,411,6,417
Manneville-ès-Plains,280,7,287
Manneville-la-Goupil,1021,14,1035
Mannevillette,868,12,880
Maromme,10908,137,11045
Marques,232,1,233
Martainville-Épreville,697,11,708
Martigny,439,10,449
Martin-Église,1587,51,1638
Massy,343,5,348
Mathonville,319,6,325
Maucomble,415,3,418
Maulévrier-Sainte-Gertrude,987,20,1007
Mauny,172,6,178
Mauquenchy,352,5,357
Mélamare,889,13,902
Melleville,264,8,272
Ménerval,173,2,175
Ménonval,221,4,225
Mentheville,301,5,306
Mésangueville,164,1,165
Mesnières-en-Bray,927,248,1175
Le Mesnil-Durdent,18,3,21
Le Mesnil-Esnard,7967,351,8318
Mesnil-Follemprise,128,4,132
Le Mesnil-Lieubray,99,3,102
Mesnil-Mauger,247,4,251
Mesnil-Panneville,719,7,726
Mesnil-Raoul,1024,7,1031
Le Mesnil-Réaume,793,16,809
Le Mesnil-sous-Jumièges,639,3,642
Meulers,563,5,568
Millebosc,247,5,252
Mirville,335,9,344
Molagnies,167,4,171
Monchaux-Soreng,654,15,669
Monchy-sur-Eu,587,9,596
Mont-Cauvaire,741,14,755
Mont-Saint-Aignan,18850,369,19219
Montérolier,596,7,603
Montigny,1240,17,1257
Montivilliers,15612,250,15862
Montmain,1314,23,1337
Montreuil-en-Caux,507,8,515
Montroty,273,26,299
Montville,4760,54,4814
Morgny-la-Pommeraye,1023,21,1044
Morienne,179,26,205
Mortemer,83,0,83
Morville-sur-Andelle,345,4,349
Motteville,791,11,802
Moulineaux,944,15,959
Muchedent,131,3,134
Nesle-Hodeng,349,5,354
Nesle-Normandeuse,546,8,554
Neuf-Marché,667,22,689
Neufbosc,403,5,408
Neufchâtel-en-Bray,4737,206,4943
La Neuville-Chant-d'Oisel,2240,33,2273
Neuville-Ferrières,579,5,584
Néville,1306,20,1326
Nointot,1346,33,1379
Nolléval,447,4,451
Normanville,669,25,694
Norville,987,26,1013
Notre-Dame-d'Aliermont,771,2,773
Notre-Dame-de-Bliquetuit,754,12,766
Notre-Dame-de-Bondeville,7015,104,7119
Notre-Dame-du-Bec,452,7,459
Notre-Dame-du-Parc,172,1,173
Nullemont,135,1,136
Ocqueville,449,11,460
Octeville-sur-Mer,5918,118,6036
Offranville,3119,237,3356
Oherville,228,2,230
Oissel,11895,86,11981
Omonville,262,55,317
Orival,913,4,917
Osmoy-Saint-Valery,324,6,330
Ouainville,527,16,543
Oudalle,440,11,451
Ourville-en-Caux,1146,13,1159
Ouville-l'Abbaye,672,7,679
Ouville-la-Rivière,495,17,512
Paluel,432,13,445
Parc-d'Anxtot,567,7,574
Pavilly,6308,56,6364
Petit-Caux,9553,202,9755
Petit-Couronne,8619,190,8809
Le Petit-Quevilly,21995,265,22260
Petiville,1125,30,1155
Pierrecourt,476,5,481
Pierrefiques,135,7,142
Pierreval,555,9,564
Pissy-Pôville,1264,19,1283
Pleine-Sève,133,2,135
Pommereux,96,1,97
Pommeréval,463,5,468
Ponts-et-Marais,799,13,812
Port-Jérôme-sur-Seine,10030,180,10210
La Poterie-Cap-d'Antifer,453,6,459
Préaux,1812,31,1843
Prétot-Vicquemare,224,3,227
Preuseville,137,1,138
Puisenval,25,0,25
Quevillon,598,14,612
Quévreville-la-Poterie,992,13,1005
Quiberville,552,8,560
Quièvrecourt,448,8,456
Quincampoix,2994,84,3078
Raffetot,503,9,512
Rainfreville,69,3,72
Réalcamp,627,13,640
Rebets,147,1,148
La Remuée,1284,26,1310
Rétonval,195,4,199
Reuville,123,1,124
Ricarville-du-Val,169,4,173
Richemont,453,2,455
Rieux,632,12,644
Rives-en-Seine,4259,77,4336
Riville,293,12,305
Robertot,215,5,220
Rocquefort,315,8,323
Rocquemont,802,16,818
Rogerville,1416,16,1432
Rolleville,1195,18,1213
Roncherolles-en-Bray,479,8,487
Roncherolles-sur-le-Vivier,1114,20,1134
Ronchois,175,6,181
Rosay,267,5,272
Rouen,110145,1615,111760
Roumare,1508,26,1534
Routes,273,7,280
Rouville,617,12,629
Rouvray-Catillon,228,6,234
Rouxmesnil-Bouteilles,1847,43,1890
Royville,282,8,290
La Rue-Saint-Pierre,785,10,795
Ry,712,8,720
Saâne-Saint-Just,159,3,162
Sahurs,1226,23,1249
Sainneville,846,11,857
Saint-Aignan-sur-Ry,348,2,350
Saint-André-sur-Cailly,857,15,872
Saint-Antoine-la-Forêt,1079,21,1100
Saint-Arnoult,1384,20,1404
Saint-Aubin-Celloville,1057,5,1062
Saint-Aubin-de-Crétot,522,8,530
Saint-Aubin-Épinay,1033,16,1049
Saint-Aubin-le-Cauf,853,18,871
Saint-Aubin-lès-Elbeuf,8309,84,8393
Saint-Aubin-Routot,1900,14,1914
Saint-Aubin-sur-Mer,170,3,173
Saint-Aubin-sur-Scie,1085,71,1156
Saint-Clair-sur-les-Monts,591,21,612
Saint-Crespin,295,4,299
Saint-Denis-d'Aclon,132,5,137
Saint-Denis-le-Thiboult,504,14,518
Saint-Denis-sur-Scie,674,4,678
Saint-Étienne-du-Rouvray,28641,280,28921
Saint-Eustache-la-Forêt,1146,16,1162
Saint-Georges-sur-Fontaine,911,18,929
Saint-Germain-d'Étables,263,1,264
Saint-Germain-des-Essourts,406,6,412
Saint-Germain-sous-Cailly,344,5,349
Saint-Germain-sur-Eaulne,207,5,212
Saint-Gilles-de-Crétot,434,11,445
Saint-Gilles-de-la-Neuville,645,6,651
Saint-Hellier,459,5,464
Saint-Honoré,208,3,211
Saint-Jacques-d'Aliermont,349,2,351
Saint-Jacques-sur-Darnétal,2835,42,2877
Saint-Jean-de-Folleville,827,20,847
Saint-Jean-de-la-Neuville,587,11,598
Saint-Jean-du-Cardonnay,1377,23,1400
Saint-Jouin-Bruneval,1869,38,1907
Saint-Laurent-de-Brèvedent,1467,37,1504
Saint-Laurent-en-Caux,771,10,781
Saint-Léger-aux-Bois,497,7,504
Saint-Léger-du-Bourg-Denis,3450,49,3499
Saint-Léonard,1724,32,1756
Saint-Lucien,245,3,248
Saint-Maclou-de-Folleville,632,12,644
Saint-Maclou-la-Brière,477,6,483
Saint-Mards,194,6,200
Saint-Martin-au-Bosc,251,5,256
Saint-Martin-aux-Arbres,324,9,333
Saint-Martin-aux-Buneaux,660,19,679
Saint-Martin-de-Boscherville,1521,32,1553
Saint Martin de l'If,1699,26,1725
Saint-Martin-du-Bec,609,24,633
Saint-Martin-du-Manoir,1512,33,1545
Saint-Martin-du-Vivier,1629,64,1693
Saint-Martin-l'Hortier,278,7,285
Saint-Martin-le-Gaillard,298,6,304
Saint-Martin-Osmonville,1171,22,1193
Saint-Maurice-d'Ételan,305,10,315
Saint-Michel-d'Halescourt,122,5,127
Saint-Nicolas-d'Aliermont,3705,59,3764
Saint-Nicolas-de-la-Haie,413,6,419
Saint-Nicolas-de-la-Taille,1572,18,1590
Saint-Ouen-du-Breuil,778,14,792
Saint-Ouen-le-Mauger,302,6,308
Saint-Ouen-sous-Bailly,220,6,226
Saint-Paër,1346,15,1361
Saint-Pierre-Bénouville,379,3,382
Saint-Pierre-de-Manneville,921,8,929
Saint-Pierre-de-Varengeville,2338,23,2361
Saint-Pierre-des-Jonquières,74,0,74
Saint-Pierre-en-Port,831,11,842
Saint-Pierre-en-Val,1100,20,1120
Saint-Pierre-le-Vieux,192,5,197
Saint-Pierre-le-Viger,257,3,260
Saint-Pierre-lès-Elbeuf,8202,77,8279
Saint-Rémy-Boscrocourt,803,16,819
Saint-Riquier-en-Rivière,148,5,153
Saint-Riquier-ès-Plains,585,21,606
Saint-Romain-de-Colbosc,4132,40,4172
Saint-Saëns,2391,23,2414
Saint-Saire,611,11,622
Saint-Sauveur-d'Émalleville,1214,26,1240
Saint-Sylvain,179,2,181
Saint-Vaast-d'Équiqueville,750,5,755
Saint-Vaast-Dieppedalle,368,3,371
Saint-Vaast-du-Val,471,8,479
Saint-Valery-en-Caux,4006,161,4167
Saint-Victor-l'Abbaye,771,8,779
Saint-Vigor-d'Ymonville,1130,27,1157
Saint-Vincent-Cramesnil,655,20,675
Sainte-Adresse,7389,260,7649
Sainte-Agathe-d'Aliermont,310,5,315
Sainte-Austreberthe,612,5,617
Sainte-Beuve-en-Rivière,183,5,188
Sainte-Colombe,215,4,219
Sainte-Croix-sur-Buchy,697,4,701
Sainte-Foy,593,12,605
Sainte-Geneviève,270,3,273
Sainte-Hélène-Bondeville,709,10,719
Sainte-Marguerite-sur-Duclair,2028,41,2069
Sainte-Marguerite-sur-Mer,477,11,488
Sainte-Marie-au-Bosc,367,12,379
Sainte-Marie-des-Champs,1582,13,1595
Sandouville,801,8,809
Sassetot-le-Malgardé,116,0,116
Sassetot-le-Mauconduit,1100,18,1118
Sasseville,273,5,278
Sauchay,415,5,420
Saumont-la-Poterie,412,2,414
Sauqueville,345,6,351
Saussay,376,7,383
Sausseuzemare-en-Caux,435,7,442
Senneville-sur-Fécamp,882,11,893
Sept-Meules,193,2,195
Serqueux,991,21,1012
Servaville-Salmonville,1133,15,1148
Sierville,1039,11,1050
Sigy-en-Bray,515,12,527
Smermesnil,407,8,415
Sommery,809,8,817
Sommesnil,103,1,104
Sorquainville,185,4,189
Sotteville-lès-Rouen,28965,444,29409
Sotteville-sous-le-Val,791,4,795
Sotteville-sur-Mer,390,10,400
Tancarville,1284,20,1304
Terres-de-Caux,4142,110,4252
Thérouldeville,664,3,667
Theuville-aux-Maillots,554,6,560
Thiergeville,406,12,418
Thiétreville,371,38,409
Thil-Manneville,608,11,619
Le Thil-Riberpré,219,8,227
Thiouville,309,6,315
Le Tilleul,695,7,702
Tocqueville-en-Caux,121,3,124
Tocqueville-les-Murs,278,1,279
Torcy-le-Grand,773,24,797
Torcy-le-Petit,485,8,493
Le Torp-Mesnil,441,4,445
Tôtes,1559,31,1590
Touffreville-la-Corbeline,826,15,841
Touffreville-sur-Eu,209,4,213
Tourville-la-Rivière,2501,21,2522
Tourville-les-Ifs,613,7,620
Tourville-sur-Arques,1234,39,1273
Toussaint,717,11,728
Le Trait,4942,45,4987
Trémauville,106,2,108
Le Tréport,4870,94,4964
La Trinité-du-Mont,798,26,824
Les Trois-Pierres,751,14,765
Trouville,632,8,640
Turretot,1469,24,1493
Val-de-la-Haye,710,4,714
Val-de-Saâne,1504,19,1523
Val-de-Scie,2555,24,2579
Valliquerville,1418,34,1452
Valmont,847,12,859
Varengeville-sur-Mer,957,33,990
Varneville-Bretteville,324,9,333
Vassonville,455,5,460
Vatierville,133,2,135
Vattetot-sous-Beaumont,576,5,581
Vattetot-sur-Mer,319,6,325
Vatteville-la-Rue,1140,27,1167
La Vaupalière,1057,19,1076
Veauville-lès-Quelles,130,2,132
Vénestanville,205,2,207
Ventes-Saint-Rémy,226,4,230
Vergetot,442,12,454
Veules-les-Roses,605,10,615
Veulettes-sur-Mer,275,6,281
Vibeuf,608,20,628
Vieux-Manoir,736,16,752
Vieux-Rouen-sur-Bresle,564,7,571
La Vieux-Rue,571,10,581
Villainville,294,12,306
Villers-Écalles,1768,19,1787
Villers-sous-Foucarmont,193,2,195
Villy-sur-Yères,194,1,195
Vinnemerville,216,2,218
Virville,357,8,365
Vittefleur,655,7,662
Wanchy-Capval,356,2,358
Yainville,1050,13,1063
Yébleron,1284,18,1302
Yerville,2418,19,2437
Ymare,1154,22,1176
Yport,798,16,814
Ypreville-Biville,573,8,581
Yquebeuf,238,8,246
Yvecrique,644,7,651
Yvetot,11859,264,12123
Yville-sur-Seine,451,5,456
Achères-la-Forêt,1125,19,1144
Amillis,825,6,831
Amponville,351,15,366
Andrezel,284,4,288
Annet-sur-Marne,3278,44,3322
Arbonne-la-Forêt,995,21,1016
Argentières,376,8,384
Armentières-en-Brie,1242,24,1266
Arville,125,0,125
Aubepierre-Ozouer-le-Repos,917,10,927
Aufferville,514,11,525
Augers-en-Brie,300,7,307
Aulnoy,356,8,364
Avon,13886,240,14126
Baby,95,2,97
Bagneaux-sur-Loing,1666,16,1682
Bailly-Romainvilliers,7521,61,7582
Balloy,327,3,330
Bannost-Villegagnon,658,11,669
Barbey,148,2,150
Barbizon,1135,32,1167
Barcy,304,7,311
Bassevelle,364,3,367
Bazoches-lès-Bray,861,8,869
Beauchery-Saint-Martin,368,15,383
Beaumont-du-Gâtinais,1180,15,1195
Beautheil-Saints,2015,34,2049
Beauvoir,205,3,208
Bellot,774,5,779
Bernay-Vilbert,827,7,834
Beton-Bazoches,906,16,922
Bezalles,241,8,249
Blandy,739,7,746
Blennes,559,6,565
Bois-le-Roi,5876,149,6025
Boisdon,140,3,143
Boissettes,401,5,406
Boissise-la-Bertrand,1150,11,1161
Boissise-le-Roi,3775,41,3816
Boissy-aux-Cailles,290,5,295
Boissy-le-Châtel,3151,53,3204
Boitron,373,4,377
Bombon,961,8,969
Bougligny,725,9,734
Boulancourt,347,11,358
Bouleurs,1645,17,1662
Bourron-Marlotte,2772,82,2854
Boutigny,862,14,876
Bransles,568,6,574
Bray-sur-Seine,2243,18,2261
Bréau,327,5,332
Brie-Comte-Robert,17817,316,18133
La Brosse-Montceaux,773,12,785
Brou-sur-Chantereine,4382,11,4393
Burcy,154,6,160
Bussières,524,3,527
Bussy-Saint-Georges,27379,335,27714
Bussy-Saint-Martin,676,15,691
Buthiers,730,16,746
Cannes-Écluse,2466,37,2503
Carnetin,454,9,463
La Celle-sur-Morin,1313,13,1326
Cély,1183,23,1206
Cerneux,323,8,331
Cesson,10418,140,10558
Cessoy-en-Montois,214,4,218
Chailly-en-Bière,2037,27,2064
Chailly-en-Brie,1394,103,1497
Chaintreaux,909,14,923
Chalautre-la-Grande,703,11,714
Chalautre-la-Petite,572,17,589
Chalifert,1266,15,1281
Chalmaison,752,53,805
Chambry,979,12,991
Chamigny,1356,54,1410
Champagne-sur-Seine,6233,134,6367
Champcenest,208,1,209
Champdeuil,726,8,734
Champeaux,823,12,835
Champs-sur-Marne,25041,154,25195
Changis-sur-Marne,1261,12,1273
Chanteloup-en-Brie,3953,26,3979
La Chapelle-Gauthier,1454,5,1459
La Chapelle-Iger,169,0,169
La Chapelle-la-Reine,2418,30,2448
La Chapelle-Moutils,443,3,446
La Chapelle-Rablais,946,6,952
La Chapelle-Saint-Sulpice,243,4,247
Les Chapelles-Bourbon,470,3,473
Charmentray,289,1,290
Charny,1313,15,1328
Chartrettes,2554,57,2611
Chartronges,296,2,298
Château-Landon,2952,61,3013
Châteaubleau,361,2,363
Le Châtelet-en-Brie,4454,87,4541
Châtenay-sur-Seine,1024,11,1035
Châtenoy,168,2,170
Châtillon-la-Borde,216,2,218
Châtres,678,7,685
Chauconin-Neufmontiers,3289,26,3315
Chauffry,1022,15,1037
Chaumes-en-Brie,3242,26,3268
Chelles,54917,278,55195
Chenoise-Cucharmoy,1623,26,1649
Chenou,327,2,329
Chessy,5633,50,5683
Chevrainvilliers,242,4,246
Chevru,1105,13,1118
Chevry-Cossigny,3952,40,3992
Chevry-en-Sereine,522,11,533
Choisy-en-Brie,1349,18,1367
Citry,917,9,926
Claye-Souilly,12486,145,12631
Clos-Fontaine,263,3,266
Cocherel,635,4,639
Collégien,3400,26,3426
Combs-la-Ville,22383,173,22556
Compans,808,1,809
Conches-sur-Gondoire,1746,28,1774
Condé-Sainte-Libiaire,1417,17,1434
Congis-sur-Thérouanne,1768,193,1961
Coubert,1934,14,1948
Couilly-Pont-aux-Dames,2154,30,2184
Coulombs-en-Valois,571,9,580
Coulommes,430,6,436
Coulommiers,14838,238,15076
Coupvray,2864,28,2892
Courcelles-en-Bassée,206,3,209
Courchamp,150,3,153
Courpalay,1323,14,1337
Courquetaine,195,7,202
Courtacon,242,10,252
Courtomer,532,6,538
Courtry,6492,48,6540
Coutençon,300,5,305
Coutevroult,1108,12,1120
Crécy-la-Chapelle,4531,61,4592
Crégy-lès-Meaux,4749,46,4795
Crèvecœur-en-Brie,406,1,407
Crisenoy,659,13,672
Croissy-Beaubourg,1987,21,2008
La Croix-en-Brie,671,8,679
Crouy-sur-Ourcq,1914,24,1938
Cuisy,441,2,443
Dagny,294,4,298
Dammarie-les-Lys,21835,152,21987
Dammartin-en-Goële,9920,86,10006
Dammartin-sur-Tigeaux,1068,14,1082
Dampmart,3375,37,3412
Darvault,875,15,890
Dhuisy,300,6,306
Diant,197,2,199
Donnemarie-Dontilly,2832,48,2880
Dormelles,806,18,824
Doue,1019,8,1027
Douy-la-Ramée,325,5,330
Échouboulains,557,6,563
Les Écrennes,604,6,610
Égligny,331,6,337
Égreville,2150,39,2189
Émerainville,7720,32,7752
Esbly,6220,44,6264
Esmans,899,9,908
Étrépilly,889,10,899
Everly,590,15,605
Évry-Grégy-sur-Yerre,2866,30,2896
Faremoutiers,2822,26,2848
Favières,1109,14,1123
Faÿ-lès-Nemours,487,11,498
Féricy,579,20,599
Férolles-Attilly,1237,28,1265
Ferrières-en-Brie,3433,31,3464
La Ferté-Gaucher,4860,48,4908
La Ferté-sous-Jouarre,9619,84,9703
Flagy,649,16,665
Fleury-en-Bière,656,17,673
Fontaine-Fourches,602,3,605
Fontaine-le-Port,1001,18,1019
Fontainebleau,14886,437,15323
Fontains,247,5,252
Fontenailles,1066,13,1079
Fontenay-Trésigny,5574,55,5629
Forfry,218,0,218
Forges,418,67,485
Fouju,575,11,586
Fresnes-sur-Marne,931,3,934
Frétoy,167,5,172
Fromont,239,4,243
Fublaines,1366,12,1378
Garentreville,114,1,115
Gastins,689,4,693
La Genevraye,784,11,795
Germigny-l'Évêque,1306,19,1325
Germigny-sous-Coulombs,209,3,212
Gesvres-le-Chapitre,151,1,152
Giremoutiers,172,4,176
Gironville,155,5,160
Gouaix,1479,34,1513
Gouvernes,1176,18,1194
La Grande-Paroisse,2786,35,2821
Grandpuits-Bailly-Carrois,1028,9,1037
Gravon,165,3,168
Gressy,840,13,853
Gretz-Armainvilliers,8657,62,8719
Grez-sur-Loing,1414,37,1451
Grisy-Suisnes,2451,30,2481
Grisy-sur-Seine,109,1,110
Guérard,2480,32,2512
Guercheville,269,4,273
Guermantes,1147,24,1171
Guignes,4095,30,4125
Gurcy-le-Châtel,573,6,579
La Haute-Maison,300,9,309
Hautefeuille,255,2,257
Héricy,2604,106,2710
Hermé,642,17,659
Hondevilliers,254,4,258
La Houssaye-en-Brie,1629,17,1646
Ichy,166,2,168
Isles-les-Meldeuses,806,2,808
Isles-lès-Villenoy,1014,15,1029
Iverny,588,3,591
Jablines,686,7,693
Jaignes,308,5,313
Jaulnes,362,4,366
Jossigny,687,2,689
Jouarre,4337,42,4379
Jouy-le-Châtel,1527,20,1547
Jouy-sur-Morin,2096,27,2123
Juilly,1963,11,1974
Jutigny,551,7,558
Lagny-sur-Marne,21356,245,21601
Larchant,696,43,739
Laval-en-Brie,448,4,452
Léchelle,596,12,608
Lescherolles,463,11,474
Lesches,743,8,751
Lésigny,7214,120,7334
Leudon-en-Brie,164,7,171
Lieusaint,13291,75,13366
Limoges-Fourches,490,5,495
Lissy,230,1,231
Liverdy-en-Brie,1316,20,1336
Livry-sur-Seine,2076,35,2111
Lizines,185,1,186
Lizy-sur-Ourcq,3566,21,3587
Lognes,14000,63,14063
Longperrier,2368,11,2379
Longueville,1796,25,1821
Lorrez-le-Bocage-Préaux,1230,20,1250
Louan-Villegruis-Fontaine,477,9,486
Luisetaines,243,5,248
Lumigny-Nesles-Ormeaux,1527,15,1542
Luzancy,1110,48,1158
Machault,783,12,795
La Madeleine-sur-Loing,355,4,359
Magny-le-Hongre,8645,142,8787
Maincy,1732,48,1780
Maison-Rouge,879,8,887
Maisoncelles-en-Brie,900,11,911
Maisoncelles-en-Gâtinais,133,1,134
Marchémoret,564,4,568
Marcilly,473,2,475
Les Marêts,149,4,153
Mareuil-lès-Meaux,3108,49,3157
Marles-en-Brie,1679,21,1700
Marolles-en-Brie,401,3,404
Marolles-sur-Seine,1748,33,1781
Mary-sur-Marne,1159,12,1171
Mauperthuis,483,3,486
Mauregard,353,0,353
May-en-Multien,912,3,915
Meaux,54991,470,55461
Le Mée-sur-Seine,20816,139,20955
Meigneux,232,6,238
Meilleray,501,11,512
Melun,40032,316,40348
Melz-sur-Seine,352,3,355
Méry-sur-Marne,670,46,716
Le Mesnil-Amelot,1014,5,1019
Messy,1161,11,1172
Misy-sur-Yonne,978,11,989
Mitry-Mory,19931,79,20010
Moisenay,1380,14,1394
Moissy-Cramayel,17713,126,17839
Mondreville,337,4,341
Mons-en-Montois,452,10,462
Montceaux-lès-Meaux,594,12,606
Montceaux-lès-Provins,330,1,331
Montcourt-Fromonville,1982,35,2017
Montdauphin,246,3,249
Montenils,26,0,26
Montereau-Fault-Yonne,20206,194,20400
Montereau-sur-le-Jard,516,6,522
Montévrain,11563,106,11669
Montgé-en-Goële,772,6,778
Monthyon,1707,11,1718
Montigny-le-Guesdier,301,6,307
Montigny-Lencoup,1386,14,1400
Montigny-sur-Loing,2701,76,2777
Montmachoux,246,2,248
Montolivet,238,2,240
Montry,3631,30,3661
Moret-Loing-et-Orvanne,12214,338,12552
Mormant,4834,22,4856
Mortcerf,1445,15,1460
Mortery,149,3,152
Mouroux,5491,58,5549
Mousseaux-lès-Bray,701,6,707
Moussy-le-Neuf,3054,20,3074
Moussy-le-Vieux,1428,5,1433
Mouy-sur-Seine,357,4,361
Nandy,6042,65,6107
Nangis,8710,83,8793
Nanteau-sur-Essonne,435,8,443
Nanteau-sur-Lunain,695,4,699
Nanteuil-lès-Meaux,6160,72,6232
Nanteuil-sur-Marne,430,5,435
Nantouillet,277,1,278
Nemours,13081,134,13215
Neufmoutiers-en-Brie,1091,20,1111
Noisiel,15230,103,15333
Noisy-Rudignon,610,8,618
Noisy-sur-École,1832,57,1889
Nonville,618,12,630
Noyen-sur-Seine,371,10,381
Obsonville,112,1,113
Ocquerre,429,24,453
Oissery,2276,22,2298
Orly-sur-Morin,677,11,688
Les Ormes-sur-Voulzie,858,10,868
Ormesson,243,6,249
Othis,6680,77,6757
Ozoir-la-Ferrière,20331,169,20500
Ozouer-le-Voulgis,1904,21,1925
Paley,421,7,428
Pamfou,942,9,951
Paroy,167,1,168
Passy-sur-Seine,47,1,48
Pécy,863,7,870
Penchard,1083,13,1096
Perthes,1995,24,2019
Pézarches,392,4,396
Pierre-Levée,470,7,477
Le Pin,1467,10,1477
Le Plessis-aux-Bois,280,2,282
Le Plessis-Feu-Aussoux,591,6,597
Le Plessis-l'Évêque,297,4,301
Le Plessis-Placy,268,4,272
Poigny,528,8,536
Poincy,692,12,704
Poligny,798,12,810
Pommeuse,2925,24,2949
Pomponne,4034,37,4071
Pontault-Combault,37747,247,37994
Pontcarré,2251,16,2267
Précy-sur-Marne,803,3,806
Presles-en-Brie,2312,31,2343
Pringy,2924,19,2943
Provins,11844,281,12125
Puisieux,319,5,324
Quiers,668,5,673
Quincy-Voisins,5435,54,5489
Rampillon,825,6,831
Réau,1834,4,1838
Rebais,2288,25,2313
Recloses,635,24,659
Remauville,459,10,469
Reuil-en-Brie,834,5,839
La Rochette,3412,98,3510
Roissy-en-Brie,22994,106,23100
Rouilly,486,6,492
Rouvres,899,9,908
Rozay-en-Brie,2826,36,2862
Rubelles,2355,19,2374
Rumont,123,5,128
Rupéreux,101,0,101
Saâcy-sur-Marne,1813,36,1849
Sablonnières,721,8,729
Saint-Augustin,1738,29,1767
Saint-Barthélemy,329,5,334
Saint-Brice,781,17,798
Saint-Cyr-sur-Morin,1952,44,1996
Saint-Denis-lès-Rebais,975,19,994
Saint-Fargeau-Ponthierry,14206,128,14334
Saint-Fiacre,402,2,404
Saint-Germain-Laval,2762,101,2863
Saint-Germain-Laxis,743,18,761
Saint-Germain-sous-Doue,537,11,548
Saint-Germain-sur-École,366,5,371
Saint-Germain-sur-Morin,3664,49,3713
Saint-Hilliers,473,8,481
Saint-Jean-les-Deux-Jumeaux,1272,12,1284
Saint-Just-en-Brie,240,5,245
Saint-Léger,261,1,262
Saint-Loup-de-Naud,882,11,893
Saint-Mammès,3347,119,3466
Saint-Mard,3857,28,3885
Saint-Mars-Vieux-Maisons,283,2,285
Saint-Martin-des-Champs,650,11,661
Saint-Martin-du-Boschet,287,4,291
Saint-Martin-en-Bière,751,17,768
Saint-Méry,344,9,353
Saint-Mesmes,613,6,619
Saint-Ouen-en-Brie,836,12,848
Saint-Ouen-sur-Morin,536,5,541
Saint-Pathus,6055,51,6106
Saint-Pierre-lès-Nemours,5483,90,5573
Saint-Rémy-la-Vanne,983,9,992
Saint-Sauveur-lès-Bray,359,5,364
Saint-Sauveur-sur-École,1122,22,1144
Saint-Siméon,896,5,901
Saint-Soupplets,3243,30,3273
Saint-Thibault-des-Vignes,6447,75,6522
Sainte-Aulde,680,7,687
Sainte-Colombe,1822,31,1853
Salins,1102,21,1123
Sammeron,1125,15,1140
Samois-sur-Seine,2053,49,2102
Samoreau,2308,65,2373
Sancy,383,8,391
Sancy-lès-Provins,321,3,324
Savigny-le-Temple,29984,238,30222
Savins,606,9,615
Seine-Port,1888,42,1930
Sept-Sorts,500,8,508
Serris,9040,87,9127
Servon,3251,52,3303
Signy-Signets,584,6,590
Sigy,57,0,57
Sivry-Courtry,1214,15,1229
Sognolles-en-Montois,394,6,400
Soignolles-en-Brie,1957,11,1968
Soisy-Bouy,820,19,839
Solers,1211,22,1233
Souppes-sur-Loing,5390,108,5498
Sourdun,1484,405,1889
Tancrou,357,4,361
Thénisy,291,6,297
Thieux,913,3,916
Thomery,3467,118,3585
Thorigny-sur-Marne,10154,112,10266
Thoury-Férottes,673,10,683
Tigeaux,381,3,384
La Tombe,224,0,224
Torcy,22568,125,22693
Touquin,1206,13,1219
Tournan-en-Brie,8718,134,8852
Tousson,391,8,399
La Trétoire,493,10,503
Treuzy-Levelay,425,7,432
Trilbardou,662,4,666
Trilport,5033,30,5063
Trocy-en-Multien,239,2,241
Ury,847,30,877
Ussy-sur-Marne,1067,10,1077
Vaires-sur-Marne,13327,140,13467
Valence-en-Brie,966,8,974
Vanvillé,183,2,185
Varennes-sur-Seine,3469,63,3532
Varreddes,2004,22,2026
Vaucourtois,256,6,262
Le Vaudoué,739,14,753
Vaudoy-en-Brie,902,8,910
Vaux-le-Pénil,11062,158,11220
Vaux-sur-Lunain,226,2,228
Vendrest,730,10,740
Verdelot,690,7,697
Verneuil-l'Étang,3237,19,3256
Vernou-la-Celle-sur-Seine,2673,40,2713
Vert-Saint-Denis,7610,79,7689
Vieux-Champagne,190,2,192
Vignely,309,0,309
Ville-Saint-Jacques,814,25,839
Villebéon,479,9,488
Villecerf,719,17,736
Villemaréchal,1110,17,1127
Villemareuil,405,5,410
Villemer,742,11,753
Villenauxe-la-Petite,426,7,433
Villeneuve-le-Comte,1850,36,1886
Villeneuve-les-Bordes,612,7,619
Villeneuve-Saint-Denis,924,4,928
Villeneuve-sous-Dammartin,641,1,642
Villeneuve-sur-Bellot,1131,11,1142
Villenoy,4903,32,4935
Villeparisis,26322,107,26429
Villeroy,721,5,726
Villevaudé,2122,12,2134
Villiers-en-Bière,211,3,214
Villiers-Saint-Georges,1231,21,1252
Villiers-sous-Grez,681,21,702
Villiers-sur-Morin,1926,24,1950
Villiers-sur-Seine,300,6,306
Villuis,265,3,268
Vimpelles,521,10,531
Vinantes,379,2,381
Vincy-Manœuvre,289,5,294
Voinsles,596,18,614
Voisenon,1133,16,1149
Voulangis,1522,30,1552
Voulton,317,12,329
Voulx,1729,23,1752
Vulaines-lès-Provins,64,0,64
Vulaines-sur-Seine,2722,62,2784
Yèbles,960,3,963
Ablis,3439,48,3487
Achères,21017,138,21155
Adainville,731,18,749
Aigremont,1084,49,1133
Allainville,306,5,311
Les Alluets-le-Roi,1201,36,1237
Andelu,476,4,480
Andrésy,13324,118,13442
Arnouville-lès-Mantes,938,12,950
Aubergenville,11817,64,11881
Auffargis,1982,45,2027
Auffreville-Brasseuil,650,10,660
Aulnay-sur-Mauldre,1140,24,1164
Auteuil,955,19,974
Autouillet,509,6,515
Bailly,3721,142,3863
Bazainville,1454,41,1495
Bazemont,1582,41,1623
Bazoches-sur-Guyonne,621,9,630
Béhoust,460,8,468
Bennecourt,1897,22,1919
Beynes,7662,112,7774
Blaru,889,21,910
Boinville-en-Mantois,292,2,294
Boinville-le-Gaillard,608,8,616
Boinvilliers,291,2,293
Bois-d'Arcy,15142,131,15273
Boissets,266,4,270
La Boissière-École,765,73,838
Boissy-Mauvoisin,614,11,625
Boissy-sans-Avoir,646,11,657
Bonnelles,1963,49,2012
Bonnières-sur-Seine,4612,40,4652
Bouafle,2156,27,2183
Bougival,8699,142,8841
Bourdonné,496,8,504
Breuil-Bois-Robert,735,12,747
Bréval,1820,26,1846
Les Bréviaires,1244,29,1273
Brueil-en-Vexin,691,12,703
Buc,5821,159,5980
Buchelay,3133,21,3154
Bullion,1914,62,1976
Carrières-sous-Poissy,16212,145,16357
Carrières-sur-Seine,14967,193,15160
La Celle-les-Bordes,834,30,864
La Celle-Saint-Cloud,20966,412,21378
Cernay-la-Ville,1577,37,1614
Chambourcy,5634,143,5777
Chanteloup-les-Vignes,10374,81,10455
Chapet,1314,24,1338
Châteaufort,1394,40,1434
Chatou,30253,501,30754
Chaufour-lès-Bonnières,471,7,478
Chavenay,1815,74,1889
Le Chesnay-Rocquencourt,31164,616,31780
Chevreuse,5678,132,5810
Choisel,556,15,571
Civry-la-Forêt,335,4,339
Clairefontaine-en-Yvelines,827,64,891
Les Clayes-sous-Bois,17636,206,17842
Coignières,4394,26,4420
Condé-sur-Vesgre,1205,31,1236
Conflans-Sainte-Honorine,35846,439,36285
Courgent,374,11,385
Cravent,438,6,444
Crespières,1612,67,1679
Croissy-sur-Seine,9701,400,10101
Dammartin-en-Serve,1264,15,1279
Dampierre-en-Yvelines,1037,15,1052
Dannemarie,194,5,199
Davron,304,15,319
Drocourt,562,11,573
Ecquevilly,4259,45,4304
Élancourt,25400,260,25660
Émancé,880,13,893
Épône,6503,88,6591
Les Essarts-le-Roi,6708,134,6842
L' Étang-la-Ville,4437,183,4620
Évecquemont,787,14,801
La Falaise,586,8,594
Favrieux,143,5,148
Feucherolles,2874,136,3010
Flacourt,166,0,166
Flexanville,590,15,605
Flins-Neuve-Église,156,2,158
Flins-sur-Seine,2410,29,2439
Follainville-Dennemont,2139,29,2168
Fontenay-le-Fleury,13503,119,13622
Fontenay-Mauvoisin,362,13,375
Fontenay-Saint-Père,982,19,1001
Freneuse,4411,57,4468
Gaillon-sur-Montcient,677,14,691
Galluis,1212,16,1228
Gambais,2463,61,2524
Gambaiseuil,62,1,63
Garancières,2348,50,2398
Gargenville,7467,65,7532
Gazeran,1280,21,1301
Gommecourt,674,6,680
Goupillières,511,9,520
Goussonville,622,10,632
Grandchamp,325,7,332
Gressey,545,14,559
Grosrouvre,915,30,945
Guernes,1084,15,1099
Guerville,2144,36,2180
Guitrancourt,615,6,621
Guyancourt,28633,432,29065
Hardricourt,2289,19,2308
Hargeville,446,5,451
La Hauteville,174,5,179
Herbeville,247,6,253
Hermeray,956,25,981
Houdan,3640,42,3682
Houilles,32151,329,32480
Issou,4100,48,4148
Jambville,835,14,849
Jouars-Pontchartrain,5658,115,5773
Jouy-en-Josas,8191,163,8354
Jouy-Mauvoisin,555,10,565
Jumeauville,609,7,616
Juziers,3820,44,3864
Lainville-en-Vexin,788,13,801
Lévis-Saint-Nom,1604,46,1650
Limay,16820,112,16932
Limetz-Villez,1942,31,1973
Les Loges-en-Josas,1564,56,1620
Lommoye,671,8,679
Longnes,1448,22,1470
Longvilliers,502,12,514
Louveciennes,7099,160,7259
Magnanville,6030,133,6163
Magny-les-Hameaux,9327,164,9491
Maisons-Laffitte,23669,498,24167
Mantes-la-Jolie,44299,229,44528
Mantes-la-Ville,20452,140,20592
Marcq,762,9,771
Mareil-le-Guyon,377,12,389
Mareil-Marly,3448,157,3605
Mareil-sur-Mauldre,1706,37,1743
Marly-le-Roi,16192,486,16678
Maule,5854,221,6075
Maulette,972,6,978
Maurecourt,4358,53,4411
Maurepas,18281,262,18543
Médan,1375,44,1419
Ménerville,210,1,211
Méré,1677,53,1730
Méricourt,422,5,427
Le Mesnil-le-Roi,6292,149,6441
Le Mesnil-Saint-Denis,6789,114,6903
Les Mesnuls,857,22,879
Meulan-en-Yvelines,8990,75,9065
Mézières-sur-Seine,3676,40,3716
Mézy-sur-Seine,2197,33,2230
Millemont,258,4,262
Milon-la-Chapelle,289,12,301
Mittainville,607,15,622
Moisson,977,7,984
Mondreville,406,3,409
Montainville,506,20,526
Montalet-le-Bois,315,5,320
Montchauvet,285,7,292
Montesson,15019,270,15289
Montfort-l'Amaury,2940,75,3015
Montigny-le-Bretonneux,32929,467,33396
Morainvilliers,2930,79,3009
Mousseaux-sur-Seine,682,9,691
Mulcent,110,1,111
Les Mureaux,32792,181,32973
Neauphle-le-Château,3373,55,3428
Neauphle-le-Vieux,936,19,955
Neauphlette,826,15,841
Nézel,1042,15,1057
Noisy-le-Roi,7550,262,7812
Notre-Dame-de-la-Mer,652,10,662
Oinville-sur-Montcient,1076,20,1096
Orcemont,1004,22,1026
Orgerus,2370,65,2435
Orgeval,6263,138,6401
Orphin,898,26,924
Orsonville,334,8,342
Orvilliers,876,9,885
Osmoy,364,8,372
Paray-Douaville,259,3,262
Le Pecq,16072,363,16435
Perdreauville,632,16,648
Le Perray-en-Yvelines,6724,115,6839
Plaisir,31419,389,31808
Poigny-la-Forêt,931,40,971
Poissy,37388,295,37683
Ponthévrard,636,18,654
Porcheville,3203,20,3223
Le Port-Marly,5532,57,5589
Prunay-en-Yvelines,870,10,880
Prunay-le-Temple,419,17,436
La Queue-les-Yvelines,2180,31,2211
Raizeux,952,15,967
Rambouillet,26736,513,27249
Rennemoulin,107,0,107
Richebourg,1452,25,1477
Rochefort-en-Yvelines,906,38,944
Rolleboise,391,3,394
Rosay,368,2,370
Rosny-sur-Seine,6433,42,6475
Sailly,378,11,389
Saint-Arnoult-en-Yvelines,6001,138,6139
Saint-Cyr-l'École,18795,612,19407
Saint-Forget,518,10,528
Saint-Germain-de-la-Grange,1869,38,1907
Saint-Germain-en-Laye,44753,1817,46570
Saint-Hilarion,920,17,937
Saint-Illiers-la-Ville,395,8,403
Saint-Illiers-le-Bois,427,5,432
Saint-Lambert,452,39,491
Saint-Léger-en-Yvelines,1378,32,1410
Saint-Martin-de-Bréthencourt,642,11,653
Saint-Martin-des-Champs,306,9,315
Saint-Martin-la-Garenne,975,12,987
Saint-Nom-la-Bretèche,4911,209,5120
Saint-Rémy-l'Honoré,1568,29,1597
Saint-Rémy-lès-Chevreuse,7862,156,8018
Sainte-Mesme,939,20,959
Sartrouville,51967,466,52433
Saulx-Marchais,937,26,963
Senlisse,491,11,502
Septeuil,2348,24,2372
Soindres,678,8,686
Sonchamp,1641,66,1707
Tacoignières,1034,17,1051
Le Tartre-Gaudran,35,1,36
Le Tertre-Saint-Denis,124,1,125
Tessancourt-sur-Aubette,1024,6,1030
Thiverval-Grignon,1058,18,1076
Thoiry,1415,23,1438
Tilly,529,7,536
Toussus-le-Noble,1170,32,1202
Trappes,32584,130,32714
Le Tremblay-sur-Mauldre,930,123,1053
Triel-sur-Seine,11892,216,12108
Vaux-sur-Seine,4927,66,4993
Vélizy-Villacoublay,22036,211,22247
Verneuil-sur-Seine,15577,405,15982
Vernouillet,10048,185,10233
La Verrière,6715,105,6820
Versailles,85862,2038,87900
Vert,831,12,843
Le Vésinet,15889,585,16474
Vicq,398,3,401
Vieille-Église-en-Yvelines,682,28,710
La Villeneuve-en-Chevrie,640,9,649
Villennes-sur-Seine,5282,166,5448
Villepreux,10947,204,11151
Villette,523,17,540
Villiers-le-Mahieu,794,17,811
Villiers-Saint-Frédéric,2838,159,2997
Viroflay,16129,307,16436
Voisins-le-Bretonneux,11088,338,11426
L' Absie,979,14,993
Adilly,305,5,310
Aiffres,5506,203,5709
Aigondigné,4747,144,4891
Airvault,3281,47,3328
Alloinay,869,16,885
Allonne,665,18,683
Amailloux,827,7,834
Amuré,428,12,440
Ardin,1243,33,1276
Argentonnay,3185,86,3271
Arçais,613,6,619
Asnières-en-Poitou,204,7,211
Assais-les-Jumeaux,774,12,786
Aubigné,210,2,212
Aubigny,169,1,170
Augé,910,19,929
Availles-Thouarsais,198,2,200
Avon,67,0,67
Azay-le-Brûlé,1951,93,2044
Azay-sur-Thouet,1148,22,1170
Beaulieu-sous-Parthenay,674,15,689
Beaussais-Vitré,977,56,1033
Beauvoir-sur-Niort,1752,29,1781
Béceleuf,757,14,771
Bessines,1675,63,1738
Beugnon-Thireuil,726,10,736
Boismé,1200,28,1228
La Boissière-en-Gâtine,246,2,248
Bougon,177,6,183
Le Bourdet,584,6,590
Boussais,457,10,467
Bressuire,19519,1014,20533
Bretignolles,600,16,616
Brieuil-sur-Chizé,123,3,126
Brion-près-Thouet,740,11,751
Brioux-sur-Boutonne,1474,50,1524
Brûlain,757,17,774
Le Busseau,732,4,736
Caunay,181,1,182
Celles-sur-Belle,3907,57,3964
Cerizay,4768,72,4840
Champdeniers,1666,37,1703
Chanteloup,1009,23,1032
La Chapelle-Bâton,398,10,408
La Chapelle-Bertrand,478,14,492
La Chapelle-Pouilloux,183,5,188
La Chapelle-Saint-Laurent,2002,24,2026
Les Châteliers,484,9,493
Châtillon-sur-Thouet,2685,53,2738
Chauray,7006,201,7207
Chef-Boutonne,2563,132,2695
Chenay,454,3,457
Chérigné,147,5,152
Cherveux,1905,42,1947
Chey,567,10,577
Chiché,1690,45,1735
Le Chillou,167,1,168
Chizé,863,23,886
Cirières,945,24,969
Clavé,363,5,368
Clessé,954,10,964
Clussais-la-Pommeraie,590,12,602
Combrand,1161,34,1195
Coulon,2263,55,2318
Coulonges-sur-l'Autize,2350,48,2398
Coulonges-Thouarsais,432,5,437
Courlay,2436,49,2485
Cours,554,13,567
Couture-d'Argenson,379,2,381
La Crèche,5635,129,5764
Doux,229,1,230
Échiré,3371,97,3468
Ensigné,286,4,290
Épannes,867,20,887
Exireuil,1583,32,1615
Exoudun,576,10,586
Faye-l'Abbesse,1066,16,1082
Faye-sur-Ardin,631,8,639
Fénery,292,5,297
Fenioux,644,11,655
La Ferrière-en-Parthenay,786,11,797
Fomperron,420,8,428
Fontenille-Saint-Martin-d'Entraigues,547,5,552
Fontivillié,861,25,886
La Forêt-sur-Sèvre,2365,33,2398
Les Forges,129,6,135
Fors,1795,56,1851
Les Fosses,448,10,458
La Foye-Monjault,846,7,853
François,954,26,980
Fressines,1673,30,1703
Frontenay-Rohan-Rohan,2862,97,2959
Geay,314,5,319
Genneton,325,6,331
Germond-Rouvre,1174,22,1196
Glénay,569,13,582
Gourgé,967,23,990
Granzay-Gript,904,22,926
Les Groseillers,58,2,60
Irais,207,4,211
Juillé,99,2,101
Juscorps,361,6,367
Lageon,359,5,364
Largeasse,747,9,756
Lezay,1999,27,2026
Lhoumois,147,2,149
Limalonges,834,17,851
Loretz-d'Argenton,2655,37,2692
Lorigné,300,6,306
Loubigné,161,4,165
Loubillé,392,6,398
Louin,684,25,709
Louzy,1358,23,1381
Luché-sur-Brioux,142,5,147
Luché-Thouarsais,509,4,513
Lusseray,157,3,160
Luzay,635,12,647
Magné,2671,66,2737
Mairé-Levescault,532,10,542
Maisonnay,256,4,260
Maisontiers,154,5,159
Marcillé,760,30,790
Marigny,877,13,890
Marnes,258,11,269
Mauléon,8519,224,8743
Mauzé-sur-le-Mignon,2818,55,2873
Mazières-en-Gâtine,1011,24,1035
Melle,6213,327,6540
Melleran,507,10,517
Ménigoute,859,23,882
Messé,188,4,192
Moncoutant-sur-Sèvre,5046,168,5214
Montalembert,302,3,305
Montravers,382,6,388
La Mothe-Saint-Héray,1692,39,1731
Nanteuil,1713,31,1744
Neuvy-Bouin,513,7,520
Niort,58707,1799,60506
Nueil-les-Aubiers,5541,120,5661
Oroux,95,1,96
Paizay-le-Chapt,261,3,264
Pamplie,273,3,276
Pamproux,1747,15,1762
Parthenay,10267,385,10652
Pas-de-Jeu,369,8,377
Périgné,1006,38,1044
Pers,74,3,77
La Petite-Boissière,634,17,651
La Peyratte,1171,49,1220
Pierrefitte,327,7,334
Le Pin,1052,23,1075
Plaine-d'Argenson,966,15,981
Plaine-et-Vallées,2405,55,2460
Pliboux,206,3,209
Pompaire,2001,56,2057
Pougne-Hérisson,370,7,377
Prahecq,2179,38,2217
Prailles-La Couarde,949,18,967
Pressigny,185,6,191
Prin-Deyrançon,606,18,624
Puihardy,61,0,61
Reffannes,368,6,374
Le Retail,278,4,282
La Rochénard,583,6,589
Rom,860,13,873
Romans,708,14,722
Saint-Amand-sur-Sèvre,1409,35,1444
Saint-André-sur-Sèvre,649,13,662
Saint-Aubin-du-Plain,550,21,571
Saint-Aubin-le-Cloud,1771,105,1876
Saint-Christophe-sur-Roc,558,11,569
Saint-Coutant,283,0,283
Saint-Cyr-la-Lande,358,4,362
Saint-Gelais,2091,63,2154
Saint-Généroux,362,13,375
Saint-Georges-de-Noisné,700,14,714
Saint-Georges-de-Rex,441,14,455
Saint-Germain-de-Longue-Chaume,403,3,406
Saint-Germier,226,6,232
Saint-Hilaire-la-Palud,1540,22,1562
Saint-Jacques-de-Thouars,438,13,451
Saint-Jean-de-Thouars,1358,35,1393
Saint-Laurs,568,8,576
Saint-Léger-de-Montbrun,1264,24,1288
Saint-Lin,331,6,337
Saint-Loup-Lamairé,986,41,1027
Saint-Maixent-de-Beugné,404,8,412
Saint-Maixent-l'École,6982,147,7129
Saint-Marc-la-Lande,363,3,366
Saint-Martin-de-Bernegoue,782,17,799
Saint-Martin-de-Mâcon,306,6,312
Saint-Martin-de-Saint-Maixent,1105,31,1136
Saint-Martin-de-Sanzay,1085,17,1102
Saint-Martin-du-Fouilloux,236,4,240
Saint Maurice Étusson,876,11,887
Saint-Maxire,1302,43,1345
Saint-Pardoux-Soutiers,1876,36,1912
Saint-Paul-en-Gâtine,448,7,455
Saint-Pierre-des-Échaubrognes,1411,25,1436
Saint-Pompain,943,12,955
Saint-Rémy,1100,23,1123
Saint-Romans-des-Champs,173,4,177
Saint-Romans-lès-Melle,718,18,736
Saint-Symphorien,1922,53,1975
Saint-Varent,2445,40,2485
Saint-Vincent-la-Châtre,641,21,662
Sainte-Eanne,613,13,626
Sainte-Gemme,400,3,403
Sainte-Néomaye,1320,38,1358
Sainte-Ouenne,805,12,817
Sainte-Soline,358,14,372
Sainte-Verge,1395,30,1425
Saivres,1461,21,1482
Salles,329,12,341
Sansais,753,51,804
Saurais,189,2,191
Sauzé-Vaussais,1596,26,1622
Sciecq,638,10,648
Scillé,355,7,362
Secondigné-sur-Belle,510,16,526
Secondigny,1843,81,1924
Séligné,115,3,118
Sepvret,616,16,632
Soudan,430,4,434
Souvigné,902,28,930
Surin,657,12,669
Le Tallud,2021,48,2069
Thénezay,1403,29,1432
Thouars,13990,351,14341
Tourtenay,117,4,121
Trayes,122,4,126
Val-du-Mignon,1095,20,1115
Val en Vignes,2047,86,2133
Valdelaume,852,9,861
Vallans,787,21,808
Le Vanneau-Irleau,872,26,898
Vanzay,237,0,237
Vançais,220,6,226
Vasles,1662,24,1686
Vausseroux,326,6,332
Vautebis,114,1,115
Vernoux-en-Gâtine,571,13,584
Vernoux-sur-Boutonne,215,2,217
Verruyes,904,34,938
Le Vert,128,3,131
Viennay,1104,21,1125
Villefollet,216,5,221
Villemain,150,2,152
Villiers-en-Bois,123,3,126
Villiers-en-Plaine,1774,31,1805
Villiers-sur-Chizé,160,6,166
Vouhé,385,11,396
Vouillé,3292,99,3391
Voulmentin,1110,29,1139
Xaintray,223,4,227
Abbeville,22946,412,23358
Ablaincourt-Pressoir,266,5,271
Acheux-en-Amiénois,593,11,604
Acheux-en-Vimeu,528,5,533
Agenville,91,2,93
Agenvillers,228,4,232
Aigneville,890,19,909
Ailly-le-Haut-Clocher,966,23,989
Ailly-sur-Noye,2838,32,2870
Ailly-sur-Somme,2967,26,2993
Airaines,2378,32,2410
Aizecourt-le-Bas,54,0,54
Aizecourt-le-Haut,67,3,70
Albert,9928,174,10102
Allaines,466,10,476
Allenay,250,5,255
Allery,793,14,807
Allonville,738,17,755
Amiens,134057,2697,136754
Andainville,254,3,257
Andechy,269,4,273
Argoules,326,3,329
Arguel,29,0,29
Argœuves,542,6,548
Armancourt,33,0,33
Arquèves,165,3,168
Arrest,869,26,895
Arry,212,8,220
Arvillers,778,8,786
Assainvillers,108,0,108
Assevillers,296,4,300
Athies,594,6,600
Aubercourt,81,1,82
Aubigny,505,4,509
Aubvillers,142,2,144
Auchonvillers,143,3,146
Ault,1464,18,1482
Aumâtre,180,5,185
Aumont,145,4,149
Autheux,120,2,122
Authie,286,10,296
Authieule,409,6,415
Authuille,165,2,167
Avelesges,57,0,57
Aveluy,522,4,526
Avesnes-Chaussoy,64,3,67
Ayencourt,192,13,205
Bacouel-sur-Selle,501,10,511
Bailleul,266,3,269
Baizieux,207,5,212
Balâtre,72,1,73
Barleux,230,5,235
Barly,177,3,180
Bavelincourt,106,1,107
Bayencourt,79,3,82
Bayonvillers,340,4,344
Bazentin,79,1,80
Béalcourt,104,0,104
Beaucamps-le-Jeune,202,3,205
Beaucamps-le-Vieux,1421,19,1440
Beauchamps,996,21,1017
Beaucourt-en-Santerre,176,3,179
Beaucourt-sur-l'Ancre,95,2,97
Beaucourt-sur-l'Hallue,298,7,305
Beaufort-en-Santerre,204,4,208
Beaumetz,226,1,227
Beaumont-Hamel,215,0,215
Beauquesne,1339,54,1393
Beauval,2095,28,2123
Bécordel-Bécourt,160,2,162
Becquigny,131,1,132
Béhen,509,4,513
Béhencourt,333,3,336
Bellancourt,513,9,522
Belleuse,357,0,357
Belloy-en-Santerre,149,2,151
Belloy-Saint-Léonard,92,2,94
Belloy-sur-Somme,752,8,760
Bergicourt,145,4,149
Bermesnil,222,2,224
Bernâtre,32,2,34
Bernaville,1070,17,1087
Bernay-en-Ponthieu,231,6,237
Bernes,352,2,354
Berneuil,257,1,258
Berny-en-Santerre,154,3,157
Bertangles,627,6,633
Berteaucourt-les-Dames,1162,8,1170
Berteaucourt-lès-Thennes,437,10,447
Bertrancourt,223,3,226
Béthencourt-sur-Mer,968,9,977
Béthencourt-sur-Somme,129,3,132
Bettembos,102,3,105
Bettencourt-Rivière,230,5,235
Bettencourt-Saint-Ouen,619,5,624
Beuvraignes,860,5,865
Biaches,384,7,391
Biarre,67,0,67
Biencourt,133,4,137
Billancourt,173,2,175
Blangy-sous-Poix,181,3,184
Blangy-Tronville,563,10,573
Boisbergues,78,1,79
Le Boisle,363,2,365
Boismont,475,17,492
Bonnay,237,1,238
Bonneville,331,7,338
Bosquel,334,6,340
Bouchavesnes-Bergen,291,4,295
Bouchoir,293,3,296
Bouchon,155,1,156
Boufflers,122,1,123
Bougainville,448,7,455
Bouillancourt-en-Séry,550,10,560
Bouillancourt-la-Bataille,155,0,155
Bouquemaison,503,15,518
Bourdon,385,8,393
Bourseville,699,14,713
Boussicourt,87,0,87
Bouttencourt,931,21,952
Bouvaincourt-sur-Bresle,868,11,879
Bouvincourt-en-Vermandois,151,4,155
Bouzincourt,550,13,563
Bovelles,434,6,440
Boves,3192,34,3226
Braches,263,3,266
Brailly-Cornehotte,241,1,242
Brassy,74,0,74
Bray-lès-Mareuil,240,4,244
Bray-sur-Somme,1276,7,1283
Breilly,685,4,689
Bresle,128,1,129
Breuil,46,0,46
Brévillers,108,3,111
Brie,331,1,332
Briquemesnil-Floxicourt,269,5,274
Brocourt,98,1,99
Brouchy,512,9,521
Brucamps,139,0,139
Brutelles,207,5,212
Buigny-l'Abbé,311,9,320
Buigny-lès-Gamaches,414,5,419
Buigny-Saint-Maclou,517,12,529
Buire-Courcelles,234,7,241
Buire-sur-l'Ancre,310,4,314
Bus-la-Mésière,167,1,168
Bus-lès-Artois,134,0,134
Bussu,213,7,220
Bussus-Bussuel,297,8,305
Bussy-lès-Daours,381,3,384
Bussy-lès-Poix,101,2,103
Buverchy,49,0,49
Cachy,282,4,286
Cagny,1204,21,1225
Cahon,199,4,203
Caix,740,12,752
Cambron,724,11,735
Camon,4432,54,4486
Camps-en-Amiénois,188,1,189
Canaples,706,7,713
Canchy,322,4,326
Candas,1100,9,1109
Cannessières,70,0,70
Cantigny,114,1,115
Caours,603,19,622
Cappy,535,7,542
Cardonnette,518,7,525
Le Cardonnois,83,3,86
Carnoy-Mametz,285,4,289
Carrépuis,272,4,276
Cartigny,745,24,769
Caulières,206,4,210
Cavillon,103,1,104
Cayeux-en-Santerre,121,0,121
Cayeux-sur-Mer,2477,32,2509
Cerisy,531,5,536
Cerisy-Buleux,266,6,272
Champien,276,10,286
Chaulnes,2083,30,2113
La Chaussée-Tirancourt,659,11,670
Chaussoy-Epagny,581,6,587
La Chavatte,73,1,74
Chépy,1252,17,1269
Chilly,183,5,188
Chipilly,171,2,173
Chirmont,119,1,120
Chuignes,134,1,135
Chuignolles,152,3,155
Citerne,238,4,242
Cizancourt,34,0,34
Clairy-Saulchoix,370,4,374
Cléry-sur-Somme,546,11,557
Cocquerel,229,2,231
Coigneux,49,2,51
Coisy,340,3,343
Colincamps,88,2,90
Combles,765,12,777
Condé-Folie,916,10,926
Contalmaison,118,0,118
Contay,364,1,365
Conteville,211,4,215
Contre,153,7,160
Conty,1735,48,1783
Corbie,6283,80,6363
Cottenchy,576,172,748
Coullemelle,332,1,333
Coulonvillers,231,8,239
Courcelette,154,1,155
Courcelles-au-Bois,82,0,82
Courcelles-sous-Moyencourt,139,3,142
Courcelles-sous-Thoix,69,0,69
Courtemanche,102,2,104
Cramont,303,5,308
Crécy-en-Ponthieu,1436,30,1466
Crémery,121,0,121
Cressy-Omencourt,123,1,124
Creuse,190,4,194
Croix-Moligneaux,278,5,283
Croixrault,434,10,444
Le Crotoy,2012,33,2045
Crouy-Saint-Pierre,346,2,348
Curchy,298,9,307
Curlu,168,2,170
Damery,235,5,240
Dancourt-Popincourt,155,1,156
Daours,797,16,813
Dargnies,1246,18,1264
Davenescourt,563,4,567
Démuin,493,10,503
Dernancourt,540,9,549
Devise,50,3,53
Doingt,1427,36,1463
Domart-en-Ponthieu,1094,12,1106
Domart-sur-la-Luce,419,9,428
Domesmont,45,0,45
Dominois,177,5,182
Domléger-Longvillers,302,3,305
Dommartin,350,3,353
Dompierre-Becquincourt,706,8,714
Dompierre-sur-Authie,401,5,406
Domqueur,311,7,318
Domvast,350,4,354
Doudelainville,339,8,347
Douilly,240,1,241
Doullens,6106,306,6412
Dreuil-lès-Amiens,1653,11,1664
Driencourt,92,3,95
Dromesnil,94,1,95
Drucat,921,25,946
Dury,1430,61,1491
Eaucourt-sur-Somme,424,7,431
L' Échelle-Saint-Aurin,53,0,53
Éclusier-Vaux,81,39,120
Embreville,557,7,564
Englebelmer,299,0,299
Ennemain,262,2,264
Épagne-Épagnette,544,15,559
Épaumesnil,133,0,133
Épécamps,5,0,5
Épehy,1145,14,1159
Épénancourt,123,1,124
Éplessier,361,9,370
Eppeville,1816,18,1834
Équancourt,298,3,301
Équennes-Éramecourt,296,7,303
Erches,187,3,190
Ercheu,785,12,797
Ercourt,122,2,124
Ergnies,180,1,181
Érondelle,511,5,516
Esclainvillers,167,0,167
Esmery-Hallon,767,37,804
Essertaux,262,3,265
Estrébœuf,243,4,247
Estrées-Deniécourt,330,10,340
Estrées-lès-Crécy,391,7,398
Estrées-Mons,606,5,611
Estrées-sur-Noye,270,3,273
Étalon,136,1,137
Ételfay,378,6,384
Éterpigny,168,3,171
Étinehem-Méricourt,592,7,599
L' Étoile,1194,8,1202
Étréjust,44,1,45
Étricourt-Manancourt,531,4,535
La Faloise,231,1,232
Falvy,150,3,153
Famechon,266,3,269
Faverolles,161,3,164
Favières,462,8,470
Fay,103,2,105
Ferrières,477,4,481
Fescamps,138,5,143
Feuillères,147,1,148
Feuquières-en-Vimeu,2570,43,2613
Fieffes-Montrelet,327,8,335
Fienvillers,686,12,698
Fignières,154,2,156
Fins,277,2,279
Flaucourt,291,5,296
Flers,195,3,198
Flers-sur-Noye,506,10,516
Flesselles,2063,24,2087
Fleury,223,3,226
Flixecourt,3173,76,3249
Fluy,332,0,332
Folies,146,1,147
Folleville,146,2,148
Fonches-Fonchette,164,0,164
Fontaine-le-Sec,154,4,158
Fontaine-lès-Cappy,51,1,52
Fontaine-sous-Montdidier,108,2,110
Fontaine-sur-Maye,161,5,166
Fontaine-sur-Somme,518,5,523
Forceville,175,0,175
Forceville-en-Vimeu,238,6,244
Forest-l'Abbaye,301,12,313
Forest-Montiers,399,9,408
Fort-Mahon-Plage,1259,13,1272
Fossemanant,93,5,98
Foucaucourt-en-Santerre,268,3,271
Foucaucourt-Hors-Nesle,80,1,81
Fouencamps,208,3,211
Fouilloy,1837,18,1855
Fouquescourt,158,4,162
Fourcigny,193,2,195
Fourdrinoy,417,9,426
Framerville-Rainecourt,461,3,464
Framicourt,176,2,178
Francières,194,8,202
Franleu,552,7,559
Franqueville,177,1,178
Fransart,151,5,156
Fransu,176,0,176
Fransures,133,1,134
Franvillers,513,7,520
Fréchencourt,263,2,265
Frémontiers,154,1,155
Fresnes-Mazancourt,139,0,139
Fresnes-Tilloloy,203,4,207
Fresneville,105,2,107
Fresnoy-Andainville,86,6,92
Fresnoy-au-Val,243,3,246
Fresnoy-en-Chaussée,148,1,149
Fresnoy-lès-Roye,293,9,302
Fressenneville,2207,43,2250
Frettecuisse,74,0,74
Frettemeule,324,5,329
Friaucourt,742,11,753
Fricamps,176,0,176
Fricourt,490,4,494
Frise,183,6,189
Friville-Escarbotin,4569,103,4672
Frohen-sur-Authie,233,5,238
Froyelles,105,4,109
Frucourt,132,6,138
Gamaches,2548,86,2634
Gapennes,281,3,284
Gauville,346,7,353
Gentelles,640,4,644
Gézaincourt,428,6,434
Ginchy,61,0,61
Glisy,771,1,772
Gorenflos,254,6,260
Gorges,40,1,41
Goyencourt,94,0,94
Grand-Laviers,433,27,460
Grandcourt,176,3,179
Gratibus,182,3,185
Grattepanche,318,1,319
Grébault-Mesnil,220,2,222
Grivesnes,407,6,413
Grivillers,86,0,86
Grouches-Luchuel,586,13,599
Gruny,324,1,325
Guerbigny,293,5,298
Gueschart,335,4,339
Gueudecourt,94,4,98
Guignemicourt,360,4,364
Guillaucourt,440,8,448
Guillemont,137,2,139
Guizancourt,127,1,128
Guyencourt-Saulcourt,140,3,143
Guyencourt-sur-Noye,177,3,180
Hailles,422,2,424
Hallencourt,1325,21,1346
Hallivillers,149,6,155
Halloy-lès-Pernois,343,3,346
Hallu,177,5,182
Ham,4611,97,4708
Le Hamel,501,6,507
Hamelet,630,6,636
Hancourt,92,1,93
Hangard,124,2,126
Hangest-en-Santerre,1016,8,1024
Hangest-sur-Somme,775,3,778
Harbonnières,1641,12,1653
Hardecourt-aux-Bois,84,0,84
Harponville,180,1,181
Hattencourt,291,4,295
Hautvillers-Ouville,580,10,590
Havernas,394,5,399
Hébécourt,538,18,556
Hédauville,126,1,127
Heilly,424,8,432
Hem-Hardinval,363,4,367
Hem-Monacu,128,2,130
Hénencourt,195,1,196
Herbécourt,224,4,228
Hérissart,614,9,623
Herleville,183,1,184
Herly,45,0,45
Hervilly,189,4,193
Hesbécourt,57,0,57
Hescamps,516,5,521
Heucourt-Croquoison,117,4,121
Heudicourt,507,6,513
Heuzecourt,169,1,170
Hiermont,150,3,153
Hombleux,1180,10,1190
Hornoy-le-Bourg,1679,25,1704
Huchenneville,665,13,678
Humbercourt,268,2,270
Huppy,785,20,805
Hypercourt,731,17,748
Ignaucourt,76,1,77
Inval-Boiron,113,1,114
Irles,113,0,113
Jumel,518,4,522
Laboissière-en-Santerre,150,0,150
Lachapelle,85,2,87
Lafresguimont-Saint-Martin,550,6,556
Lahoussoye,471,10,481
Laleu,117,6,123
Lamaronde,65,0,65
Lamotte-Brebière,222,4,226
Lamotte-Buleux,352,11,363
Lamotte-Warfusée,703,10,713
Lanchères,915,13,928
Lanches-Saint-Hilaire,131,1,132
Languevoisin-Quiquery,195,5,200
Laucourt,203,1,204
Laviéville,171,3,174
Lawarde-Mauger-l'Hortoy,173,1,174
Léalvillers,167,2,169
Lesbœufs,182,5,187
Liancourt-Fosse,301,4,305
Licourt,400,3,403
Liéramont,227,7,234
Liercourt,359,5,364
Ligescourt,219,5,224
Lignières,137,2,139
Lignières-Châtelain,385,2,387
Lignières-en-Vimeu,111,2,113
Lihons,442,5,447
Limeux,141,2,143
Liomer,397,6,403
Long,621,8,629
Longavesnes,86,2,88
Longpré-les-Corps-Saints,1660,25,1685
Longueau,5621,44,5665
Longueval,271,9,280
Longuevillette,77,1,78
Louvencourt,281,4,285
Louvrechy,200,3,203
Lucheux,534,8,542
Machiel,156,1,157
Machy,127,5,132
Mailly-Maillet,624,5,629
Mailly-Raineval,299,6,305
Maisnières,516,6,522
Maison-Ponthieu,274,3,277
Maison-Roland,106,3,109
Maizicourt,192,2,194
Malpart,78,0,78
Marcelcave,1239,17,1256
Marché-Allouarde,53,0,53
Marchélepot-Misery,599,6,605
Marestmontiers,113,1,114
Mareuil-Caubert,825,12,837
Maricourt,178,3,181
Marieux,122,1,123
Marlers,141,0,141
Marquaix,200,1,201
Marquivillers,188,3,191
Martainneville,422,3,425
Matigny,503,6,509
Maucourt,180,3,183
Maurepas,197,0,197
Le Mazis,106,1,107
Méaulte,1254,16,1270
Méharicourt,589,6,595
Meigneux,175,4,179
Le Meillard,154,3,157
Méneslies,310,7,317
Méréaucourt,6,1,7
Mérélessart,197,5,202
Méricourt-en-Vimeu,103,0,103
Méricourt-l'Abbé,604,4,608
Mers-les-Bains,2825,33,2858
Le Mesge,176,3,179
Mesnil-Bruntel,288,6,294
Mesnil-Domqueur,88,0,88
Mesnil-en-Arrouaise,126,0,126
Mesnil-Martinsart,238,4,242
Mesnil-Saint-Georges,188,3,191
Mesnil-Saint-Nicaise,561,7,568
Métigny,118,3,121
Mézerolles,188,3,191
Mézières-en-Santerre,589,0,589
Miannay,564,7,571
Millencourt,211,4,215
Millencourt-en-Ponthieu,359,2,361
Miraumont,664,12,676
Mirvaux,144,4,148
Moislains,1201,14,1215
Molliens-au-Bois,322,10,332
Molliens-Dreuil,958,11,969
Monchy-Lagache,643,20,663
Mons-Boubert,558,6,564
Monsures,227,2,229
Montagne-Fayel,145,3,148
Montauban-de-Picardie,214,1,215
Montdidier,6255,104,6359
Montigny-les-Jongleurs,95,1,96
Montigny-sur-l'Hallue,205,2,207
Montonvillers,82,2,84
Morchain,352,4,356
Morcourt,312,3,315
Moreuil,3980,28,4008
Morisel,518,2,520
Morlancourt,371,2,373
Morvillers-Saint-Saturnin,406,5,411
Mouflers,93,1,94
Mouflières,86,9,95
Moyencourt,317,0,317
Moyencourt-lès-Poix,181,1,182
Moyenneville,716,11,727
Muille-Villette,831,12,843
Nampont,248,3,251
Namps-Maisnil,987,13,1000
Nampty,289,8,297
Naours,1080,10,1090
Nesle,2339,30,2369
Nesle-l'Hôpital,156,1,157
Neslette,81,0,81
Neufmoulin,361,7,368
Neuilly-l'Hôpital,323,12,335
Neuilly-le-Dien,96,0,96
Neuville-au-Bois,153,1,154
Neuville-Coppegueule,521,6,527
La Neuville-lès-Bray,266,2,268
La Neuville-Sire-Bernard,285,1,286
Neuvillette,222,6,228
Nibas,853,15,868
Nouvion,1316,26,1342
Noyelles-en-Chaussée,243,3,246
Noyelles-sur-Mer,730,11,741
Nurlu,387,4,391
Ô-de-Selle,1205,9,1214
Occoches,127,3,130
Ochancourt,317,1,318
Offignies,74,3,77
Offoy,217,2,219
Oisemont,1171,49,1220
Oissy,221,3,224
Oneux,389,6,395
Oresmaux,930,13,943
Oust-Marest,630,11,641
Outrebois,312,6,318
Ovillers-la-Boisselle,446,6,452
Pargny,205,1,206
Parvillers-le-Quesnoy,233,3,236
Pendé,1069,14,1083
Pernois,735,8,743
Péronne,7579,206,7785
Picquigny,1337,16,1353
Piennes-Onvillers,363,4,367
Pierregot,280,5,285
Pissy,281,2,283
Plachy-Buyon,878,21,899
Le Plessier-Rozainvillers,755,4,759
Poix-de-Picardie,2408,32,2440
Ponches-Estruval,101,3,104
Pont-de-Metz,2467,38,2505
Pont-Noyelles,840,17,857
Pont-Remy,1469,22,1491
Ponthoile,615,10,625
Port-le-Grand,283,1,284
Potte,103,2,105
Poulainville,1211,23,1234
Pozières,266,3,269
Prouville,314,2,316
Prouzel,552,7,559
Proyart,695,10,705
Puchevillers,555,3,558
Punchy,87,4,91
Puzeaux,298,3,301
Pys,120,1,121
Pœuilly,121,2,123
Quend,1396,18,1414
Querrieu,648,18,666
Le Quesne,267,2,269
Le Quesnel,792,9,801
Quesnoy-le-Montant,564,19,583
Quesnoy-sur-Airaines,441,6,447
Quevauvillers,1102,9,1111
Quiry-le-Sec,325,2,327
Quivières,142,3,145
Raincheval,282,6,288
Rainneville,997,7,1004
Ramburelles,280,2,282
Rambures,343,7,350
Rancourt,198,3,201
Regnière-Écluse,126,3,129
Remaisnil,29,0,29
Remaugies,132,0,132
Remiencourt,175,3,178
Rethonvillers,366,4,370
Revelles,515,6,521
Ribeaucourt,250,7,257
Ribemont-sur-Ancre,679,2,681
Riencourt,178,7,185
Rivery,3552,40,3592
Rogy,126,2,128
Roiglise,155,7,162
Roisel,1613,21,1634
Rollot,751,19,770
Ronssoy,587,6,593
Rosières-en-Santerre,3008,26,3034
Rouvrel,306,5,311
Rouvroy-en-Santerre,212,3,215
Rouy-le-Grand,107,3,110
Rouy-le-Petit,112,4,116
Roye,5786,62,5848
Rubempré,726,10,736
Rubescourt,134,2,136
Rue,3101,103,3204
Rumigny,611,9,620
Saigneville,393,14,407
Sailly-Flibeaucourt,1037,18,1055
Sailly-Laurette,314,1,315
Sailly-le-Sec,352,6,358
Sailly-Saillisel,477,8,485
Sains-en-Amiénois,1205,32,1237
Saint-Acheul,27,0,27
Saint-Aubin-Montenoy,225,4,229
Saint-Aubin-Rivière,111,0,111
Saint-Blimont,878,10,888
Saint-Christ-Briost,437,10,447
Saint-Fuscien,1170,24,1194
Saint-Germain-sur-Bresle,206,3,209
Saint-Gratien,377,6,383
Saint-Léger-lès-Authie,89,1,90
Saint-Léger-lès-Domart,1855,17,1872
Saint-Léger-sur-Bresle,81,4,85
Saint-Mard,165,3,168
Saint-Maulvis,267,7,274
Saint-Maxent,392,4,396
Saint-Ouen,1907,11,1918
Saint-Quentin-en-Tourmont,282,4,286
Saint-Quentin-la-Motte-Croix-au-Bailly,1291,21,1312
Saint-Riquier,1258,30,1288
Saint-Sauflieu,995,10,1005
Saint-Sauveur,1376,16,1392
Saint-Vaast-en-Chaussée,495,7,502
Saint-Valery-sur-Somme,2510,40,2550
Sainte-Segrée,57,5,62
Saisseval,239,1,240
Saleux,2846,33,2879
Salouël,3979,53,4032
Sancourt,267,6,273
Saulchoy-sous-Poix,71,0,71
Sauvillers-Mongival,175,0,175
Saveuse,932,8,940
Senarpont,647,15,662
Senlis-le-Sec,294,8,302
Sentelie,208,3,211
Seux,168,2,170
Sorel,162,0,162
Sorel-en-Vimeu,213,4,217
Soues,125,4,129
Sourdon,325,2,327
Soyécourt,182,4,186
Surcamps,64,2,66
Suzanne,186,4,190
Tailly,59,2,61
Talmas,1067,12,1079
Templeux-la-Fosse,140,3,143
Templeux-le-Guérard,172,1,173
Terramesnil,310,3,313
Tertry,156,1,157
Thennes,563,6,569
Thézy-Glimont,662,8,670
Thiepval,129,1,130
Thieulloy-l'Abbaye,372,3,375
Thieulloy-la-Ville,144,4,148
Thièvres,62,0,62
Thoix,144,2,146
Thory,195,0,195
Tilloloy,353,9,362
Tilloy-Floriville,393,4,397
Tincourt-Boucly,356,10,366
Le Titre,358,8,366
Tours-en-Vimeu,818,10,828
Toutencourt,461,6,467
Le Translay,248,5,253
Treux,249,4,253
Trois-Rivières,1504,10,1514
Tully,548,9,557
Tœufles,299,7,306
Ugny-l'Équipée,40,1,41
Vadencourt,100,0,100
Vaire-sous-Corbie,288,3,291
Valines,636,6,642
Varennes,220,1,221
Vauchelles-lès-Authie,151,1,152
Vauchelles-lès-Domart,125,0,125
Vauchelles-les-Quesnoy,851,19,870
Vaudricourt,395,5,400
Vauvillers,246,5,251
Vaux-en-Amiénois,406,12,418
Vaux-Marquenneville,87,3,90
Vaux-sur-Somme,308,6,314
Vecquemont,540,9,549
Velennes,149,0,149
Vercourt,93,1,94
Vergies,163,3,166
Vermandovillers,150,0,150
Verpillières,165,3,168
Vers-sur-Selle,735,7,742
La Vicogne,252,1,253
Vignacourt,2368,30,2398
Ville-le-Marclet,473,33,506
Ville-sur-Ancre,271,3,274
Villecourt,58,1,59
Villeroy,190,5,195
Villers-aux-Érables,127,3,130
Villers-Bocage,1422,54,1476
Villers-Bretonneux,4464,54,4518
Villers-Campsart,152,1,153
Villers-Carbonnel,366,3,369
Villers-Faucon,588,9,597
Villers-lès-Roye,274,0,274
Villers-sous-Ailly,181,5,186
Villers-sur-Authie,474,7,481
Villers-Tournelle,155,6,161
Vironchaux,491,9,500
Vismes,483,12,495
Vitz-sur-Authie,127,1,128
Voyennes,603,7,610
Vraignes-en-Vermandois,142,3,145
Vraignes-lès-Hornoy,96,3,99
Vrély,437,9,446
Vron,837,26,863
Wargnies,89,3,92
Warloy-Baillon,758,6,764
Warlus,222,6,228
Warsy,143,2,145
Warvillers,150,5,155
Wiencourt-l'Équipée,263,2,265
Wiry-au-Mont,121,0,121
Woignarue,816,16,832
Woincourt,1268,15,1283
Woirel,60,0,60
Y,92,2,94
Yaucourt-Bussus,244,8,252
Yonval,227,7,234
Yvrench,304,4,308
Yvrencheux,127,2,129
Yzengremer,514,53,567
Yzeux,267,3,270
Aguts,223,10,233
Aiguefonde,2517,56,2573
Alban,938,42,980
Albi,48970,1789,50759
Albine,509,4,513
Algans,203,3,206
Almayrac,293,4,297
Alos,93,2,95
Amarens,68,0,68
Ambialet,459,6,465
Ambres,980,25,1005
Andillac,123,1,124
Andouque,406,8,414
Anglès,508,7,515
Appelle,72,1,73
Arfons,168,7,175
Arifat,164,1,165
Arthès,2498,53,2551
Assac,144,1,145
Aussac,263,12,275
Aussillon,5892,134,6026
Bannières,206,7,213
Barre,207,2,209
Beauvais-sur-Tescou,362,9,371
Belcastel,237,9,246
Bellegarde-Marsal,712,7,719
Belleserre,162,2,164
Berlats,105,1,106
Bernac,186,5,191
Bertre,118,1,119
Le Bez,831,18,849
Blan,1125,19,1144
Blaye-les-Mines,2987,204,3191
Boissezon,397,7,404
Bournazel,192,6,198
Bout-du-Pont-de-Larn,1261,22,1283
Brassac,1290,33,1323
Brens,2305,63,2368
Briatexte,2016,30,2046
Brousse,419,11,430
Broze,119,1,120
Burlats,2131,51,2182
Busque,745,13,758
Cabanès,289,4,293
Les Cabannes,369,9,378
Cadalen,1530,31,1561
Cadix,228,9,237
Cagnac-les-Mines,2601,32,2633
Cahuzac,375,3,378
Cahuzac-sur-Vère,1157,20,1177
Cambon,2121,55,2176
Cambon-lès-Lavaur,333,8,341
Cambounès,331,11,342
Cambounet-sur-le-Sor,932,19,951
Les Cammazes,340,1,341
Campagnac,152,2,154
Carbes,225,8,233
Carlus,678,16,694
Carmaux,9500,159,9659
Castanet,199,2,201
Castelnau-de-Lévis,1594,38,1632
Castelnau-de-Montmiral,1033,24,1057
Castres,41636,1446,43082
Caucalières,286,6,292
Cestayrols,466,9,475
Combefa,155,6,161
Cordes-sur-Ciel,869,41,910
Coufouleux,2874,51,2925
Courris,80,4,84
Crespin,131,3,134
Crespinet,174,1,175
Cunac,1558,60,1618
Cuq,495,10,505
Cuq-Toulza,699,20,719
Curvalle,398,10,408
Damiatte,1025,17,1042
Dénat,792,16,808
Donnazac,80,1,81
Dourgne,1315,44,1359
Le Dourn,114,1,115
Durfort,249,1,250
Escoussens,601,24,625
Escroux,49,1,50
Espérausses,172,3,175
Fauch,536,13,549
Faussergues,141,6,147
Fayssac,347,10,357
Fénols,245,6,251
Fiac,925,15,940
Florentin,680,46,726
Fontrieu,947,18,965
Fraissines,93,3,96
Frausseilles,85,1,86
Le Fraysse,392,3,395
Fréjairolles,1323,36,1359
Fréjeville,667,20,687
Gaillac,15294,327,15621
Garrevaques,398,10,408
Le Garric,1252,18,1270
Garrigues,252,13,265
Gijounet,129,7,136
Giroussens,1484,35,1519
Graulhet,12618,238,12856
Grazac,604,17,621
Guitalens-L'Albarède,866,13,879
Itzac,152,6,158
Jonquières,447,6,453
Jouqueviel,96,3,99
Labarthe-Bleys,75,0,75
Labastide-de-Lévis,909,20,929
Labastide-Gabausse,512,12,524
Labastide-Rouairoux,1410,25,1435
Labastide-Saint-Georges,1929,45,1974
Labessière-Candeil,749,21,770
Laboulbène,144,4,148
Laboutarie,489,6,495
Labruguière,6535,123,6658
Lacabarède,310,6,316
Lacapelle-Pinet,77,2,79
Lacapelle-Ségalar,99,2,101
Lacaune,2492,88,2580
Lacaze,298,8,306
Lacougotte-Cadoul,171,5,176
Lacroisille,114,6,120
Lacrouzette,1689,45,1734
Lagardiolle,238,5,243
Lagarrigue,1823,37,1860
Lagrave,2140,39,2179
Lamillarié,513,5,518
Lamontélarié,68,0,68
Laparrouquial,101,0,101
Larroque,158,3,161
Lasfaillades,81,1,82
Lasgraisses,519,9,528
Lautrec,1783,27,1810
Lavaur,10811,418,11229
Lédas-et-Penthiès,140,4,144
Lempaut,868,15,883
Lescout,711,13,724
Lescure-d'Albigeois,4577,93,4670
Lisle-sur-Tarn,4694,84,4778
Livers-Cazelles,216,10,226
Lombers,1141,14,1155
Loubers,78,6,84
Loupiac,408,20,428
Lugan,421,13,434
Magrin,130,5,135
Mailhoc,300,3,303
Marnaves,77,1,78
Marssac-sur-Tarn,3200,74,3274
Marzens,298,11,309
Le Masnau-Massuguiès,270,6,276
Massac-Séran,386,17,403
Massaguel,405,8,413
Massals,100,3,103
Maurens-Scopont,187,2,189
Mazamet,10013,450,10463
Mézens,490,11,501
Milhars,239,3,242
Milhavet,86,3,89
Miolles,106,1,107
Mirandol-Bourgnounac,1042,22,1064
Missècle,97,1,98
Monestiés,1367,13,1380
Mont-Roc,190,6,196
Montans,1431,31,1462
Montauriol,52,0,52
Montcabrier,304,7,311
Montdragon,622,5,627
Montdurausse,425,6,431
Montels,103,2,105
Montfa,488,6,494
Montgaillard,375,13,388
Montgey,290,7,297
Montirat,249,9,258
Montpinier,190,4,194
Montredon-Labessonnié,2004,42,2046
Montrosier,33,0,33
Montvalen,237,3,240
Moularès,273,5,278
Moulayrès,208,3,211
Moulin-Mage,313,3,316
Mouzens,125,2,127
Mouzieys-Panens,236,1,237
Mouzieys-Teulet,514,9,523
Murat-sur-Vèbre,846,15,861
Nages,333,4,337
Navès,687,22,709
Noailhac,853,20,873
Noailles,215,6,221
Orban,333,4,337
Padiès,191,3,194
Palleville,435,52,487
Pampelonne,851,19,870
Parisot,959,18,977
Paulinet,547,10,557
Payrin-Augmontel,2168,37,2205
Péchaudier,188,9,197
Penne,579,19,598
Peyregoux,80,35,115
Peyrole,580,11,591
Pont-de-Larn,2832,83,2915
Poudis,259,7,266
Poulan-Pouzols,498,7,505
Prades,130,4,134
Pratviel,87,2,89
Puéchoursi,99,1,100
Puybegon,645,9,654
Puycalvel,221,2,223
Puycelsi,449,11,460
Puygouzon,3461,83,3544
Puylaurens,3236,74,3310
Rabastens,5620,144,5764
Rayssac,242,1,243
Réalmont,3418,58,3476
Le Rialet,55,0,55
Le Riols,103,2,105
Rivières,1048,20,1068
Roquecourbe,2206,47,2253
Roquemaure,450,10,460
Roquevidal,135,4,139
Rosières,744,18,762
Rouairoux,367,12,379
Rouffiac,622,12,634
Roussayrolles,80,3,83
Saint-Affrique-les-Montagnes,729,28,757
Saint-Agnan,229,7,236
Saint-Amancet,189,3,192
Saint-Amans-Soult,1577,118,1695
Saint-Amans-Valtoret,902,12,914
Saint-André,100,4,104
Saint-Avit,265,3,268
Saint-Beauzile,129,2,131
Saint-Benoît-de-Carmaux,2165,37,2202
Saint-Christophe,125,6,131
Saint-Cirgue,210,4,214
Saint-Gauzens,855,19,874
Saint-Genest-de-Contest,289,9,298
Saint-Germain-des-Prés,915,18,933
Saint-Germier,160,1,161
Saint-Grégoire,462,7,469
Saint-Jean-de-Marcel,368,7,375
Saint-Jean-de-Rives,497,12,509
Saint-Jean-de-Vals,75,1,76
Saint-Juéry,6818,114,6932
Saint-Julien-du-Puy,431,17,448
Saint-Julien-Gaulène,215,1,216
Saint-Lieux-lès-Lavaur,1046,18,1064
Saint-Marcel-Campes,210,2,212
Saint-Martin-Laguépie,395,11,406
Saint-Michel-de-Vax,71,1,72
Saint-Michel-Labadié,94,2,96
Saint-Paul-Cap-de-Joux,1117,19,1136
Saint-Pierre-de-Trivisy,621,12,633
Saint-Salvi-de-Carcavès,72,4,76
Saint-Salvy-de-la-Balme,522,8,530
Saint-Sernin-lès-Lavaur,166,3,169
Saint-Sulpice-la-Pointe,9117,272,9389
Saint-Urcisse,212,1,213
Sainte-Cécile-du-Cayrou,113,2,115
Sainte-Croix,378,12,390
Sainte-Gemme,902,13,915
Saïx,3548,74,3622
Saliès,824,18,842
Salles,186,2,188
Salvagnac,1184,8,1192
Saussenac,587,9,596
Sauveterre,167,2,169
La Sauzière-Saint-Jean,267,7,274
Le Ségur,258,7,265
Sémalens,2013,53,2066
Senaux,33,0,33
Senouillac,1109,33,1142
Le Sequestre,1809,28,1837
Sérénac,487,2,489
Serviès,637,9,646
Sieurac,266,2,268
Sorèze,2836,63,2899
Soual,2549,40,2589
Souel,165,2,167
Taïx,468,6,474
Tanus,533,17,550
Tauriac,339,3,342
Técou,976,17,993
Teillet,443,5,448
Terre-de-Bancalié,1710,27,1737
Terssac,1193,28,1221
Teulat,496,12,508
Teyssode,372,15,387
Tonnac,108,2,110
Tréban,45,0,45
Trébas,409,7,416
Trévien,184,4,188
Vabre,774,20,794
Valderiès,852,12,864
Valdurenque,835,18,853
Valence-d'Albigeois,1316,28,1344
Vaour,317,15,332
Veilhes,144,3,147
Vénès,813,22,835
Verdalle,992,175,1167
Le Verdier,224,6,230
Viane,534,40,574
Vielmur-sur-Agout,1464,51,1515
Vieux,224,5,229
Villefranche-d'Albigeois,1256,29,1285
Villeneuve-lès-Lavaur,148,2,150
Villeneuve-sur-Vère,494,14,508
Vindrac-Alayrac,150,4,154
Le Vintrou,85,1,86
Virac,234,6,240
Viterbe,361,6,367
Viviers-lès-Lavaur,221,4,225
Viviers-lès-Montagnes,1930,36,1966
Albefeuille-Lagarde,633,18,651
Albias,3246,55,3301
Angeville,242,5,247
Asques,132,2,134
Aucamville,1446,19,1465
Auterive,79,3,82
Auty,145,1,146
Auvillar,918,42,960
Balignac,41,2,43
Bardigues,296,1,297
Barry-d'Islemade,935,14,949
Les Barthes,567,8,575
Beaumont-de-Lomagne,3758,175,3933
Beaupuy,265,6,271
Belbèze-en-Lomagne,128,0,128
Belvèze,209,2,211
Bessens,1506,7,1513
Bioule,1113,31,1144
Boudou,731,16,747
Bouillac,629,15,644
Bouloc-en-Quercy,189,3,192
Bourg-de-Visa,382,10,392
Bourret,924,11,935
Brassac,248,3,251
Bressols,3697,104,3801
Bruniquel,608,9,617
Campsas,1368,22,1390
Canals,764,10,774
Castanet,289,1,290
Castelferrus,473,3,476
Castelmayran,1210,16,1226
Castelsagrat,569,14,583
Castelsarrasin,13944,323,14267
Castéra-Bouzet,109,3,112
Caumont,318,5,323
Le Causé,137,2,139
Caussade,6863,241,7104
Caylus,1446,12,1458
Cayrac,549,22,571
Cayriech,277,9,286
Cazals,225,3,228
Cazes-Mondenard,1185,21,1206
Comberouger,280,10,290
Corbarieu,1654,52,1706
Cordes-Tolosannes,353,6,359
Coutures,107,0,107
Cumont,52,0,52
Dieupentale,1700,18,1718
Donzac,1045,13,1058
Dunes,1200,24,1224
Durfort-Lacapelette,847,91,938
Escatalens,1097,91,1188
Escazeaux,289,3,292
Espalais,388,7,395
Esparsac,250,8,258
Espinas,174,4,178
Fabas,621,14,635
Fajolles,98,2,100
Faudoas,289,10,299
Fauroux,225,5,230
Féneyrols,147,2,149
Finhan,1525,19,1544
Garganvillar,677,13,690
Gariès,114,1,115
Gasques,412,9,421
Génébrières,633,13,646
Gensac,114,1,115
Gimat,230,8,238
Ginals,207,6,213
Glatens,74,2,76
Goas,37,2,39
Golfech,985,25,1010
Goudourville,955,32,987
Gramont,141,5,146
Grisolles,4115,54,4169
L' Honor-de-Cos,1577,35,1612
Labarthe,394,5,399
Labastide-de-Penne,129,0,129
Labastide-du-Temple,1125,27,1152
Labastide-Saint-Pierre,3742,96,3838
Labourgade,183,3,186
Lacapelle-Livron,200,6,206
Lachapelle,118,1,119
Lacour,171,5,176
Lacourt-Saint-Pierre,1201,11,1212
Lafitte,228,3,231
Lafrançaise,2850,66,2916
Laguépie,608,13,621
Lamagistère,1154,18,1172
Lamothe-Capdeville,1073,30,1103
Lamothe-Cumont,123,3,126
Lapenche,276,3,279
Larrazet,687,8,695
Lauzerte,1454,17,1471
Lavaurette,218,7,225
Lavit,1589,18,1607
Léojac,1284,40,1324
Lizac,510,11,521
Loze,144,3,147
Malause,1158,26,1184
Mansonville,288,4,292
Marignac,111,6,117
Marsac,176,5,181
Mas-Grenier,1322,18,1340
Maubec,135,1,136
Maumusson,48,1,49
Meauzac,1338,27,1365
Merles,202,13,215
Mirabel,1036,18,1054
Miramont-de-Quercy,323,9,332
Moissac,13039,339,13378
Molières,1174,24,1198
Monbéqui,634,7,641
Monclar-de-Quercy,1993,18,2011
Montagudet,197,1,198
Montaigu-de-Quercy,1323,25,1348
Montaïn,105,1,106
Montalzat,658,19,677
Montastruc,311,5,316
Montauban,60810,1480,62290
Montbarla,179,3,182
Montbartier,1331,21,1352
Montbeton,4279,80,4359
Montech,6349,120,6469
Monteils,1361,68,1429
Montesquieu,759,18,777
Montfermier,105,3,108
Montgaillard,144,4,148
Montjoi,165,1,166
Montpezat-de-Quercy,1567,35,1602
Montricoux,1207,11,1218
Mouillac,98,1,99
Nègrepelisse,5628,79,5707
Nohic,1369,28,1397
Orgueil,1658,32,1690
Parisot,600,7,607
Perville,143,1,144
Le Pin,123,3,126
Piquecos,434,3,437
Pommevic,547,4,551
Pompignan,1465,19,1484
Poupas,82,0,82
Puycornet,731,11,742
Puygaillard-de-Lomagne,69,2,71
Puygaillard-de-Quercy,391,4,395
Puylagarde,334,8,342
Puylaroque,698,25,723
Réalville,1910,42,1952
Reyniès,860,28,888
Roquecor,408,10,418
Saint-Aignan,405,11,416
Saint-Amans-de-Pellagal,215,5,220
Saint-Amans-du-Pech,216,1,217
Saint-Antonin-Noble-Val,1852,45,1897
Saint-Arroumex,152,3,155
Saint-Beauzeil,98,2,100
Saint-Cirice,155,5,160
Saint-Cirq,548,17,565
Saint-Clair,273,8,281
Saint-Étienne-de-Tulmont,3788,74,3862
Saint-Georges,261,7,268
Saint-Jean-du-Bouzet,52,0,52
Saint-Loup,520,4,524
Saint-Michel,255,3,258
Saint-Nauphary,1843,40,1883
Saint-Nazaire-de-Valentane,351,3,354
Saint-Nicolas-de-la-Grave,2260,29,2289
Saint-Paul-d'Espis,578,16,594
Saint-Porquier,1404,23,1427
Saint-Projet,283,9,292
Saint-Sardos,1143,14,1157
Saint-Vincent-d'Autéjac,285,2,287
Saint-Vincent-Lespinasse,258,3,261
Sainte-Juliette,132,3,135
La Salvetat-Belmontet,818,12,830
Sauveterre,170,3,173
Savenès,803,17,820
Septfonds,2212,49,2261
Sérignac,539,4,543
Sistels,211,3,214
Touffailles,346,3,349
Tréjouls,242,10,252
Vaïssac,870,10,880
Valeilles,248,6,254
Valence,5221,156,5377
Varen,654,15,669
Varennes,591,15,606
Vazerac,722,13,735
Verdun-sur-Garonne,4764,65,4829
Verfeil,395,3,398
Verlhac-Tescou,519,14,533
Vigueron,134,3,137
La Ville-Dieu-du-Temple,3191,43,3234
Villebrumier,1387,19,1406
Villemade,744,25,769
Les Adrets-de-l'Estérel,2750,65,2815
Aiguines,276,2,278
Ampus,934,24,958
Les Arcs,7064,173,7237
Artignosc-sur-Verdon,314,8,322
Artigues,260,7,267
Aups,2228,35,2263
Bagnols-en-Forêt,2788,56,2844
Bandol,8409,145,8554
Bargème,217,1,218
Bargemon,1365,22,1387
Barjols,2979,41,3020
La Bastide,205,1,206
Baudinard-sur-Verdon,224,4,228
Bauduen,318,4,322
Le Beausset,9736,171,9907
Belgentier,2429,32,2461
Besse-sur-Issole,3039,46,3085
Bormes-les-Mimosas,8102,116,8218
Le Bourguet,35,1,36
Bras,2698,53,2751
Brenon,29,0,29
Brignoles,17179,353,17532
Brue-Auriac,1376,25,1401
Cabasse,1947,37,1984
La Cadière-d'Azur,5550,98,5648
Callas,1909,36,1945
Callian,3206,60,3266
Camps-la-Source,1906,38,1944
Le Cannet-des-Maures,4300,59,4359
Carcès,3447,82,3529
Carnoules,3448,34,3482
Carqueiranne,9700,168,9868
Le Castellet,3886,41,3927
Cavalaire-sur-Mer,7385,84,7469
La Celle,1477,56,1533
Châteaudouble,473,12,485
Châteauvert,145,37,182
Châteauvieux,83,1,84
Claviers,692,13,705
Cogolin,11736,256,11992
Collobrières,1908,89,1997
Comps-sur-Artuby,364,5,369
Correns,903,8,911
Cotignac,2163,40,2203
La Crau,18288,418,18706
La Croix-Valmer,3780,121,3901
Cuers,11425,132,11557
Draguignan,39340,894,40234
Entrecasteaux,1123,25,1148
Esparron,356,5,361
Évenos,2405,51,2456
La Farlède,9083,112,9195
Fayence,5792,89,5881
Figanières,2605,54,2659
Flassans-sur-Issole,3533,66,3599
Flayosc,4294,102,4396
Forcalqueiret,2990,47,3037
Fox-Amphoux,459,4,463
Fréjus,52672,840,53512
La Garde,25126,354,25480
La Garde-Freinet,1887,33,1920
Garéoult,5330,99,5429
Gassin,2560,63,2623
Ginasservis,1799,35,1834
Gonfaron,4318,62,4380
Grimaud,4541,60,4601
Hyères,55588,983,56571
Le Lavandou,5985,62,6047
La Londe-les-Maures,10297,132,10429
Lorgues,8990,288,9278
Le Luc,11067,109,11176
La Martre,211,5,216
Les Mayons,644,12,656
Mazaugues,889,13,902
Méounes-lès-Montrieux,2184,20,2204
Moissac-Bellevue,291,7,298
La Môle,1432,25,1457
Mons,817,17,834
Montauroux,6411,128,6539
Montferrat,1536,23,1559
Montfort-sur-Argens,1349,17,1366
Montmeyan,551,3,554
La Motte,2845,51,2896
Le Muy,9134,246,9380
Nans-les-Pins,4627,82,4709
Néoules,2712,54,2766
Ollières,646,22,668
Ollioules,13702,270,13972
Pierrefeu-du-Var,6045,104,6149
Pignans,4201,45,4246
Plan-d'Aups-Sainte-Baume,2158,26,2184
Le Plan-de-la-Tour,2827,48,2875
Pontevès,748,18,766
Pourcieux,1564,22,1586
Pourrières,5155,89,5244
Le Pradet,10249,166,10415
Puget-sur-Argens,8097,121,8218
Puget-Ville,4280,50,4330
Ramatuelle,2070,46,2116
Rayol-Canadel-sur-Mer,711,12,723
Régusse,2613,14,2627
Le Revest-les-Eaux,3865,88,3953
Rians,4232,62,4294
Riboux,46,0,46
Rocbaron,5033,63,5096
La Roque-Esclapon,267,0,267
Roquebrune-sur-Argens,14251,208,14459
La Roquebrussanne,2455,45,2500
Rougiers,1656,30,1686
Saint-Antonin-du-Var,741,13,754
Saint-Cyr-sur-Mer,11761,195,11956
Saint-Julien,2409,41,2450
Saint-Mandrier-sur-Mer,5862,69,5931
Saint-Martin-de-Pallières,244,4,248
Saint-Maximin-la-Sainte-Baume,16433,455,16888
Saint-Paul-en-Forêt,1730,43,1773
Saint-Raphaël,35042,571,35613
Saint-Tropez,4352,87,4439
Saint-Zacharie,5604,78,5682
Sainte-Anastasie-sur-Issole,1973,24,1997
Sainte-Maxime,13968,215,14183
Salernes,3840,78,3918
Les Salles-sur-Verdon,245,4,249
Sanary-sur-Mer,16605,238,16843
Seillans,2669,31,2700
Seillons-Source-d'Argens,2468,37,2505
La Seyne-sur-Mer,63936,781,64717
Signes,2844,44,2888
Sillans-la-Cascade,752,55,807
Six-Fours-les-Plages,32829,593,33422
Solliès-Pont,11149,161,11310
Solliès-Toucas,5719,108,5827
Solliès-Ville,2450,44,2494
Tanneron,1666,33,1699
Taradeau,1803,34,1837
Tavernes,1399,15,1414
Le Thoronet,2462,37,2499
Toulon,171953,1807,173760
Tourrettes,2884,51,2935
Tourtour,581,14,595
Tourves,5025,72,5097
Trans-en-Provence,5847,136,5983
Trigance,191,3,194
Le Val,4295,96,4391
La Valette-du-Var,23884,247,24131
Varages,1178,15,1193
La Verdière,1601,14,1615
Vérignon,10,1,11
Vidauban,11907,104,12011
Villecroze,1463,28,1491
Vinon-sur-Verdon,4233,88,4321
Vins-sur-Caramy,1014,18,1032
Althen-des-Paluds,2823,45,2868
Ansouis,1023,47,1070
Apt,11425,237,11662
Aubignan,5661,91,5752
Aurel,206,2,208
Auribeau,71,4,75
Avignon,91921,1750,93671
Le Barroux,629,52,681
La Bastide-des-Jourdans,1566,93,1659
La Bastidonne,817,21,838
Le Beaucet,351,9,360
Beaumes-de-Venise,2409,27,2436
Beaumettes,255,3,258
Beaumont-de-Pertuis,1137,15,1152
Beaumont-du-Ventoux,280,3,283
Bédarrides,5171,74,5245
Bédoin,3099,69,3168
Blauvac,511,8,519
Bollène,13504,240,13744
Bonnieux,1315,25,1340
Brantes,86,3,89
Buisson,298,9,307
Buoux,68,5,73
Cabrières-d'Aigues,955,21,976
Cabrières-d'Avignon,1816,37,1853
Cadenet,4190,76,4266
Caderousse,2667,48,2715
Cairanne,1072,13,1085
Camaret-sur-Aigues,4543,112,4655
Caromb,3348,58,3406
Carpentras,28309,835,29144
Caseneuve,489,8,497
Castellet-en-Luberon,131,4,135
Caumont-sur-Durance,4885,99,4984
Cavaillon,26641,434,27075
Châteauneuf-de-Gadagne,3311,73,3384
Châteauneuf-du-Pape,2116,31,2147
Cheval-Blanc,4276,75,4351
Courthézon,5639,73,5712
Crestet,412,17,429
Crillon-le-Brave,470,18,488
Cucuron,1766,33,1799
Entraigues-sur-la-Sorgue,8472,120,8592
Entrechaux,1112,33,1145
Faucon,433,8,441
Flassan,465,13,478
Fontaine-de-Vaucluse,604,16,620
Gargas,3039,48,3087
Gignac,68,4,72
Gigondas,501,12,513
Gordes,1773,36,1809
Goult,1099,27,1126
Grambois,1251,30,1281
Grillon,1750,31,1781
L' Isle-sur-la-Sorgue,19421,470,19891
Jonquerettes,1507,29,1536
Jonquières,5399,63,5462
Joucas,338,5,343
Lacoste,409,7,416
Lafare,116,1,117
Lagarde-d'Apt,36,0,36
Lagarde-Paréol,330,15,345
Lagnes,1635,32,1667
Lamotte-du-Rhône,398,1,399
Lapalud,3805,68,3873
Lauris,3856,67,3923
Lioux,288,4,292
Loriol-du-Comtat,2603,48,2651
Lourmarin,1076,23,1099
Malaucène,2903,52,2955
Malemort-du-Comtat,1782,22,1804
Maubec,1930,48,1978
Mazan,6036,153,6189
Ménerbes,990,17,1007
Mérindol,2097,23,2120
Méthamis,436,3,439
Mirabeau,1288,38,1326
Modène,453,7,460
Mondragon,3792,64,3856
Monieux,317,5,322
Monteux,12909,222,13131
Morières-lès-Avignon,8317,123,8440
Mormoiron,1873,49,1922
Mornas,2407,46,2453
La Motte-d'Aigues,1334,40,1374
Murs,419,6,425
Oppède,1332,28,1360
Orange,28919,647,29566
Pernes-les-Fontaines,9620,263,9883
Pertuis,20380,350,20730
Peypin-d'Aigues,674,17,691
Piolenc,5253,104,5357
Le Pontet,17530,155,17685
Puget,769,21,790
Puyméras,595,12,607
Puyvert,817,14,831
Rasteau,846,22,868
Richerenches,619,82,701
Roaix,644,9,653
Robion,4531,72,4603
La Roque-Alric,51,0,51
La Roque-sur-Pernes,415,11,426
Roussillon,1305,31,1336
Rustrel,688,20,708
Sablet,1284,31,1315
Saignon,980,21,1001
Saint-Christol,1345,4,1349
Saint-Didier,2144,44,2188
Saint-Hippolyte-le-Graveyron,178,9,187
Saint-Léger-du-Ventoux,34,0,34
Saint-Marcellin-lès-Vaison,312,11,323
Saint-Martin-de-Castillon,781,16,797
Saint-Martin-de-la-Brasque,840,17,857
Saint-Pantaléon,200,3,203
Saint-Pierre-de-Vassols,525,12,537
Saint-Romain-en-Viennois,802,19,821
Saint-Roman-de-Malegarde,325,5,330
Saint-Saturnin-lès-Apt,2811,67,2878
Saint-Saturnin-lès-Avignon,4846,110,4956
Saint-Trinit,121,1,122
Sainte-Cécile-les-Vignes,2505,54,2559
Sannes,240,7,247
Sarrians,6065,74,6139
Sault,1381,23,1404
Saumane-de-Vaucluse,948,16,964
Savoillan,63,0,63
Séguret,844,24,868
Sérignan-du-Comtat,2676,75,2751
Sivergues,43,1,44
Sorgues,18680,244,18924
Suzette,119,3,122
Taillades,1909,40,1949
Le Thor,9071,151,9222
La Tour-d'Aigues,4287,142,4429
Travaillan,722,14,736
Uchaux,1649,55,1704
Vacqueyras,1308,30,1338
Vaison-la-Romaine,5999,138,6137
Valréas,9422,230,9652
Vaugines,568,20,588
Vedène,11259,370,11629
Velleron,2960,53,3013
Venasque,1012,17,1029
Viens,636,18,654
Villars,776,15,791
Villedieu,504,16,520
Villelaure,3477,71,3548
Villes-sur-Auzon,1287,34,1321
Violès,1677,33,1710
Visan,1983,57,2040
Vitrolles-en-Lubéron,164,4,168
Les Achards,5063,103,5166
L' Aiguillon-sur-Mer,2081,35,2116
L' Aiguillon-sur-Vie,1965,23,1988
Aizenay,9510,155,9665
Angles,2816,36,2852
Antigny,1059,20,1079
Apremont,1814,18,1832
Aubigny-Les Clouzeaux,6571,100,6671
Auchay-sur-Vendée,1151,24,1175
Avrillé,1420,8,1428
Barbâtre,1724,48,1772
La Barre-de-Monts,2199,48,2247
Bazoges-en-Paillers,1419,17,1436
Bazoges-en-Pareds,1153,27,1180
Beaufou,1508,20,1528
Beaulieu-sous-la-Roche,2212,29,2241
Beaurepaire,2401,48,2449
Beauvoir-sur-Mer,3904,60,3964
Bellevigny,6005,119,6124
Benet,4011,75,4086
Le Bernard,1216,17,1233
La Bernardière,1815,33,1848
Bessay,426,9,435
Bois-de-Céné,2001,34,2035
La Boissière-de-Montaigu,2251,51,2302
La Boissière-des-Landes,1388,18,1406
Bouillé-Courdault,599,8,607
Bouin,2156,35,2191
Le Boupère,3150,42,3192
Bourneau,734,19,753
Bournezeau,3373,99,3472
Brem-sur-Mer,2720,47,2767
Bretignolles-sur-Mer,4669,81,4750
La Bretonnière-la-Claye,575,8,583
Breuil-Barret,630,17,647
Les Brouzils,2799,43,2842
La Bruffière,3943,60,4003
La Caillère-Saint-Hilaire,1111,23,1134
Cezais,300,11,311
Chaillé-les-Marais,1896,25,1921
La Chaize-Giraud,1068,14,1082
La Chaize-le-Vicomte,3770,58,3828
Challans,20622,696,21318
Le Champ-Saint-Père,1837,23,1860
Champagné-les-Marais,1772,16,1788
Chantonnay,8318,414,8732
Chanverrie,5517,133,5650
La Chapelle-aux-Lys,253,3,256
La Chapelle-Hermier,898,9,907
La Chapelle-Palluau,946,18,964
La Chapelle-Thémer,385,9,394
Chasnais,728,20,748
La Châtaigneraie,2544,35,2579
Château-Guibert,1521,32,1553
Châteauneuf,1056,19,1075
Chauché,2470,33,2503
Chavagnes-en-Paillers,3536,102,3638
Chavagnes-les-Redoux,828,18,846
Cheffois,977,17,994
Coëx,3176,53,3229
Commequiers,3505,48,3553
La Copechagnière,999,11,1010
Corpe,1033,16,1049
La Couture,218,3,221
Cugand,3498,92,3590
Curzon,513,8,521
Damvix,747,16,763
Doix lès Fontaines,1714,33,1747
Dompierre-sur-Yon,4244,79,4323
Les Epesses,2853,54,2907
L' Épine,1641,31,1672
Essarts en Bocage,8931,161,9092
Falleron,1598,15,1613
La Faute-sur-Mer,660,9,669
Faymoreau,202,4,206
Le Fenouiller,4711,127,4838
La Ferrière,5255,153,5408
Fontenay-le-Comte,13226,680,13906
Fougeré,1204,20,1224
Foussais-Payré,1130,30,1160
Froidfond,1876,21,1897
La Garnache,4995,98,5093
La Gaubretière,3060,67,3127
La Genétouze,1931,37,1968
Le Girouard,1050,19,1069
Givrand,2176,52,2228
Le Givre,508,5,513
Grand'Landes,670,9,679
Grosbreuil,2177,31,2208
Grues,851,14,865
Le Gué-de-Velluire,544,12,556
La Guérinière,1347,32,1379
L' Herbergement,3175,108,3283
Les Herbiers,15958,463,16421
L' Hermenault,913,15,928
L' Île-d'Elle,1520,19,1539
L' Île-d'Olonne,2694,57,2751
L' Île-d'Yeu,4809,100,4909
Jard-sur-Mer,2653,30,2683
La Jaudonnière,606,10,616
La Jonchère,450,6,456
Lairoux,619,19,638
Landeronde,2279,47,2326
Les Landes-Genusson,2387,42,2429
Landevieille,1389,30,1419
Le Langon,1028,32,1060
Liez,278,4,282
Loge-Fougereuse,387,4,391
Longèves,1323,49,1372
Longeville-sur-Mer,2466,26,2492
Les Lucs-sur-Boulogne,3463,71,3534
Luçon,9540,388,9928
Maché,1545,20,1565
Les Magnils-Reigniers,1576,42,1618
Maillé,760,14,774
Maillezais,939,24,963
Mallièvre,252,10,262
Mareuil-sur-Lay-Dissais,2813,125,2938
Marillet,115,1,116
Marsais-Sainte-Radégonde,489,14,503
Martinet,1136,12,1148
Le Mazeau,452,14,466
La Meilleraie-Tillay,1515,43,1558
Menomblet,664,11,675
La Merlatière,1000,23,1023
Mervent,1050,20,1070
Mesnard-la-Barotière,1440,25,1465
Monsireigne,972,16,988
Montaigu-Vendée,20126,618,20744
Montournais,1663,54,1717
Montreuil,798,25,823
Montréverd,3700,36,3736
Moreilles,422,5,427
Mortagne-sur-Sèvre,5930,167,6097
Mouchamps,2886,44,2930
Mouilleron-le-Captif,4928,104,5032
Mouilleron-Saint-Germain,1845,90,1935
Moutiers-les-Mauxfaits,2128,32,2160
Moutiers-sur-le-Lay,753,12,765
Mouzeuil-Saint-Martin,1216,25,1241
Nalliers,2315,47,2362
Nesmy,2883,44,2927
Nieul-le-Dolent,2487,25,2512
Noirmoutier-en-l'Île,4668,88,4756
Notre-Dame-de-Monts,2105,45,2150
Notre-Dame-de-Riez,2099,45,2144
L' Orbrie,797,18,815
Palluau,1102,8,1110
Péault,610,23,633
Le Perrier,2023,32,2055
Petosse,706,17,723
Les Pineaux,632,3,635
Pissotte,1143,35,1178
Le Poiré-sur-Vie,8509,217,8726
Poiroux,1090,16,1106
Pouillé,629,17,646
Pouzauges,5514,181,5695
Puy-de-Serre,318,7,325
Puyravault,663,6,669
La Rabatelière,989,15,1004
Réaumur,864,8,872
La Réorthe,1093,22,1115
Rives-d'Autise,2118,50,2168
Rives de l'Yon,4160,175,4335
La Roche-sur-Yon,54372,2994,57366
Rocheservière,3322,47,3369
Rochetrejoux,950,9,959
Rosnay,627,15,642
Les Sables-d'Olonne,44017,1428,45445
Saint-André-Goule-d'Oie,1832,15,1847
Saint-Aubin-des-Ormeaux,1335,16,1351
Saint-Aubin-la-Plaine,535,6,541
Saint-Avaugourd-des-Landes,1067,21,1088
Saint-Benoist-sur-Mer,474,6,480
Saint-Christophe-du-Ligneron,2554,42,2596
Saint-Cyr-des-Gâts,534,8,542
Saint-Cyr-en-Talmondais,379,4,383
Saint-Denis-du-Payré,385,9,394
Saint-Denis-la-Chevasse,2290,36,2326
Saint-Étienne-de-Brillouet,615,8,623
Saint-Étienne-du-Bois,2101,25,2126
Saint-Fulgent,3792,131,3923
Saint-Georges-de-Pointindoux,1668,15,1683
Saint-Germain-de-Prinçay,1535,26,1561
Saint-Gervais,2669,37,2706
Saint-Gilles-Croix-de-Vie,7655,224,7879
Saint-Hilaire-de-Riez,11169,212,11381
Saint-Hilaire-de-Voust,594,13,607
Saint-Hilaire-des-Loges,1950,54,2004
Saint-Hilaire-la-Forêt,802,14,816
Saint-Hilaire-le-Vouhis,1060,21,1081
Saint-Jean-de-Beugné,594,9,603
Saint-Jean-de-Monts,8634,209,8843
Saint-Juire-Champgillon,408,13,421
Saint-Julien-des-Landes,1773,20,1793
Saint-Laurent-de-la-Salle,357,11,368
Saint-Laurent-sur-Sèvre,3617,439,4056
Saint-Maixent-sur-Vie,1078,6,1084
Saint-Malô-du-Bois,1603,48,1651
Saint-Mars-la-Réorthe,978,13,991
Saint-Martin-de-Fraigneau,820,59,879
Saint-Martin-des-Fontaines,172,2,174
Saint-Martin-des-Noyers,2372,38,2410
Saint-Martin-des-Tilleuls,1069,18,1087
Saint-Martin-Lars-en-Sainte-Hermine,408,9,417
Saint-Mathurin,2270,35,2305
Saint-Maurice-des-Noues,648,18,666
Saint-Maurice-le-Girard,588,14,602
Saint-Mesmin,1766,26,1792
Saint-Michel-en-l'Herm,2352,78,2430
Saint-Michel-le-Cloucq,1289,32,1321
Saint-Paul-en-Pareds,1336,28,1364
Saint-Paul-Mont-Penit,811,11,822
Saint-Philbert-de-Bouaine,3424,37,3461
Saint-Pierre-du-Chemin,1336,20,1356
Saint-Pierre-le-Vieux,961,23,984
Saint-Prouant,1618,28,1646
Saint-Révérend,1430,17,1447
Saint-Sigismond,406,7,413
Saint-Sulpice-en-Pareds,430,12,442
Saint-Urbain,1818,35,1853
Saint-Valérien,526,13,539
Saint-Vincent-Sterlanges,789,13,802
Saint-Vincent-sur-Graon,1485,23,1508
Saint-Vincent-sur-Jard,1298,21,1319
Sainte-Cécile,1621,106,1727
Sainte-Flaive-des-Loups,2395,24,2419
Sainte-Foy,2215,43,2258
Sainte-Gemme-la-Plaine,2044,213,2257
Sainte-Hermine,2925,39,2964
Sainte-Pexine,257,11,268
Sainte-Radégonde-des-Noyers,916,18,934
Sallertaine,3099,70,3169
Sérigné,974,29,1003
Sèvremont,6486,217,6703
Sigournais,896,15,911
Soullans,4221,91,4312
Le Tablier,746,13,759
La Taillée,581,9,590
Tallud-Sainte-Gemme,470,4,474
Talmont-Saint-Hilaire,7657,179,7836
La Tardière,1312,26,1338
Thiré,570,12,582
Thorigny,1230,20,1250
Thouarsais-Bouildroux,770,10,780
Tiffauges,1588,40,1628
La Tranche-sur-Mer,2905,64,2969
Treize-Septiers,3209,81,3290
Treize-Vents,1259,25,1284
Triaize,1010,15,1025
Vairé,1665,29,1694
Les Velluire-sur-Vendée,1381,18,1399
Venansault,4644,163,4807
Vendrennes,1721,20,1741
Vix,1788,20,1808
Vouillé-les-Marais,755,10,765
Vouvant,867,48,915
Xanton-Chassenon,729,13,742
Adriers,719,8,727
Amberre,576,21,597
Anché,340,7,347
Angles-sur-l'Anglin,357,14,371
Angliers,629,22,651
Antigny,549,20,569
Antran,1192,32,1224
Archigny,1092,17,1109
Arçay,355,7,362
Aslonnes,1109,19,1128
Asnières-sur-Blour,182,4,186
Asnois,163,7,170
Aulnay,98,3,101
Availles-en-Châtellerault,1757,40,1797
Availles-Limouzine,1272,26,1298
Avanton,2175,29,2204
Ayron,1138,19,1157
Basses,323,2,325
Beaumont Saint-Cyr,3035,41,3076
Bellefonds,254,4,258
Berrie,263,4,267
Berthegon,306,4,310
Béruges,1469,25,1494
Béthines,473,5,478
Beuxes,553,4,557
Biard,1751,59,1810
Bignoux,1054,18,1072
Blanzay,787,26,813
Boivre-la-Vallée,3083,46,3129
Bonnes,1729,21,1750
Bonneuil-Matours,2104,60,2164
Bouresse,584,17,601
Bourg-Archambault,188,7,195
Bournand,878,19,897
Brigueil-le-Chantre,513,7,520
Brion,226,8,234
Brux,716,10,726
La Bussière,323,10,333
Buxerolles,10023,142,10165
Buxeuil,939,14,953
Ceaux-en-Loudun,553,12,565
Celle-Lévescault,1356,17,1373
Cenon-sur-Vienne,1778,30,1808
Cernay,477,13,490
Chabournay,1073,10,1083
Chalais,513,16,529
Chalandray,841,11,852
Champagné-le-Sec,200,4,204
Champagné-Saint-Hilaire,1010,20,1030
Champigny en Rochereau,1925,35,1960
Champniers,351,5,356
La Chapelle-Bâton,357,9,366
La Chapelle-Moulière,705,20,725
Chapelle-Viviers,561,4,565
Charroux,1136,29,1165
Chasseneuil-du-Poitou,4704,49,4753
Chatain,250,3,253
Château-Garnier,614,10,624
Château-Larcher,1025,17,1042
Châtellerault,31840,764,32604
Chaunay,1212,20,1232
La Chaussée,182,4,186
Chauvigny,7049,115,7164
Chenevelles,469,7,476
Cherves,572,10,582
Chiré-en-Montreuil,912,14,926
Chouppes,750,16,766
Cissé,2785,49,2834
Civaux,1203,16,1219
Civray,2658,130,2788
Cloué,496,5,501
Colombiers,1501,31,1532
Coulombiers,1164,12,1176
Coulonges,236,6,242
Coussay,251,4,255
Coussay-les-Bois,1003,14,1017
Craon,186,3,189
Croutelle,851,23,874
Cuhon,398,7,405
Curzay-sur-Vonne,410,5,415
Curçay-sur-Dive,213,1,214
Dangé-Saint-Romain,2981,41,3022
Dercé,155,3,158
Dienné,561,12,573
Dissay,3233,49,3282
Doussay,653,8,661
La Ferrière-Airoux,321,13,334
Fleix,136,1,137
Fleuré,1050,8,1058
Fontaine-le-Comte,3853,73,3926
Frozes,559,9,568
Genouillé,512,4,516
Gençay,1737,63,1800
Gizay,377,1,378
Glénouze,105,2,107
Gouex,491,8,499
La Grimaudière,397,12,409
Guesnes,222,7,229
Haims,225,4,229
Ingrandes,1750,37,1787
L' Isle-Jourdain,1163,14,1177
Iteuil,2940,47,2987
Jardres,1273,24,1297
Jaunay-Marigny,7530,236,7766
Jazeneuil,804,17,821
Jouhet,527,7,534
Journet,369,8,377
Joussé,303,4,307
Lathus-Saint-Rémy,1217,21,1238
Latillé,1440,26,1466
Lauthiers,68,3,71
Lavoux,1180,19,1199
Leigné-les-Bois,592,12,604
Leigné-sur-Usseau,475,3,478
Leignes-sur-Fontaine,637,13,650
Lencloître,2456,30,2486
Lésigny,537,2,539
Leugny,407,4,411
Lhommaizé,859,23,882
Liglet,312,3,315
Ligugé,3349,61,3410
Linazay,225,5,230
Liniers,561,11,572
Lizant,404,8,412
Loudun,6747,344,7091
Luchapt,249,2,251
Lusignan,2649,37,2686
Lussac-les-Châteaux,2318,45,2363
Magné,675,15,690
Maillé,668,9,677
Mairé,158,7,165
Maisonneuve,339,8,347
Marigny-Chemereau,601,12,613
Marnay,700,12,712
Martaizé,380,9,389
Marçay,1185,15,1200
Massognes,287,5,292
Maulay,182,7,189
Mauprévoir,603,15,618
Mazerolles,851,13,864
Mazeuil,253,5,258
Messemé,239,6,245
Mignaloux-Beauvoir,4577,174,4751
Migné-Auxances,6071,112,6183
Millac,553,15,568
Mirebeau,2218,33,2251
Moncontour,986,20,1006
Mondion,106,3,109
Montamisé,3630,58,3688
Monthoiron,662,9,671
Montmorillon,5954,462,6416
Monts-sur-Guesnes,895,5,900
Morton,346,5,351
Moulismes,373,11,384
Moussac,442,14,456
Mouterre-Silly,663,12,675
Mouterre-sur-Blourde,166,4,170
Naintré,5911,120,6031
Nalliers,320,10,330
Nérignac,123,4,127
Neuville-de-Poitou,5324,85,5409
Nieuil-l'Espoir,2718,37,2755
Nouaillé-Maupertuis,2751,73,2824
Nueil-sous-Faye,213,5,218
Orches,410,4,414
Les Ormes,1631,22,1653
Ouzilly,919,12,931
Oyré,973,25,998
Paizay-le-Sec,463,14,477
Payroux,490,12,502
Persac,770,19,789
Pindray,254,7,261
Plaisance,166,3,169
Pleumartin,1246,18,1264
Poitiers,88291,2412,90703
Port-de-Piles,566,12,578
Pouant,413,8,421
Pouançay,234,4,238
Pouillé,657,10,667
Pressac,576,4,580
Prinçay,217,2,219
La Puye,606,10,616
Queaux,524,13,537
Quinçay,2215,44,2259
Ranton,193,3,196
Raslay,132,5,137
La Roche-Posay,1561,30,1591
La Roche-Rigault,556,36,592
Roches-Prémarie-Andillé,2021,33,2054
Roiffé,759,11,770
Romagne,887,92,979
Rouillé,2468,203,2671
Saint-Benoît,7233,243,7476
Saint-Christophe,302,12,314
Saint-Clair,196,7,203
Saint-Gaudent,310,7,317
Saint-Genest-d'Ambière,1248,23,1271
Saint-Georges-lès-Baillargeaux,4168,65,4233
Saint-Germain,928,25,953
Saint-Gervais-les-Trois-Clochers,1314,25,1339
Saint-Jean-de-Sauves,1389,28,1417
Saint-Julien-l'Ars,2660,47,2707
Saint-Laon,126,4,130
Saint-Laurent-de-Jourdes,200,3,203
Saint-Léger-de-Montbrillais,349,5,354
Saint-Léomer,183,3,186
Saint-Macoux,474,17,491
Saint-Martin-l'Ars,386,4,390
Saint-Martin-la-Pallu,5546,96,5642
Saint-Maurice-la-Clouère,1312,35,1347
Saint-Pierre-d'Exideuil,754,18,772
Saint-Pierre-de-Maillé,881,16,897
Saint-Rémy-sur-Creuse,392,6,398
Saint-Romain,396,9,405
Saint-Sauvant,1258,25,1283
Saint-Savin,846,16,862
Saint-Saviol,532,8,540
Saint-Secondin,546,15,561
Sainte-Radégonde,169,0,169
Saires,132,6,138
Saix,290,5,295
Sammarçolles,642,13,655
Sanxay,548,11,559
Saulgé,1013,12,1025
Savigné,1336,29,1365
Savigny-Lévescault,1168,26,1194
Savigny-sous-Faye,383,5,388
Scorbé-Clairvaux,2259,31,2290
Senillé-Saint-Sauveur,1877,42,1919
Sérigny,312,1,313
Sèvres-Anxaumont,2181,79,2260
Sillars,611,14,625
Smarves,2810,41,2851
Sommières-du-Clain,788,17,805
Sossais,438,3,441
Surin,133,2,135
Tercé,1116,16,1132
Ternay,184,3,187
Thollet,156,3,159
Thurageau,814,14,828
Thuré,2878,152,3030
La Trimouille,889,23,912
Les Trois-Moutiers,1074,22,1096
Usseau,607,9,616
Usson-du-Poitou,1260,21,1281
Valdivienne,2747,42,2789
Valence-en-Poitou,4474,117,4591
Vaux-sur-Vienne,546,6,552
Vellèches,363,5,368
Vernon,704,20,724
Verrières,1004,30,1034
Verrue,391,2,393
Vézières,357,6,363
Vicq-sur-Gartempe,615,7,622
Le Vigeant,699,27,726
La Villedieu-du-Clain,1592,30,1622
Villemort,103,7,110
Villiers,893,17,910
Vivonne,4345,78,4423
Vouillé,3701,54,3755
Voulême,378,4,382
Voulon,467,7,474
Vouneuil-sous-Biard,5896,132,6028
Vouneuil-sur-Vienne,2198,31,2229
Vouzailles,600,7,607
Yversay,529,4,533
Aixe-sur-Vienne,5836,80,5916
Ambazac,5667,74,5741
Arnac-la-Poste,951,26,977
Augne,108,2,110
Aureil,1004,20,1024
Azat-le-Ris,257,2,259
Balledent,197,6,203
La Bazeuge,140,2,142
Beaumont-du-Lac,143,5,148
Bellac,3808,147,3955
Berneuil,426,5,431
Bersac-sur-Rivalier,631,18,649
Bessines-sur-Gartempe,2836,45,2881
Beynac,693,73,766
Les Billanges,288,6,294
Blanzac,495,12,507
Blond,693,24,717
Boisseuil,2928,54,2982
Bonnac-la-Côte,1701,29,1730
Bosmie-l'Aiguille,2579,35,2614
Breuilaufa,129,1,130
Le Buis,189,4,193
Bujaleuf,833,9,842
Burgnac,841,11,852
Bussière-Galant,1308,17,1325
Les Cars,632,11,643
Chaillac-sur-Vienne,1235,22,1257
Le Chalard,312,4,316
Châlus,1621,28,1649
Chamboret,789,10,799
Champagnac-la-Rivière,577,8,585
Champnétery,550,1,551
Champsac,671,11,682
La Chapelle-Montbrandeix,256,2,258
Chaptelat,2121,18,2139
Château-Chervix,799,13,812
Châteauneuf-la-Forêt,1524,20,1544
Châteauponsac,2035,24,2059
Le Châtenet-en-Dognon,393,7,400
Cheissoux,177,2,179
Chéronnac,336,4,340
Cieux,989,13,1002
Cognac-la-Forêt,1185,9,1194
Compreignac,1838,16,1854
Condat-sur-Vienne,5150,79,5229
Coussac-Bonneval,1317,34,1351
Couzeix,9268,158,9426
La Croisille-sur-Briance,641,13,654
La Croix-sur-Gartempe,188,1,189
Cromac,246,2,248
Cussac,1235,24,1259
Dinsac,271,6,277
Dompierre-les-Églises,367,5,372
Domps,118,1,119
Le Dorat,1683,68,1751
Dournazac,657,9,666
Droux,350,6,356
Eybouleuf,436,8,444
Eyjeaux,1321,28,1349
Eymoutiers,2062,22,2084
Feytiat,6123,85,6208
Flavignac,1061,12,1073
Folles,486,9,495
Fromental,540,17,557
Gajoubert,145,1,146
La Geneytouse,958,15,973
Glandon,781,18,799
Glanges,512,10,522
Gorre,401,9,410
Les Grands-Chézeaux,246,2,248
Isle,7696,146,7842
Jabreilles-les-Bordes,239,2,241
Janailhac,536,9,545
Javerdat,717,5,722
La Jonchère-Saint-Maurice,824,11,835
Jouac,181,4,185
Jourgnac,1110,20,1130
Ladignac-le-Long,1168,12,1180
Laurière,568,4,572
Lavignac,153,4,157
Limoges,132175,2285,134460
Linards,1057,17,1074
Lussac-les-Églises,532,11,543
Magnac-Bourg,1089,12,1101
Magnac-Laval,1744,150,1894
Mailhac-sur-Benaize,270,5,275
Maisonnais-sur-Tardoire,390,7,397
Marval,540,6,546
Masléon,284,2,286
Meilhac,529,5,534
Meuzac,731,14,745
La Meyze,828,20,848
Moissannes,360,16,376
Montrol-Sénard,278,7,285
Mortemart,112,1,113
Nantiat,1598,24,1622
Nedde,464,5,469
Neuvic-Entier,929,17,946
Nexon,2539,46,2585
Nieul,1647,18,1665
Nouic,467,6,473
Oradour-Saint-Genest,333,35,368
Oradour-sur-Glane,2473,22,2495
Oradour-sur-Vayres,1500,20,1520
Pageas,580,13,593
Le Palais-sur-Vienne,6042,65,6107
Panazol,10972,208,11180
Pensol,180,2,182
Peyrat-de-Bellac,1065,24,1089
Peyrat-le-Château,1013,17,1030
Peyrilhac,1270,13,1283
Pierre-Buffière,1157,11,1168
La Porcherie,514,11,525
Rancon,494,11,505
Razès,1173,13,1186
Rempnat,149,4,153
Rilhac-Lastours,371,3,374
Rilhac-Rancon,4573,69,4642
La Roche-l'Abeille,618,10,628
Rochechouart,3778,49,3827
Royères,915,6,921
Roziers-Saint-Georges,180,1,181
Saillat-sur-Vienne,832,12,844
Saint-Amand-le-Petit,108,4,112
Saint-Amand-Magnazeix,523,8,531
Saint-Auvent,962,18,980
Saint-Bazile,112,1,113
Saint-Bonnet-Briance,574,14,588
Saint-Bonnet-de-Bellac,484,8,492
Saint-Brice-sur-Vienne,1669,17,1686
Saint-Cyr,693,8,701
Saint-Denis-des-Murs,529,7,536
Saint-Gence,2134,27,2161
Saint-Genest-sur-Roselle,520,5,525
Saint-Georges-les-Landes,239,1,240
Saint-Germain-les-Belles,1169,13,1182
Saint-Gilles-les-Forêts,43,2,45
Saint-Hilaire-Bonneval,988,12,1000
Saint-Hilaire-la-Treille,381,9,390
Saint-Hilaire-les-Places,870,14,884
Saint-Jean-Ligoure,515,9,524
Saint-Jouvent,1659,23,1682
Saint-Julien-le-Petit,288,0,288
Saint-Junien,11202,273,11475
Saint-Junien-les-Combes,174,7,181
Saint-Just-le-Martel,2677,46,2723
Saint-Laurent-les-Églises,865,37,902
Saint-Laurent-sur-Gorre,1500,20,1520
Saint-Léger-la-Montagne,348,5,353
Saint-Léger-Magnazeix,490,7,497
Saint-Léonard-de-Noblat,4554,112,4666
Saint-Martial-sur-Isop,136,4,140
Saint-Martin-de-Jussac,565,9,574
Saint-Martin-le-Mault,130,0,130
Saint-Martin-le-Vieux,922,16,938
Saint-Martin-Terressus,557,5,562
Saint-Mathieu,1080,15,1095
Saint-Maurice-les-Brousses,1060,7,1067
Saint-Méard,357,7,364
Saint-Ouen-sur-Gartempe,214,4,218
Saint-Pardoux-le-Lac,1322,16,1338
Saint-Paul,1236,23,1259
Saint-Priest-Ligoure,668,12,680
Saint-Priest-sous-Aixe,1746,20,1766
Saint-Priest-Taurion,2881,33,2914
Saint-Sornin-la-Marche,258,2,260
Saint-Sornin-Leulac,634,8,642
Saint-Sulpice-Laurière,837,20,857
Saint-Sulpice-les-Feuilles,1240,22,1262
Saint-Sylvestre,924,10,934
Saint-Victurnien,1755,29,1784
Saint-Vitte-sur-Briance,330,4,334
Saint-Yrieix-la-Perche,6766,433,7199
Saint-Yrieix-sous-Aixe,421,3,424
Sainte-Anne-Saint-Priest,168,2,170
Sainte-Marie-de-Vaux,209,3,212
Les Salles-Lavauguyon,144,1,145
Sauviat-sur-Vige,889,7,896
Séreilhac,1992,22,2014
Solignac,1579,23,1602
Surdoux,44,3,47
Sussac,351,3,354
Tersannes,138,2,140
Thouron,532,9,541
Val d'Issoire,1068,12,1080
Val-d'Oire-et-Gartempe,1671,35,1706
Vaulry,409,5,414
Vayres,750,16,766
Verneuil-Moustiers,128,0,128
Verneuil-sur-Vienne,4889,215,5104
Veyrac,2071,34,2105
Vicq-sur-Breuilh,1324,25,1349
Videix,211,3,214
Le Vigen,2171,41,2212
Villefavard,158,1,159
Les Ableuvenettes,62,0,62
Ahéville,69,0,69
Aingeville,61,2,63
Ainvelle,142,6,148
Allarmont,211,4,215
Ambacourt,297,8,305
Ameuvelle,49,0,49
Anglemont,167,3,170
Anould,3369,68,3437
Aouze,191,1,192
Arches,1638,53,1691
Archettes,1085,13,1098
Aroffe,80,0,80
Arrentès-de-Corcieux,179,5,184
Attignéville,217,3,220
Attigny,230,6,236
Aulnois,161,6,167
Autigny-la-Tour,159,3,162
Autreville,183,5,188
Autrey,286,10,296
Auzainvilliers,228,6,234
Avillers,84,2,86
Avrainville,111,0,111
Avranville,70,4,74
Aydoilles,1028,49,1077
Badménil-aux-Bois,154,6,160
La Baffe,634,95,729
Bainville-aux-Saules,137,0,137
Balléville,102,4,106
Ban-de-Laveline,1211,33,1244
Ban-de-Sapt,348,11,359
Ban-sur-Meurthe-Clefcy,949,28,977
Barbey-Seroux,148,4,152
Barville,91,1,92
Basse-sur-le-Rupt,864,27,891
Battexey,34,0,34
Baudricourt,328,6,334
Bayecourt,255,5,260
Bazegney,113,2,115
Bazien,78,1,79
Bazoilles-et-Ménil,114,4,118
Bazoilles-sur-Meuse,598,16,614
Beaufremont,90,0,90
Beauménil,125,4,129
Begnécourt,157,7,164
Bellefontaine,992,10,1002
Belmont-lès-Darney,112,2,114
Belmont-sur-Buttant,302,5,307
Belmont-sur-Vair,128,1,129
Belrupt,102,5,107
Belval,156,2,158
Bertrimoutier,310,10,320
Bettegney-Saint-Brice,169,2,171
Bettoncourt,96,1,97
Le Beulay,97,6,103
Biécourt,103,2,105
Biffontaine,408,12,420
Blémerey,28,1,29
Bleurville,308,12,320
Blevaincourt,108,1,109
Bocquegney,134,4,138
Bois-de-Champ,111,1,112
Bonvillet,300,5,305
Boulaincourt,71,3,74
La Bourgonce,896,21,917
Bouxières-aux-Bois,139,6,145
Bouxurulles,170,1,171
Bouzemont,52,1,53
Brantigny,211,4,215
Brechainville,61,0,61
La Bresse,4154,150,4304
Brouvelieures,446,8,454
Brû,562,13,575
Bruyères,3064,53,3117
Bulgnéville,1549,87,1636
Bult,308,2,310
Bussang,1383,23,1406
Capavenir Vosges,8862,239,9101
Celles-sur-Plaine,821,16,837
Certilleux,208,12,220
Chamagne,465,8,473
Champ-le-Duc,544,18,562
Champdray,179,0,179
Chantraine,3212,81,3293
La Chapelle-aux-Bois,668,8,676
La Chapelle-devant-Bruyères,576,13,589
Charmes,4689,53,4742
Charmois-devant-Bruyères,393,7,400
Charmois-l'Orgueilleux,587,8,595
Châtas,50,2,52
Châtel-sur-Moselle,1702,50,1752
Châtenois,1706,43,1749
Châtillon-sur-Saône,131,9,140
Chauffecourt,42,1,43
Chaumousey,908,26,934
Chavelot,1391,31,1422
Chef-Haut,46,2,48
Cheniménil,1219,23,1242
Chermisey,96,1,97
Circourt,88,2,90
Circourt-sur-Mouzon,189,10,199
Claudon,216,4,220
Clérey-la-Côte,32,0,32
Le Clerjus,568,16,584
Cleurie,651,13,664
Clézentaine,214,5,219
Coinches,360,3,363
Combrimont,134,5,139
Contrexéville,3202,222,3424
Corcieux,1538,14,1552
Cornimont,3208,62,3270
Courcelles-sous-Châtenois,79,1,80
Coussey,723,20,743
Crainvilliers,171,2,173
La Croix-aux-Mines,503,9,512
Damas-aux-Bois,268,6,274
Damas-et-Bettegney,366,7,373
Damblain,254,7,261
Darney,1092,54,1146
Darney-aux-Chênes,63,1,64
Darnieulles,1407,30,1437
Deinvillers,61,2,63
Denipaire,247,5,252
Derbamont,111,3,114
Destord,256,5,261
Deycimont,309,8,317
Deyvillers,1418,39,1457
Dignonville,190,9,199
Dinozé,604,13,617
Docelles,879,18,897
Dogneville,1486,27,1513
Dolaincourt,99,0,99
Dombasle-devant-Darney,81,2,83
Dombasle-en-Xaintois,124,2,126
Dombrot-le-Sec,376,14,390
Dombrot-sur-Vair,245,3,248
Domèvre-sous-Montfort,57,0,57
Domèvre-sur-Avière,402,8,410
Domèvre-sur-Durbion,267,14,281
Domfaing,216,3,219
Domjulien,177,2,179
Dommartin-aux-Bois,394,5,399
Dommartin-lès-Remiremont,1894,52,1946
Dommartin-lès-Vallois,55,0,55
Dommartin-sur-Vraine,307,8,315
Dompaire,1148,28,1176
Dompierre,257,13,270
Domptail,357,1,358
Domrémy-la-Pucelle,104,2,106
Domvallier,105,7,112
Doncières,137,2,139
Dounoux,855,18,873
Éloyes,3180,61,3241
Entre-deux-Eaux,503,8,511
Épinal,31740,1408,33148
Escles,436,12,448
Esley,190,5,195
Essegney,754,9,763
Estrennes,89,2,91
Étival-Clairefontaine,2616,52,2668
Évaux-et-Ménil,357,3,360
Faucompierre,240,5,245
Fauconcourt,132,2,134
Fays,223,9,232
Ferdrupt,721,17,738
Fignévelle,45,1,46
Fiménil,227,4,231
Florémont,449,11,460
Fomerey,158,6,164
Fontenay,468,21,489
Fontenoy-le-Château,532,36,568
La Forge,529,11,540
Les Forges,1868,70,1938
Fouchécourt,45,1,46
Frain,129,7,136
Fraize,2871,47,2918
Frapelle,190,5,195
Frebécourt,313,7,320
Fremifontaine,469,11,480
Frenelle-la-Grande,108,4,112
Frenelle-la-Petite,45,3,48
Frénois,51,0,51
Fresse-sur-Moselle,1738,48,1786
Fréville,145,4,149
Frizon,515,7,522
Gelvécourt-et-Adompt,110,1,111
Gemaingoutte,139,1,140
Gemmelaincourt,149,12,161
Gendreville,106,1,107
Gérardmer,7967,631,8598
Gerbamont,362,11,373
Gerbépal,589,12,601
Gignéville,79,3,82
Gigney,46,2,48
Girancourt,896,15,911
Gircourt-lès-Viéville,184,3,187
Girecourt-sur-Durbion,342,11,353
Girmont-Val-d'Ajol,251,16,267
Gironcourt-sur-Vraine,927,18,945
Godoncourt,124,4,128
Golbey,8623,134,8757
Gorhey,178,6,184
Grand,360,10,370
La Grande-Fosse,129,0,129
Grandrupt,77,2,79
Grandrupt-de-Bains,81,4,85
Grandvillers,753,12,765
Granges-Aumontzey,2665,59,2724
Greux,157,6,163
Grignoncourt,40,1,41
Gruey-lès-Surance,262,8,270
Gugnécourt,238,19,257
Gugney-aux-Aulx,161,7,168
Hadigny-les-Verrières,405,5,410
Hadol,2368,106,2474
Hagécourt,120,4,124
Hagnéville-et-Roncourt,87,1,88
Haillainville,167,4,171
Harchéchamp,74,4,78
Hardancourt,41,0,41
Haréville,480,18,498
Harmonville,229,4,233
Harol,628,57,685
La Haye,115,0,115
Hennecourt,361,7,368
Hennezel,402,7,409
Hergugney,135,3,138
Herpelmont,282,2,284
Houécourt,440,12,452
Houéville,50,1,51
Housseras,489,7,496
La Houssière,587,17,604
Hurbache,320,14,334
Hymont,476,14,490
Igney,1168,25,1193
Isches,164,4,168
Jainvillotte,79,3,82
Jarménil,474,4,478
Jeanménil,1113,34,1147
Jésonville,127,7,134
Jeuxey,687,16,703
Jorxey,83,1,84
Jubainville,91,1,92
Jussarupt,274,4,278
Juvaincourt,184,3,187
Lamarche,901,16,917
Landaville,298,9,307
Langley,161,2,163
Laval-sur-Vologne,631,11,642
Laveline-devant-Bruyères,610,12,622
Laveline-du-Houx,214,6,220
Légéville-et-Bonfays,49,3,52
Lemmecourt,30,0,30
Lépanges-sur-Vologne,850,19,869
Lerrain,460,16,476
Lesseux,151,8,159
Liézey,286,7,293
Liffol-le-Grand,2144,56,2200
Lignéville,315,6,321
Lironcourt,71,0,71
Longchamp,456,11,467
Longchamp-sous-Châtenois,66,5,71
Lubine,228,2,230
Lusse,434,3,437
Luvigny,112,3,115
Maconcourt,75,1,76
Madecourt,52,1,53
Madegney,128,0,128
Madonne-et-Lamerey,401,12,413
Malaincourt,85,1,86
Mandray,589,12,601
Mandres-sur-Vair,458,121,579
Marainville-sur-Madon,95,0,95
Marey,69,1,70
Maroncourt,9,0,9
Martigny-les-Bains,803,73,876
Martigny-les-Gerbonvaux,108,2,110
Martinvelle,122,3,125
Mattaincourt,821,19,840
Maxey-sur-Meuse,227,4,231
Mazeley,267,3,270
Mazirot,224,7,231
Médonville,100,0,100
Méménil,151,5,156
Ménarmont,76,0,76
Le Ménil,1069,24,1093
Ménil-de-Senones,138,2,140
Ménil-en-Xaintois,150,1,151
Ménil-sur-Belvitte,294,11,305
Midrevaux,222,5,227
Mirecourt,5246,482,5728
Moncel-sur-Vair,201,5,206
Le Mont,51,0,51
Mont-lès-Lamarche,98,2,100
Mont-lès-Neufchâteau,300,5,305
Monthureux-le-Sec,159,9,168
Monthureux-sur-Saône,879,18,897
Montmotier,45,1,46
Morelmaison,207,5,212
Moriville,433,8,441
Morizécourt,107,4,111
Mortagne,170,2,172
Morville,49,2,51
Moussey,614,5,619
Moyemont,223,5,228
Moyenmoutier,3186,66,3252
Nayemont-les-Fosses,798,39,837
Neufchâteau,6664,287,6951
La Neuveville-devant-Lépanges,499,12,511
La Neuveville-sous-Châtenois,377,10,387
La Neuveville-sous-Montfort,180,7,187
Neuvillers-sur-Fave,339,8,347
Nomexy,2097,29,2126
Nompatelize,541,23,564
Nonville,200,2,202
Nonzeville,51,2,53
Norroy,222,6,228
Nossoncourt,117,1,118
Oëlleville,306,5,311
Offroicourt,152,4,156
Ollainville,67,1,68
Ortoncourt,89,0,89
Padoux,514,7,521
Pair-et-Grandrupt,511,10,521
Pallegney,170,3,173
Parey-sous-Montfort,149,4,153
Pargny-sous-Mureau,182,5,187
La Petite-Fosse,78,3,81
La Petite-Raon,751,10,761
Pierrefitte,123,1,124
Pierrepont-sur-l'Arentèle,136,2,138
Plainfaing,1676,27,1703
Pleuvezain,76,3,79
Plombières-les-Bains,1678,26,1704
Pompierre,219,5,224
Pont-lès-Bonfays,102,3,105
Pont-sur-Madon,178,0,178
Portieux,1258,21,1279
Les Poulières,241,1,242
Poussay,689,20,709
Pouxeux,1992,37,2029
Prey,93,3,96
Provenchères-et-Colroy,1372,86,1458
Provenchères-lès-Darney,159,8,167
Le Puid,102,1,103
Punerot,157,5,162
Puzieux,148,3,151
Racécourt,171,3,174
Rainville,278,12,290
Rambervillers,5170,134,5304
Ramecourt,189,4,193
Ramonchamp,1978,139,2117
Rancourt,60,1,61
Raon-aux-Bois,1237,19,1256
Raon-l'Étape,6388,146,6534
Raon-sur-Plaine,146,2,148
Rapey,23,0,23
Raves,468,7,475
Rebeuville,283,7,290
Regnévelle,125,2,127
Regney,88,2,90
Rehaincourt,363,6,369
Rehaupal,211,6,217
Relanges,209,12,221
Remicourt,66,1,67
Remiremont,7714,299,8013
Remomeix,479,3,482
Remoncourt,594,10,604
Removille,214,4,218
Renauvoid,118,3,121
Repel,84,0,84
Robécourt,108,3,111
Rochesson,699,17,716
Rollainville,306,9,315
Romain-aux-Bois,48,0,48
Romont,391,9,400
Les Rouges-Eaux,88,3,91
Le Roulier,195,2,197
Rouvres-en-Xaintois,277,3,280
Rouvres-la-Chétive,450,9,459
Roville-aux-Chênes,369,161,530
Rozerotte,192,2,194
Rozières-sur-Mouzon,63,1,64
Rugney,141,3,144
Ruppes,140,2,142
Rupt-sur-Moselle,3525,67,3592
Saint-Amé,2154,40,2194
Saint-Baslemont,80,1,81
Saint-Benoît-la-Chipotte,417,9,426
Saint-Dié-des-Vosges,19607,530,20137
Saint-Étienne-lès-Remiremont,3840,82,3922
Saint-Genest,136,2,138
Saint-Gorgon,391,9,400
Saint-Jean-d'Ormont,122,0,122
Saint-Julien,110,2,112
Saint-Léonard,1355,22,1377
Saint-Maurice-sur-Mortagne,181,5,186
Saint-Maurice-sur-Moselle,1404,37,1441
Saint-Menge,126,1,127
Saint-Michel-sur-Meurthe,1864,58,1922
Saint-Nabord,4052,245,4297
Saint-Ouen-lès-Parey,495,13,508
Saint-Paul,156,3,159
Saint-Pierremont,153,3,156
Saint-Prancher,83,1,84
Saint-Remimont,224,6,230
Saint-Remy,519,12,531
Saint-Stail,73,1,74
Saint-Vallier,98,1,99
Sainte-Barbe,278,4,282
Sainte-Hélène,466,4,470
Sainte-Marguerite,2319,71,2390
La Salle,394,5,399
Sanchey,939,36,975
Sandaucourt,174,4,178
Sans-Vallois,133,2,135
Sapois,641,17,658
Sartes,99,2,101
Le Saulcy,327,11,338
Saulcy-sur-Meurthe,2330,55,2385
Saulxures-lès-Bulgnéville,252,2,254
Saulxures-sur-Moselotte,2588,86,2674
Sauville,183,7,190
Savigny,184,0,184
Senaide,181,1,182
Senones,2464,40,2504
Senonges,128,0,128
Seraumont,43,1,44
Sercœur,240,6,246
Serécourt,100,6,106
Serocourt,90,3,93
Sionne,140,1,141
Socourt,270,3,273
Soncourt,44,1,45
Soulosse-sous-Saint-Élophe,646,12,658
Suriauville,214,0,214
Le Syndicat,1898,41,1939
Taintrux,1543,42,1585
Tendon,516,8,524
They-sous-Montfort,127,5,132
Thiéfosse,593,15,608
Le Thillot,3438,56,3494
Thiraucourt,99,4,103
Le Tholy,1573,44,1617
Les Thons,105,1,106
Thuillières,120,3,123
Tignécourt,105,4,109
Tilleux,58,0,58
Tollaincourt,127,0,127
Totainville,121,1,122
Trampot,92,2,94
Tranqueville-Graux,103,1,104
Trémonzey,255,4,259
Ubexy,175,0,175
Uriménil,1355,23,1378
Urville,57,0,57
Uxegney,2294,66,2360
Uzemain,1055,30,1085
La Vacheresse-et-la-Rouillie,125,0,125
Vagney,3925,110,4035
Le Val-d'Ajol,3871,100,3971
Valfroicourt,241,5,246
Valleroy-aux-Saules,260,8,268
Valleroy-le-Sec,167,6,173
Les Vallois,118,4,122
Le Valtin,74,2,76
Varmonzey,28,1,29
Vaubexy,126,2,128
Vaudéville,162,6,168
Vaudoncourt,157,3,160
Vaxoncourt,452,8,460
Vecoux,870,21,891
Velotte-et-Tatignécourt,158,3,161
Ventron,838,14,852
Le Vermont,70,0,70
Vervezelle,132,5,137
Vexaincourt,157,3,160
Vicherey,195,4,199
Vienville,125,2,127
Vieux-Moulin,320,6,326
Ville-sur-Illon,558,12,570
Villers,209,7,216
Villoncourt,110,2,112
Villotte,153,0,153
Villouxel,82,2,84
Viménil,245,3,248
Vincey,2181,26,2207
Viocourt,156,5,161
Vioménil,145,2,147
Vittel,5071,145,5216
Viviers-le-Gras,199,3,202
Viviers-lès-Offroicourt,36,0,36
La Vôge-les-Bains,1624,123,1747
La Voivre,686,22,708
Les Voivres,310,9,319
Vomécourt,275,4,279
Vomécourt-sur-Madon,70,3,73
Vouxey,138,8,146
Vrécourt,370,4,374
Vroville,133,3,136
Wisembach,409,10,419
Xaffévillers,153,3,156
Xamontarupt,155,3,158
Xaronval,106,4,110
Xertigny,2611,49,2660
Xonrupt-Longemer,1522,49,1571
Zincourt,83,4,87
Aigremont,78,3,81
Aisy-sur-Armançon,245,11,256
Ancy-le-Franc,908,24,932
Ancy-le-Libre,183,5,188
Andryes,399,12,411
Angely,158,7,165
Annay-la-Côte,348,16,364
Annay-sur-Serein,219,3,222
Annéot,128,10,138
Annoux,86,3,89
Appoigny,3167,52,3219
Arces-Dilo,605,8,613
Arcy-sur-Cure,484,12,496
Argentenay,81,3,84
Argenteuil-sur-Armançon,213,2,215
Armeau,770,8,778
Arthonnay,152,1,153
Asnières-sous-Bois,126,2,128
Asquins,294,13,307
Athie,137,2,139
Augy,1059,41,1100
Auxerre,34634,1282,35916
Avallon,6572,219,6791
Bagneaux,209,5,214
Baon,75,6,81
Bassou,873,20,893
Bazarnes,424,9,433
Beaumont,630,12,642
Beauvilliers,76,3,79
Beauvoir,392,8,400
Beine,482,12,494
Bellechaume,441,14,455
La Belliole,252,5,257
Béon,510,5,515
Bernouil,108,0,108
Béru,76,1,77
Bessy-sur-Cure,190,3,193
Beugnon,307,14,321
Bierry-les-Belles-Fontaines,190,5,195
Blacy,103,1,104
Blannay,114,1,115
Bleigny-le-Carreau,295,7,302
Bléneau,1289,18,1307
Bois-d'Arcy,24,2,26
Bonnard,881,11,892
Les Bordes,551,8,559
Branches,451,10,461
Brannay,786,8,794
Brienon-sur-Armançon,3176,71,3247
Brion,629,14,643
Brosses,302,4,306
Bussières,125,2,127
Bussy-en-Othe,730,11,741
Bussy-le-Repos,452,11,463
Butteaux,255,4,259
Bœurs-en-Othe,343,7,350
Carisey,355,5,360
La Celle-Saint-Cyr,810,20,830
Censy,56,1,57
Cérilly,40,1,41
Cerisiers,984,25,1009
Cézy,1118,17,1135
Chablis,2274,44,2318
Chailley,540,13,553
Chamoux,101,0,101
Champcevrais,310,3,313
Champignelles,994,42,1036
Champigny,2204,40,2244
Champlay,721,11,732
Champlost,790,11,801
Champs-sur-Yonne,1574,92,1666
Chamvres,657,23,680
La Chapelle-sur-Oreuse,624,5,629
La Chapelle-Vaupelteigne,89,0,89
Charbuy,1865,47,1912
Charentenay,297,5,302
Charmoy,1150,22,1172
Charny Orée de Puisaye,4877,74,4951
Chassignelles,313,9,322
Chassy,460,12,472
Chastellux-sur-Cure,136,6,142
Châtel-Censoir,643,13,656
Châtel-Gérard,215,11,226
Chaumont,656,10,666
Chaumot,760,15,775
Chemilly-sur-Serein,148,7,155
Chemilly-sur-Yonne,910,21,931
Cheney,232,5,237
Cheny,2487,47,2534
Chéroy,1655,15,1670
Chéu,558,11,569
Chevannes,2178,62,2240
Chichée,311,11,322
Chichery,481,16,497
Chitry,353,9,362
Les Clérimois,297,7,304
Collan,172,6,178
Collemiers,660,16,676
Compigny,194,2,196
Cornant,357,5,362
Coulangeron,214,1,215
Coulanges-la-Vineuse,826,18,844
Coulanges-sur-Yonne,551,10,561
Coulours,133,3,136
Courgenay,565,8,573
Courgis,257,6,263
Courlon-sur-Yonne,1192,23,1215
Courson-les-Carrières,942,20,962
Courtoin,38,1,39
Courtois-sur-Yonne,769,24,793
Coutarnoux,141,4,145
Crain,399,9,408
Cruzy-le-Châtel,242,4,246
Cry,170,6,176
Cudot,345,4,349
Cussy-les-Forges,338,7,345
Cuy,862,13,875
Dannemoine,474,10,484
Deux Rivières,1260,29,1289
Diges,1141,37,1178
Dissangis,120,7,127
Dixmont,914,26,940
Dollot,322,2,324
Domats,819,15,834
Domecy-sur-Cure,388,12,400
Domecy-sur-le-Vault,88,3,91
Dracy,216,5,221
Druyes-les-Belles-Fontaines,279,5,284
Dyé,210,6,216
Égleny,448,9,457
Égriselles-le-Bocage,1295,39,1334
Épineau-les-Voves,742,15,757
Épineuil,597,15,612
Escamps,888,22,910
Escolives-Sainte-Camille,702,12,714
Esnon,392,7,399
Étais-la-Sauvin,629,26,655
Étaule,369,10,379
Étigny,752,24,776
Étivey,197,5,202
Évry,386,4,390
La Ferté-Loupière,532,9,541
Festigny,89,0,89
Flacy,111,2,113
Fleury-la-Vallée,1102,35,1137
Fleys,180,3,183
Flogny-la-Chapelle,1029,20,1049
Foissy-lès-Vézelay,128,2,130
Foissy-sur-Vanne,325,3,328
Fontaine-la-Gaillarde,509,25,534
Fontaines,475,4,479
Fontenay-près-Chablis,143,7,150
Fontenay-près-Vézelay,136,3,139
Fontenay-sous-Fouronnes,73,0,73
Fontenoy,296,8,304
Fouchères,469,9,478
Fournaudin,121,2,123
Fouronnes,164,2,166
Fresnes,66,0,66
Fulvy,131,3,134
Germigny,547,19,566
Gigny,99,2,101
Girolles,169,7,176
Gisy-les-Nobles,575,19,594
Givry,174,8,182
Gland,42,2,44
Grimault,120,5,125
Gron,1238,75,1313
Guillon-Terre-Plaine,760,8,768
Gurgy,1716,38,1754
Gy-l'Évêque,454,10,464
Hauterive,390,16,406
Les Hauts de Forterre,509,7,516
Héry,1809,54,1863
Irancy,279,6,285
Island,182,11,193
L' Isle-sur-Serein,662,13,675
Jaulges,550,5,555
Joigny,9580,346,9926
Jouancy,24,0,24
Joux-la-Ville,1181,19,1200
Jouy,524,15,539
Jully,147,7,154
Junay,76,0,76
Jussy,384,15,399
Lailly,192,5,197
Lain,182,4,186
Lainsecq,326,10,336
Lalande,136,2,138
Laroche-Saint-Cydroine,1252,23,1275
Lasson,146,1,147
Lavau,464,8,472
Leugny,341,12,353
Levis,225,6,231
Lézinnes,669,18,687
Lichères-près-Aigremont,161,4,165
Lichères-sur-Yonne,51,0,51
Lignorelles,192,9,201
Ligny-le-Châtel,1280,16,1296
Lindry,1387,42,1429
Lixy,450,10,460
Looze,446,17,463
Lucy-le-Bois,298,15,313
Lucy-sur-Cure,203,5,208
Lucy-sur-Yonne,134,2,136
Magny,866,22,888
Maillot,1166,31,1197
Mailly-la-Ville,511,12,523
Mailly-le-Château,554,6,560
Malay-le-Grand,1533,43,1576
Malay-le-Petit,339,11,350
Maligny,802,20,822
Marmeaux,93,2,95
Marsangy,849,19,868
Massangis,360,4,364
Mélisey,254,2,256
Menades,55,2,57
Mercy,81,1,82
Méré,197,2,199
Merry-la-Vallée,376,9,385
Merry-Sec,175,4,179
Merry-sur-Yonne,200,1,201
Mézilles,547,7,554
Michery,1048,21,1069
Migé,423,3,426
Migennes,7240,114,7354
Môlay,91,2,93
Molinons,277,7,284
Molosmes,175,8,183
Monéteau,3985,79,4064
Mont-Saint-Sulpice,795,15,810
Montacher-Villegardin,766,12,778
Montholon,2866,60,2926
Montigny-la-Resle,588,21,609
Montillot,274,6,280
Montréal,182,7,189
Mouffy,128,2,130
Moulins-en-Tonnerrois,103,2,105
Moulins-sur-Ouanne,298,3,301
Moutiers-en-Puisaye,289,3,292
Nailly,1299,36,1335
Neuvy-Sautour,914,34,948
Nitry,369,6,375
Noé,555,7,562
Noyers,580,14,594
Nuits,399,9,408
Les Ormes,346,2,348
Ormoy,681,12,693
Ouanne,606,16,622
Pacy-sur-Armançon,191,4,195
Pailly,306,3,309
Parly,819,14,833
Paron,4853,122,4975
Paroy-en-Othe,185,3,188
Paroy-sur-Tholon,284,12,296
Pasilly,46,2,48
Passy,342,10,352
Perceneige,950,22,972
Percey,252,4,256
Perrigny,1272,32,1304
Perrigny-sur-Armançon,131,1,132
Pierre-Perthuis,122,0,122
Piffonds,639,18,657
Pimelles,62,1,63
Pisy,76,1,77
Plessis-Saint-Jean,216,5,221
Poilly-sur-Serein,272,5,277
Poilly-sur-Tholon,688,17,705
Pont-sur-Vanne,194,8,202
Pont-sur-Yonne,3334,61,3395
Pontaubert,385,12,397
Pontigny,752,10,762
La Postolle,143,3,146
Pourrain,1403,34,1437
Précy-le-Sec,253,10,263
Précy-sur-Vrin,438,14,452
Prégilbert,181,1,182
Préhy,150,1,151
Provency,243,8,251
Quarré-les-Tombes,645,12,657
Quenne,472,15,487
Quincerot,60,2,62
Ravières,736,16,752
Roffey,141,4,145
Rogny-les-Sept-Écluses,675,19,694
Ronchères,96,1,97
Rosoy,1122,28,1150
Rousson,407,9,416
Rouvray,381,10,391
Rugny,78,1,79
Sainpuits,315,12,327
Saint-Agnan,951,25,976
Saint-André-en-Terre-Plaine,159,4,163
Saint-Aubin-sur-Yonne,411,6,417
Saint-Brancher,290,8,298
Saint-Bris-le-Vineux,1024,25,1049
Saint-Clément,2756,74,2830
Saint-Cyr-les-Colons,447,4,451
Saint-Denis-lès-Sens,723,30,753
Saint-Fargeau,1589,16,1605
Saint-Florentin,4362,65,4427
Saint-Georges-sur-Baulche,3230,144,3374
Saint-Germain-des-Champs,360,10,370
Saint-Julien-du-Sault,2348,55,2403
Saint-Léger-Vauban,360,8,368
Saint-Loup-d'Ordon,256,5,261
Saint-Martin-d'Ordon,413,4,417
Saint-Martin-des-Champs,282,7,289
Saint-Martin-du-Tertre,1567,45,1612
Saint-Martin-sur-Armançon,141,6,147
Saint-Maurice-aux-Riches-Hommes,420,5,425
Saint-Maurice-le-Vieil,373,6,379
Saint-Maurice-Thizouaille,263,2,265
Saint-Moré,178,5,183
Saint-Père,310,4,314
Saint-Privé,521,15,536
Saint-Sauveur-en-Puisaye,885,17,902
Saint-Sérotin,557,8,565
Saint-Valérien,1681,30,1711
Sainte-Colombe,200,6,206
Sainte-Magnance,477,7,484
Sainte-Pallaye,109,0,109
Sainte-Vertu,90,0,90
Saints-en-Puisaye,561,10,571
Saligny,668,10,678
Sambourg,78,3,81
Santigny,97,3,100
Sarry,161,4,165
Sauvigny-le-Beuréal,73,0,73
Sauvigny-le-Bois,708,25,733
Savigny-en-Terre-Plaine,153,3,156
Savigny-sur-Clairis,459,7,466
Seignelay,1522,38,1560
Sementron,110,3,113
Senan,700,24,724
Sennevoy-le-Bas,86,3,89
Sennevoy-le-Haut,118,1,119
Sens,25935,584,26519
Sépeaux-Saint Romain,559,15,574
Serbonnes,626,10,636
Sergines,1287,27,1314
Sermizelles,256,8,264
Serrigny,113,2,115
Sery,91,1,92
Les Sièges,414,8,422
Sommecaise,369,6,375
Sormery,349,5,354
Soucy,1589,45,1634
Sougères-en-Puisaye,318,5,323
Soumaintrain,218,4,222
Stigny,94,10,104
Subligny,510,8,518
Talcy,74,2,76
Tanlay,998,33,1031
Tannerre-en-Puisaye,283,8,291
Tharoiseau,62,1,63
Tharot,93,5,98
Thizy,197,9,206
Thorey,29,0,29
Thorigny-sur-Oreuse,1456,31,1487
Thory,203,3,206
Thury,439,8,447
Tissey,102,2,104
Tonnerre,4575,186,4761
Toucy,2662,140,2802
Treigny-Perreuse-Sainte-Colombe,994,20,1014
Trichey,42,2,44
Tronchoy,127,0,127
Trucy-sur-Yonne,139,6,145
Turny,681,20,701
Le Val d'Ocre,566,7,573
Val-de-Mercy,391,12,403
Vallan,680,19,699
Les Vallées de la Vanne,1078,25,1103
Vallery,556,3,559
Valravillon,1762,45,1807
Varennes,323,8,331
Vassy-sous-Pisy,71,1,72
Vaudeurs,476,9,485
Vault-de-Lugny,292,5,297
Vaumort,364,4,368
Venizy,902,15,917
Venouse,303,10,313
Venoy,1800,191,1991
Vergigny,1549,23,1572
Verlin,425,3,428
Vermenton,1289,27,1316
Vernoy,245,4,249
Véron,1955,38,1993
Vézannes,49,2,51
Vézelay,428,4,432
Vézinnes,159,5,164
Villeblevin,1865,31,1896
Villebougis,630,21,651
Villechétive,241,4,245
Villecien,405,6,411
Villefargeau,1107,29,1136
Villemanoche,670,9,679
Villenavotte,176,7,183
Villeneuve-l'Archevêque,1131,22,1153
Villeneuve-la-Dondagre,301,0,301
Villeneuve-la-Guyard,3465,48,3513
Villeneuve-les-Genêts,281,3,284
Villeneuve-Saint-Salves,253,4,257
Villeneuve-sur-Yonne,5219,83,5302
Villeperrot,323,1,324
Villeroy,390,10,400
Villethierry,838,15,853
Villevallier,424,50,474
Villiers-les-Hauts,125,7,132
Villiers-Louis,457,15,472
Villiers-Saint-Benoît,476,9,485
Villiers-Vineux,282,4,286
Villon,110,4,114
Villy,107,2,109
Vincelles,930,20,950
Vincelottes,279,6,285
Vinneuf,1548,22,1570
Vireaux,131,6,137
Viviers,127,1,128
Voisines,498,16,514
Voutenay-sur-Cure,214,4,218
Yrouerre,159,5,164
Andelnans,1199,22,1221
Angeot,345,8,353
Anjoutey,603,22,625
Argiésans,461,13,474
Autrechêne,280,9,289
Auxelles-Bas,463,14,477
Auxelles-Haut,289,8,297
Banvillars,282,5,287
Bavilliers,4726,110,4836
Beaucourt,5007,63,5070
Belfort,47656,767,48423
Bermont,391,9,400
Bessoncourt,1245,31,1276
Bethonvilliers,248,11,259
Boron,480,8,488
Botans,242,9,251
Bourg-sous-Châtelet,118,2,120
Bourogne,1896,25,1921
Brebotte,385,7,392
Bretagne,265,6,271
Buc,283,9,292
Charmois,340,4,344
Châtenois-les-Forges,2750,56,2806
Chaux,1147,30,1177
Chavanatte,154,3,157
Chavannes-les-Grands,338,4,342
Chèvremont,1600,40,1640
Courcelles,120,0,120
Courtelevant,419,7,426
Cravanche,1957,55,2012
Croix,165,3,168
Cunelières,355,14,369
Danjoutin,3715,64,3779
Delle,5690,87,5777
Denney,762,26,788
Dorans,751,9,760
Eguenigue,274,9,283
Éloie,948,26,974
Essert,3306,98,3404
Étueffont,1491,47,1538
Évette-Salbert,2055,67,2122
Faverois,574,8,582
Fêche-l'Église,768,13,781
Felon,244,5,249
Florimont,446,6,452
Fontaine,603,14,617
Fontenelle,127,3,130
Foussemagne,921,18,939
Frais,219,6,225
Froidefontaine,456,8,464
Giromagny,3064,85,3149
Grandvillars,2974,61,3035
Grosmagny,524,7,531
Grosne,329,2,331
Joncherey,1353,27,1380
Lachapelle-sous-Chaux,741,26,767
Lachapelle-sous-Rougemont,580,6,586
Lacollonge,228,7,235
Lagrange,129,3,132
Lamadeleine-Val-des-Anges,40,2,42
Larivière,301,10,311
Lebetain,421,9,430
Lepuix,1154,20,1174
Lepuix-Neuf,298,4,302
Leval,241,1,242
Menoncourt,390,17,407
Meroux-Moval,1307,30,1337
Méziré,1334,25,1359
Montbouton,405,10,415
Montreux-Château,1181,14,1195
Morvillars,1078,22,1100
Novillard,299,4,303
Offemont,4108,96,4204
Pérouse,1169,30,1199
Petit-Croix,299,7,306
Petitefontaine,190,5,195
Petitmagny,298,6,304
Phaffans,451,12,463
Réchésy,786,14,800
Recouvrance,108,1,109
Reppe,342,10,352
Riervescemont,100,2,102
Romagny-sous-Rougemont,218,6,224
Roppe,1045,18,1063
Rougegoutte,976,25,1001
Rougemont-le-Château,1479,64,1543
Saint-Dizier-l'Évêque,428,11,439
Saint-Germain-le-Châtelet,644,24,668
Sermamagny,860,19,879
Sevenans,701,17,718
Suarce,436,3,439
Thiancourt,290,8,298
Trévenans,1248,32,1280
Urcerey,233,10,243
Valdoie,5300,235,5535
Vauthiermont,210,12,222
Vellescot,255,6,261
Vescemont,746,24,770
Vétrigne,638,22,660
Vézelois,953,17,970
Villars-le-Sec,181,2,183
Abbéville-la-Rivière,303,7,310
Angerville,4270,67,4337
Angervilliers,1673,24,1697
Arpajon,10378,89,10467
Arrancourt,152,4,156
Athis-Mons,34347,377,34724
Authon-la-Plaine,373,6,379
Auvernaux,324,1,325
Auvers-Saint-Georges,1283,21,1304
Avrainville,985,7,992
Ballainvilliers,4581,43,4624
Ballancourt-sur-Essonne,7597,99,7696
Baulne,1315,14,1329
Bièvres,4639,111,4750
Blandy,120,2,122
Boigneville,389,10,399
Bois-Herpin,77,1,78
Boissy-la-Rivière,526,7,533
Boissy-le-Cutté,1319,13,1332
Boissy-le-Sec,683,11,694
Boissy-sous-Saint-Yon,3868,47,3915
Bondoufle,9538,135,9673
Boullay-les-Troux,643,21,664
Bouray-sur-Juine,2184,27,2211
Boussy-Saint-Antoine,7552,72,7624
Boutervilliers,425,6,431
Boutigny-sur-Essonne,2998,41,3039
Bouville,648,16,664
Brétigny-sur-Orge,26528,313,26841
Breuillet,8394,119,8513
Breux-Jouy,1245,11,1256
Brières-les-Scellés,1250,8,1258
Briis-sous-Forges,3408,38,3446
Brouy,133,4,137
Brunoy,25669,427,26096
Bruyères-le-Châtel,3302,36,3338
Buno-Bonnevaux,442,7,449
Bures-sur-Yvette,9804,193,9997
Cerny,3336,163,3499
Chalo-Saint-Mars,1054,28,1082
Chalou-Moulineux,431,3,434
Chamarande,1147,14,1161
Champcueil,2867,57,2924
Champlan,2761,18,2779
Champmotteux,368,6,374
Chatignonville,64,1,65
Chauffour-lès-Étréchy,134,0,134
Cheptainville,2055,29,2084
Chevannes,1621,28,1649
Chilly-Mazarin,20181,139,20320
Congerville-Thionville,221,7,228
Corbeil-Essonnes,51292,280,51572
Corbreuse,1741,30,1771
Le Coudray-Montceaux,4865,45,4910
Courances,342,10,352
Courdimanche-sur-Essonne,267,7,274
Courson-Monteloup,572,8,580
Crosne,9231,58,9289
D'Huison-Longueville,1508,25,1533
Dannemois,822,6,828
Dourdan,10806,184,10990
Draveil,28833,242,29075
Écharcon,786,17,803
Égly,5865,46,5911
Épinay-sous-Sénart,12446,85,12531
Épinay-sur-Orge,11270,125,11395
Étampes,25092,165,25257
Étiolles,3161,152,3313
Étréchy,6541,93,6634
Évry-Courcouronnes,67967,526,68493
La Ferté-Alais,3800,57,3857
Fleury-Mérogis,12673,16,12689
Fontaine-la-Rivière,212,4,216
Fontenay-le-Vicomte,1540,24,1564
Fontenay-lès-Briis,2149,26,2175
La Forêt-le-Roi,524,5,529
La Forêt-Sainte-Croix,162,1,163
Forges-les-Bains,3851,75,3926
Gif-sur-Yvette,21379,615,21994
Gironville-sur-Essonne,763,18,781
Gometz-la-Ville,1483,24,1507
Gometz-le-Châtel,2752,35,2787
Les Granges-le-Roi,1198,24,1222
Grigny,28737,125,28862
Guibeville,707,12,719
Guigneville-sur-Essonne,930,17,947
Guillerval,819,11,830
Igny,10052,353,10405
Itteville,6585,61,6646
Janville-sur-Juine,1962,47,2009
Janvry,636,10,646
Juvisy-sur-Orge,16667,128,16795
Lardy,5526,74,5600
Leudeville,1463,25,1488
Leuville-sur-Orge,4471,57,4528
Limours,6625,125,6750
Linas,6785,54,6839
Lisses,7445,59,7504
Longjumeau,21221,169,21390
Longpont-sur-Orge,6338,51,6389
Maisse,2719,32,2751
Marcoussis,8139,161,8300
Marolles-en-Beauce,233,3,236
Marolles-en-Hurepoix,5388,52,5440
Massy,50833,309,51142
Mauchamps,275,2,277
Mennecy,14319,332,14651
Le Mérévillois,3347,43,3390
Mérobert,614,9,623
Mespuits,211,4,215
Milly-la-Forêt,4609,88,4697
Moigny-sur-École,1253,16,1269
Les Molières,1914,48,1962
Mondeville,727,14,741
Monnerville,382,5,387
Montgeron,23775,290,24065
Montlhéry,7593,236,7829
Morangis,13729,73,13802
Morigny-Champigny,4346,106,4452
Morsang-sur-Orge,20909,174,21083
Morsang-sur-Seine,526,39,565
Nainville-les-Roches,470,11,481
La Norville,4097,42,4139
Nozay,4642,73,4715
Ollainville,4722,59,4781
Oncy-sur-École,1038,22,1060
Ormoy,2046,20,2066
Ormoy-la-Rivière,921,60,981
Orsay,16421,332,16753
Orveau,193,7,200
Palaiseau,35514,367,35881
Paray-Vieille-Poste,7457,55,7512
Pecqueuse,549,17,566
Le Plessis-Pâté,4103,59,4162
Plessis-Saint-Benoist,330,2,332
Prunay-sur-Essonne,295,5,300
Puiselet-le-Marais,266,4,270
Pussay,2200,31,2231
Quincy-sous-Sénart,9021,43,9064
Richarville,397,6,403
Ris-Orangis,29225,193,29418
Roinville,1393,23,1416
Roinvilliers,107,1,108
Saclas,1806,24,1830
Saclay,4029,54,4083
Saint-Aubin,703,21,724
Saint-Chéron,5072,77,5149
Saint-Cyr-la-Rivière,517,9,526
Saint-Cyr-sous-Dourdan,978,23,1001
Saint-Escobille,562,3,565
Saint-Germain-lès-Arpajon,10707,72,10779
Saint-Germain-lès-Corbeil,7493,99,7592
Saint-Hilaire,408,9,417
Saint-Jean-de-Beauregard,441,6,447
Saint-Maurice-Montcouronne,1564,36,1600
Saint-Michel-sur-Orge,19758,144,19902
Saint-Pierre-du-Perray,10835,109,10944
Saint-Sulpice-de-Favières,294,5,299
Saint-Vrain,3059,52,3111
Saint-Yon,894,10,904
Sainte-Geneviève-des-Bois,36207,320,36527
Saintry-sur-Seine,5720,54,5774
Saulx-les-Chartreux,5886,41,5927
Savigny-sur-Orge,36533,284,36817
Sermaise,1622,39,1661
Soisy-sur-École,1269,21,1290
Soisy-sur-Seine,7154,133,7287
Souzy-la-Briche,428,8,436
Tigery,4017,73,4090
Torfou,272,10,282
Les Ulis,25208,153,25361
Le Val-Saint-Germain,1475,31,1506
Valpuiseaux,612,11,623
Varennes-Jarcy,2310,30,2340
Vaugrigneuse,1287,17,1304
Vauhallan,2059,32,2091
Vayres-sur-Essonne,929,67,996
Verrières-le-Buisson,15242,336,15578
Vert-le-Grand,2322,28,2350
Vert-le-Petit,2790,37,2827
Videlles,600,17,617
Vigneux-sur-Seine,31574,178,31752
Villabé,5438,40,5478
La Ville-du-Bois,7753,62,7815
Villebon-sur-Yvette,10489,168,10657
Villeconin,724,22,746
Villejust,2385,16,2401
Villemoisson-sur-Orge,6996,88,7084
Villeneuve-sur-Auvers,617,13,630
Villiers-le-Bâcle,1237,16,1253
Villiers-sur-Orge,4548,37,4585
Viry-Châtillon,31093,224,31317
Wissous,7470,74,7544
Yerres,29029,234,29263
Antony,62570,749,63319
Asnières-sur-Seine,85191,684,85875
Bagneux,40918,193,41111
Bois-Colombes,28239,237,28476
Boulogne-Billancourt,120071,1178,121249
Bourg-la-Reine,20667,342,21009
Châtenay-Malabry,33286,378,33664
Châtillon,37355,341,37696
Chaville,20520,325,20845
Clamart,52971,538,53509
Clichy,61070,309,61379
Colombes,85177,598,85775
Courbevoie,81719,608,82327
Fontenay-aux-Roses,24564,245,24809
Garches,17869,415,18284
La Garenne-Colombes,29169,245,29414
Gennevilliers,46907,262,47169
Issy-les-Moulineaux,68451,826,69277
Levallois-Perret,64379,543,64922
Malakoff,30720,212,30932
Marnes-la-Coquette,1810,52,1862
Meudon,45352,657,46009
Montrouge,50260,221,50481
Nanterre,95105,634,95739
Neuilly-sur-Seine,60361,935,61296
Le Plessis-Robinson,29100,149,29249
Puteaux,44645,260,44905
Rueil-Malmaison,78152,1593,79745
Saint-Cloud,29973,609,30582
Sceaux,19344,368,19712
Sèvres,23507,403,23910
Suresnes,48264,472,48736
Vanves,27729,277,28006
Vaucresson,8667,326,8993
Ville-d'Avray,11453,317,11770
Villeneuve-la-Garenne,23771,110,23881
Aubervilliers,86375,222,86597
Aulnay-sous-Bois,85740,440,86180
Bagnolet,35674,123,35797
Le Blanc-Mesnil,56783,246,57029
Bobigny,53640,174,53814
Bondy,53353,187,53540
Le Bourget,16594,49,16643
Clichy-sous-Bois,29348,85,29433
Coubron,4833,30,4863
La Courneuve,43054,149,43203
Drancy,71318,287,71605
Dugny,10732,40,10772
Épinay-sur-Seine,55084,153,55237
Gagny,39358,177,39535
Gournay-sur-Marne,6869,64,6933
L' Île-Saint-Denis,7981,35,8016
Les Lilas,23045,123,23168
Livry-Gargan,44437,224,44661
Montfermeil,26783,106,26889
Montreuil,109897,577,110474
Neuilly-Plaisance,21150,118,21268
Neuilly-sur-Marne,34993,119,35112
Noisy-le-Grand,68183,332,68515
Noisy-le-Sec,44136,138,44274
Pantin,57482,186,57668
Les Pavillons-sous-Bois,23962,98,24060
Pierrefitte-sur-Seine,30306,81,30387
Le Pré-Saint-Gervais,17950,90,18040
Le Raincy,14648,228,14876
Romainville,27567,88,27655
Rosny-sous-Bois,46207,188,46395
Saint-Denis,111135,813,111948
Saint-Ouen-sur-Seine,51108,160,51268
Sevran,51016,185,51201
Stains,38720,103,38823
Tremblay-en-France,36180,165,36345
Vaujours,7030,87,7117
Villemomble,29964,188,30152
Villepinte,36830,104,36934
Villetaneuse,13646,60,13706
Ablon-sur-Seine,5785,26,5811
Alfortville,43881,182,44063
Arcueil,21501,131,21632
Boissy-Saint-Léger,16345,81,16426
Bonneuil-sur-Marne,17950,89,18039
Bry-sur-Marne,16624,181,16805
Cachan,31069,473,31542
Champigny-sur-Marne,77630,362,77992
Charenton-le-Pont,30374,194,30568
Chennevières-sur-Marne,18321,123,18444
Chevilly-Larue,19491,87,19578
Choisy-le-Roi,45331,221,45552
Créteil,90605,515,91120
Fontenay-sous-Bois,52939,479,53418
Fresnes,27802,103,27905
Gentilly,18605,102,18707
L' Haÿ-les-Roses,31204,160,31364
Ivry-sur-Seine,62052,242,62294
Joinville-le-Pont,19133,149,19282
Le Kremlin-Bicêtre,25334,134,25468
Limeil-Brévannes,27228,108,27336
Maisons-Alfort,55655,333,55988
Mandres-les-Roses,4755,39,4794
Marolles-en-Brie,4847,101,4948
Nogent-sur-Marne,32851,227,33078
Noiseau,4651,43,4694
Orly,23801,201,24002
Ormesson-sur-Marne,10305,101,10406
Périgny,2668,24,2692
Le Perreux-sur-Marne,33879,282,34161
Le Plessis-Trévise,20130,85,20215
La Queue-en-Brie,11931,130,12061
Rungis,5611,66,5677
Saint-Mandé,22619,216,22835
Saint-Maur-des-Fossés,74859,900,75759
Saint-Maurice,14056,97,14153
Santeny,3775,57,3832
Sucy-en-Brie,26472,237,26709
Thiais,29017,230,29247
Valenton,14796,69,14865
Villecresnes,10458,58,10516
Villejuif,54753,294,55047
Villeneuve-le-Roi,21384,97,21481
Villeneuve-Saint-Georges,33545,91,33636
Villiers-sur-Marne,28456,111,28567
Vincennes,49891,376,50267
Vitry-sur-Seine,93557,502,94059
Ableiges,1161,8,1169
Aincourt,916,14,930
Ambleville,372,10,382
Amenucourt,210,6,216
Andilly,2590,55,2645
Argenteuil,110210,629,110839
Arnouville,14227,86,14313
Arronville,656,3,659
Arthies,278,5,283
Asnières-sur-Oise,2650,36,2686
Attainville,1702,8,1710
Auvers-sur-Oise,6908,107,7015
Avernes,852,22,874
Baillet-en-France,1957,16,1973
Banthelu,154,2,156
Beauchamp,8683,92,8775
Beaumont-sur-Oise,9576,93,9669
Le Bellay-en-Vexin,234,5,239
Bellefontaine,485,7,492
Belloy-en-France,2189,8,2197
Bernes-sur-Oise,2708,27,2735
Berville,352,3,355
Bessancourt,7318,55,7373
Béthemont-la-Forêt,414,3,417
Bezons,29383,125,29508
Boisemont,745,16,761
Boissy-l'Aillerie,1816,32,1848
Bonneuil-en-France,1076,3,1079
Bouffémont,6327,56,6383
Bouqueval,306,2,308
Bray-et-Lû,957,13,970
Bréançon,373,8,381
Brignancourt,206,3,209
Bruyères-sur-Oise,4323,28,4351
Buhy,325,2,327
Butry-sur-Oise,2272,24,2296
Cergy,65177,470,65647
Champagne-sur-Oise,5018,41,5059
La Chapelle-en-Vexin,333,5,338
Charmont,36,0,36
Chars,2110,17,2127
Châtenay-en-France,74,1,75
Chaumontel,3261,55,3316
Chaussy,591,15,606
Chauvry,299,5,304
Chennevières-lès-Louvres,306,3,309
Chérence,138,4,142
Cléry-en-Vexin,459,7,466
Commeny,483,3,486
Condécourt,556,1,557
Cormeilles-en-Parisis,24161,193,24354
Cormeilles-en-Vexin,1402,14,1416
Courcelles-sur-Viosne,268,6,274
Courdimanche,6681,110,6791
Deuil-la-Barre,22306,191,22497
Domont,15514,204,15718
Eaubonne,25097,333,25430
Écouen,7188,48,7236
Enghien-les-Bains,11228,141,11369
Ennery,2430,26,2456
Épiais-lès-Louvres,107,0,107
Épiais-Rhus,615,16,631
Épinay-Champlâtreux,68,0,68
Éragny,17354,111,17465
Ermont,29108,240,29348
Ézanville,9775,61,9836
Fontenay-en-Parisis,1980,15,1995
Fosses,9679,65,9744
Franconville,36762,210,36972
Frémainville,499,10,509
Frémécourt,572,8,580
Frépillon,3337,32,3369
La Frette-sur-Seine,4686,40,4726
Frouville,358,8,366
Garges-lès-Gonesse,42728,125,42853
Genainville,543,19,562
Génicourt,528,8,536
Gonesse,25999,133,26132
Goussainville,30637,150,30787
Gouzangrez,165,1,166
Grisy-les-Plâtres,696,12,708
Groslay,8778,82,8860
Guiry-en-Vexin,155,3,158
Haravilliers,550,6,556
Haute-Isle,278,5,283
Le Heaulme,211,1,212
Hédouville,282,8,290
Herblay-sur-Seine,29342,229,29571
Hérouville-en-Vexin,605,13,618
Hodent,214,3,217
L' Isle-Adam,12057,212,12269
Jagny-sous-Bois,258,2,260
Jouy-le-Moutier,16035,122,16157
Labbeville,626,7,633
Lassy,176,3,179
Livilliers,385,9,394
Longuesse,542,6,548
Louvres,10337,79,10416
Luzarches,4551,69,4620
Maffliers,1843,17,1860
Magny-en-Vexin,5653,62,5715
Mareil-en-France,698,9,707
Margency,2887,51,2938
Marines,3481,62,3543
Marly-la-Ville,5677,44,5721
Maudétour-en-Vexin,189,2,191
Menouville,60,0,60
Menucourt,5771,53,5824
Mériel,5083,43,5126
Méry-sur-Oise,9892,100,9992
Le Mesnil-Aubry,921,9,930
Moisselles,1347,3,1350
Montgeroult,369,3,372
Montigny-lès-Cormeilles,21601,117,21718
Montlignon,2978,90,3068
Montmagny,14173,65,14238
Montmorency,21461,271,21732
Montreuil-sur-Epte,417,10,427
Montsoult,3482,34,3516
Mours,1609,11,1620
Moussy,130,2,132
Nerville-la-Forêt,663,3,666
Nesles-la-Vallée,1843,33,1876
Neuilly-en-Vexin,208,4,212
Neuville-sur-Oise,2048,27,2075
Nointel,816,7,823
Noisy-sur-Oise,665,4,669
Nucourt,712,15,727
Omerville,319,8,327
Osny,16910,225,17135
Parmain,5549,93,5642
Le Perchay,541,4,545
Persan,12695,40,12735
Pierrelaye,8393,38,8431
Piscop,676,69,745
Le Plessis-Bouchard,8408,69,8477
Le Plessis-Gassot,71,0,71
Le Plessis-Luzarches,136,1,137
Pontoise,30767,667,31434
Presles,3904,52,3956
Puiseux-en-France,3523,40,3563
Puiseux-Pontoise,603,12,615
La Roche-Guyon,478,37,515
Roissy-en-France,2883,25,2908
Ronquerolles,872,7,879
Sagy,1114,26,1140
Saint-Brice-sous-Forêt,14883,79,14962
Saint-Clair-sur-Epte,996,14,1010
Saint-Cyr-en-Arthies,244,1,245
Saint-Gervais,920,19,939
Saint-Gratien,20682,177,20859
Saint-Leu-la-Forêt,15798,168,15966
Saint-Martin-du-Tertre,2778,13,2791
Saint-Ouen-l'Aumône,23741,112,23853
Saint-Prix,7158,106,7264
Saint-Witz,2383,105,2488
Sannois,26662,358,27020
Santeuil,672,6,678
Sarcelles,58587,262,58849
Seraincourt,1299,14,1313
Seugy,999,14,1013
Soisy-sous-Montmorency,18155,186,18341
Survilliers,4171,25,4196
Taverny,26441,189,26630
Théméricourt,297,6,303
Theuville,45,0,45
Le Thillay,4557,21,4578
Us,1322,12,1334
Vallangoujard,612,14,626
Valmondois,1195,21,1216
Vaudherland,92,0,92
Vauréal,16464,213,16677
Vémars,2471,23,2494
Vétheuil,857,20,877
Viarmes,5175,65,5240
Vienne-en-Arthies,416,7,423
Vigny,1089,23,1112
Villaines-sous-Bois,776,7,783
Villeron,1001,9,1010
Villers-en-Arthies,503,10,513
Villiers-Adam,859,11,870
Villiers-le-Bel,27676,132,27808
Villiers-le-Sec,185,3,188
Wy-dit-Joli-Village,333,7,340
Les Abymes,53491,558,54049
Anse-Bertrand,4275,68,4343
Baie-Mahault,30929,475,31404
Baillif,5605,98,5703
Basse-Terre,10058,247,10305
Bouillante,7024,111,7135
Capesterre-Belle-Eau,18270,147,18417
Capesterre-de-Marie-Galante,3301,44,3345
Deshaies,4081,64,4145
La Désirade,1448,34,1482
Le Gosier,26783,313,27096
Gourbeyre,7795,184,7979
Goyave,7555,136,7691
Grand-Bourg,5012,135,5147
Lamentin,16573,318,16891
Morne-à-l'Eau,17434,203,17637
Le Moule,22150,239,22389
Petit-Bourg,24277,511,24788
Petit-Canal,8220,150,8370
Pointe-à-Pitre,15923,125,16048
Pointe-Noire,6107,133,6240
Port-Louis,5704,61,5765
Saint-Claude,10381,242,10623
Saint-François,12816,173,12989
Saint-Louis,2447,54,2501
Sainte-Anne,23675,276,23951
Sainte-Rose,19162,340,19502
Terre-de-Bas,1046,21,1067
Terre-de-Haut,1532,39,1571
Trois-Rivières,8124,182,8306
Vieux-Fort,1845,31,1876
Vieux-Habitants,7210,188,7398
L' Ajoupa-Bouillon,1874,33,1907
Les Anses-d'Arlet,3587,53,3640
Basse-Pointe,3026,45,3071
Bellefontaine,1721,107,1828
Le Carbet,3535,48,3583
Case-Pilote,4454,69,4523
Le Diamant,5642,74,5716
Ducos,17367,290,17657
Fonds-Saint-Denis,730,12,742
Fort-de-France,80041,965,81006
Le François,16949,313,17262
Grand'Rivière,721,10,731
Gros-Morne,9869,79,9948
Le Lamentin,39809,662,40471
Le Lorrain,6878,77,6955
Macouba,1074,9,1083
Le Marigot,3196,33,3229
Le Marin,8791,146,8937
Le Morne-Rouge,5114,60,5174
Le Morne-Vert,1834,26,1860
Le Prêcheur,1304,24,1328
Rivière-Pilote,11935,132,12067
Rivière-Salée,12168,219,12387
Le Robert,22719,209,22928
Saint-Esprit,9432,88,9520
Saint-Joseph,16232,228,16460
Saint-Pierre,4123,55,4178
Sainte-Anne,4298,58,4356
Sainte-Luce,9816,221,10037
Sainte-Marie,15932,150,16082
Schœlcher,19997,225,20222
La Trinité,12243,173,12416
Les Trois-Îlets,7339,127,7466
Le Vauclin,8844,97,8941
Apatou,9241,4,9245
Awala-Yalimapo,1411,12,1423
Camopi,1805,23,1828
Cayenne,61268,377,61645
Grand-Santi,7918,33,7951
Iracoubo,1799,20,1819
Kourou,25685,228,25913
Macouria,14202,153,14355
Mana,10894,165,11059
Maripasoula,13227,124,13351
Matoury,31956,277,32233
Montsinéry-Tonnegrande,2589,20,2609
Ouanary,200,1,201
Papaichton,6668,21,6689
Régina,876,25,901
Remire-Montjoly,25122,416,25538
Roura,3783,59,3842
Saint-Élie,242,1,243
Saint-Georges,4131,89,4220
Saint-Laurent-du-Maroni,42612,324,42936
Saül,152,8,160
Sinnamary,2919,44,2963
Les Avirons,11345,166,11511
Bras-Panon,12811,181,12992
Cilaos,5456,81,5537
Entre-Deux,6902,67,6969
L' Étang-Salé,13894,209,14103
Petite-Île,12162,111,12273
La Plaine-des-Palmistes,6565,94,6659
Le Port,34128,310,34438
La Possession,33020,354,33374
Saint-André,56268,421,56689
Saint-Benoît,37759,254,38013
Saint-Denis,147931,1382,149313
Saint-Joseph,37644,522,38166
Saint-Leu,33576,454,34030
Saint-Louis,53365,591,53956
Saint-Paul,104519,1368,105887
Saint-Philippe,5260,53,5313
Saint-Pierre,84212,871,85083
Sainte-Marie,33839,391,34230
Sainte-Rose,6418,79,6497
Sainte-Suzanne,23505,199,23704
Salazie,7312,75,7387
Le Tampon,78629,1076,79705
Les Trois-Bassins,7139,95,7234
